0.00290477428771868,0.000875809545146012,0.00570428775992273,0.00716274298903407,0.00697746424389183,0.0017048040280576,0.00307711753211012,0.00647606354089628,0.00902214793387134,0.00856133443686561,0.00265411456107984,0.00435462115667585,0.00308379175543571,0.00381453583405343,0.00767399738184976,0.00387846906497506,0.00434316172682848,0.00552073902863063,0.00277971849151294,0.00653715233760438
0.00289786883570191,0.000874866875016974,0.00569494761136948,0.00715237817170033,0.00696868695258968,0.00170135073064101,0.00307200405953775,0.00646577093935114,0.00901730871341973,0.00855269046473117,0.00265170218074607,0.00435054503533722,0.00307965245611501,0.00381046045959499,0.00766386099214955,0.0038723041146607,0.0043389043084841,0.00551242288669432,0.00277552477994795,0.00654410679492268
0.00290683336682053,0.000875878311972418,0.00570213422155466,0.00716331474312554,0.00697800870982833,0.00170409574337015,0.00307634766699677,0.00647779263567052,0.00903812369723094,0.00856067823194116,0.00265467463074103,0.00436268161886848,0.00308252739738558,0.00381569360694865,0.0076811163098695,0.00388118290272269,0.0043436327410864,0.00552098709108801,0.00277858954240653,0.00654085507443188
0.00289934840102777,0.000875996834288904,0.00570228210597307,0.00715866353652234,0.00697713976880143,0.0017026203338543,0.00307626440677239,0.00647434829099384,0.00902817441575668,0.00855796514645004,0.00265453471120783,0.00435557533982584,0.00308244832720657,0.00381368354897503,0.00767065391768084,0.0038770044395143,0.00434080582003622,0.00551577372273923,0.00277930379137598,0.00653797741556639
0.00290110917380938,0.000875445459177883,0.00569352971784538,0.00716140655553686,0.00697252159808555,0.00170480313147117,0.00307121435818032,0.00647381265908657,0.00902770839471909,0.00855723616820575,0.00265329698753441,0.00435503494472803,0.00307988061223063,0.00381384781167544,0.00767088100405415,0.00387162015168214,0.00434727892606765,0.00551510356303891,0.0027804637267632,0.00653956987397452
0.00290629033482354,0.000875920669943618,0.00570214328878875,0.00716249812565644,0.00697888671595593,0.00170401519480866,0.00308077957778692,0.0064759313896303,0.00902838674519961,0.00855942384831258,0.00265531540977691,0.00435636391087036,0.0030854215307462,0.00382022317705702,0.00767974579441468,0.00387951117045339,0.00434443110673812,0.00552094135902263,0.0027772702444481,0.00653893546032255
0.00290625538809478,0.000875972724249616,0.00570128698896065,0.00716155169002467,0.00697547925596093,0.00170575718537866,0.00308015994226713,0.00647669004204689,0.00903817950794797,0.0085666194264089,0.00265418864629524,0.00436459236194857,0.00308828936970397,0.00382134508917129,0.00768009953981991,0.00388366804202683,0.00435006183694163,0.00551897199318309,0.0027835793863079,0.006544444911567
0.00289870230867012,0.000874835608646524,0.00569745123682178,0.00715814316849248,0.00696771091664699,0.00170200541606321,0.00307285057828951,0.00646797197750859,0.00901757191262896,0.00855140398772913,0.00265090567891554,0.00435064285611669,0.00307942764274384,0.00381024942931365,0.00766342120129274,0.00387329168441508,0.00433899006667176,0.00551178733229963,0.00277590841765646,0.00653241252951267
0.00290433210901196,0.000875888235417253,0.00570103259036076,0.00716176507148551,0.00697762906083702,0.00170353133114657,0.003074885094423,0.00647380105120471,0.00903410012602146,0.00855831798516522,0.00265579528431065,0.00435525469339839,0.00308519620647866,0.00381342056742486,0.00767112393455987,0.00387978056600227,0.00434254764465115,0.00552132916412597,0.00277842662722676,0.00654371194549205
0.00290088319521879,0.000875949752203362,0.00570323883246737,0.00716009557865559,0.00697588421508296,0.00170473749436151,0.00307590654673407,0.0064812346189752,0.0090332885150925,0.00856200111893598,0.00265589649223799,0.00435579853652679,0.0030834970858029,0.00381591291992306,0.00767264368940075,0.0038791473621955,0.00434360965466039,0.00551858162489263,0.00278005696357217,0.00654313524377054
0.00290475728627164,0.0008767068111688,0.00570679658603448,0.00717025244797098,0.00698294417016434,0.00170703516155365,0.00308128372630748,0.00647996669996112,0.00903521213972511,0.00856435331646814,0.00265834671964419,0.00436268093266022,0.00308668384625243,0.00381883734107141,0.00767317790340187,0.00388337872177251,0.00434662461839308,0.00553113644537854,0.00278344148294134,0.00654344640507816
0.00290173140394959,0.000875860341543104,0.00570572090881223,0.00716156253040908,0.00701331451866656,0.00170509766044233,0.0030778685148777,0.00647749274057449,0.0090258300838663,0.0085654182575482,0.00267230527028277,0.00435903718127123,0.00308080654095728,0.00381703784085872,0.00767492069514574,0.00387651345594858,0.00434431272487659,0.00552629449003272,0.00277863757665155,0.00657372027602348
0.00290665161221105,0.00087600826492444,0.00570093001182509,0.00716172640675547,0.00697582150328605,0.00170488253802526,0.00307813366202862,0.00647871837627563,0.00902438529599468,0.00857836654981573,0.00265683196163741,0.00435608295685195,0.00308565749730439,0.00381497037555773,0.00767101256294129,0.00387662195674047,0.0043496473890007,0.00552358136309704,0.00277988595303771,0.00654312784653553
0.00290623841522113,0.00087652746182657,0.00570246526360856,0.00716774863465307,0.00698005520640577,0.00170580694556435,0.00308091784676039,0.0064796860573703,0.0090300500984783,0.00856438458179597,0.00265943388451748,0.00436254420764923,0.00308474446908646,0.00381699220052826,0.00767812879740767,0.00388176009261181,0.0043487393876262,0.00552293157263578,0.00277923446084155,0.00653992789694378
0.00290438616828988,0.000875800965655777,0.00570386824507868,0.00716421803257124,0.00697793502902338,0.00170465478796485,0.0030782301283275,0.00647466140322548,0.00903290069106833,0.00856065073906679,0.00266687135336403,0.00435909727988322,0.00308508089930126,0.00381554603470135,0.00767196619743194,0.00387841405209398,0.00434468654026369,0.00551981556846582,0.0027802372846686,0.00654116943977273
0.00290354775622085,0.000876263498475063,0.00570713695160203,0.0071667412503954,0.00698004822069051,0.00170538513325143,0.00308044714623397,0.00647754712851179,0.00903126614743374,0.00856218115980823,0.00265504113380326,0.00435829662482265,0.003083098044055,0.00381630784009808,0.00767281485376527,0.0038786542248202,0.00434455157574107,0.00552983458692988,0.0027818668231273,0.00654125111916624
0.00290332033608536,0.00087568086679103,0.00570153486499032,0.00716198446686972,0.00697483357086529,0.00170324495481126,0.00307835876711372,0.00647872486038187,0.00902839770205706,0.00856434567432475,0.00265361541091088,0.00435561190295744,0.00308185552374104,0.00381642409214975,0.00766978877533106,0.00388326700981809,0.00434493940032835,0.00552297110662539,0.00277787714556768,0.00653768936417722
0.00290251364928189,0.000875134209724325,0.00569799276873543,0.00715607127610316,0.00697392242308778,0.00170193466106432,0.00307524879802831,0.00647014057179542,0.00901999013635889,0.00855982481908734,0.00265170763162115,0.00436280981754622,0.00307964207868993,0.00381478005231015,0.00766638922687467,0.00387389703409952,0.00434025220925527,0.00551240600659414,0.00278153230262029,0.00653339183068153
0.00290012865193722,0.000875280604901259,0.00569812319184151,0.00715936222477918,0.00697387938479728,0.00170217262106263,0.00307562099604173,0.00646952949371586,0.00902201570345044,0.00855477331409611,0.00265244591220996,0.0043517271965465,0.00308030473681571,0.00381395060833773,0.00766537394041983,0.00387701589632814,0.00433733808418854,0.00551593599646778,0.002777538273314,0.00653658421561054
0.00290450981387245,0.000875982526639646,0.00570074101547501,0.00716388403924301,0.00698026429924297,0.00170348410444475,0.0030782796451108,0.00647219034874932,0.00902685611803773,0.00855665050796806,0.00267854708249818,0.00435635228956402,0.00308571400600357,0.0038171141126854,0.00767873430517514,0.00387719168817328,0.00434621429593598,0.00552005144006858,0.00277856105734867,0.00653773500064229
0.00290029956127575,0.000875207761766434,0.00569909826200629,0.00716124983232061,0.00697319392523004,0.00170282896570084,0.0030755100943543,0.00647135843029158,0.00902035957512192,0.00855411195504641,0.00265176247043457,0.00435362481963667,0.00308023753316704,0.00381173990050517,0.0076693193609476,0.00387562502369807,0.00434145970486926,0.00551428004309895,0.00277688144191332,0.00653670456435556
0.00290521796295251,0.00087619125744059,0.00570392004036543,0.00716425303966815,0.00697873989958015,0.00170568900861034,0.00307699875890568,0.00647828153768275,0.00903077196780545,0.00855998279362018,0.00265775633122809,0.00435792102399292,0.00308308239244393,0.003815517899482,0.00767641026993312,0.00387883399341427,0.00434491656021699,0.00552516861142381,0.00278193179546674,0.00654189491810793
0.00290496243471367,0.000876394548214794,0.00570614382996584,0.00716884123237759,0.00698211554770316,0.00170429553514321,0.00307885975615819,0.00647843621553145,0.00903385445586579,0.00856477647136215,0.00265629032719713,0.00435985435835169,0.0030844477435275,0.00381699088625898,0.00767491856329198,0.00387889693782572,0.00434615704527371,0.00553003386720979,0.00278116323060964,0.00654213730381037
0.00290545783046504,0.00087606615376195,0.00570687421287306,0.00716827050422672,0.00698268352459471,0.00171232515657548,0.00308014153617349,0.00647838175923528,0.0090452294172575,0.00856641941513585,0.00265583536026277,0.00436183660391329,0.00308609810474869,0.00382118508936617,0.00768434759771061,0.0038809012745634,0.00435126729677299,0.00552888001898101,0.00279289619396428,0.00654140587179972
0.00290259993271811,0.000875496399588634,0.00570145875356988,0.00716160047744684,0.00697748438299188,0.00170464812654839,0.00307925654522757,0.00647255879674431,0.00903073929834927,0.00855781639302087,0.002654901073994,0.00435569907588398,0.00308065788862255,0.00381224109924048,0.00766931620073075,0.00387980655369773,0.00434412246660895,0.00551831437160738,0.00277970124857323,0.00653928864205159
0.00290498794722206,0.000875941125738419,0.00570520298235016,0.00716581039765707,0.00698097394550901,0.0017046600104214,0.00307870206441017,0.0064822282740763,0.00904751552179867,0.00856692883628745,0.00265715739125291,0.0043605852314355,0.00308400522210883,0.00381702530066881,0.00767360703658285,0.00387752482680711,0.00434523467171079,0.00552662532893124,0.00278144646440411,0.00653983184401937
0.00290544261864255,0.000875647656799642,0.00570020257290995,0.00715985738914296,0.00697658618605929,0.00170396894589553,0.00307587429028642,0.00647522117175448,0.0090247435175261,0.00855831266556288,0.00265370844897234,0.00435782520996058,0.00308245544274451,0.00382022188402075,0.00767316074676231,0.00388213677281185,0.00434235490502892,0.00552504694103437,0.00277799282086623,0.0065378237150521
0.00290488389627133,0.000875854832391538,0.00570648321560624,0.00716950801566944,0.00697985245760821,0.00170626882535471,0.00307887903353161,0.00647847826536387,0.00902946522201812,0.00856187132390158,0.00265530626516565,0.00435836038973701,0.0030833649565753,0.00381522984015713,0.00767743965879277,0.00387932867865944,0.00434452730894448,0.00552806480631492,0.00278075527846595,0.00654116556613514
0.00290414801060684,0.000875346979950881,0.00569971944589421,0.00715573144051241,0.00697386901969328,0.00170345539570504,0.00307713678232802,0.00647416839232613,0.0090224322411553,0.00855369527208425,0.00265471805542884,0.00435377024738753,0.00308085658359565,0.00381244026364853,0.00766694949722352,0.00387588332127474,0.00434203695480603,0.00552222500589438,0.0027779346443105,0.00653409196378623
0.00290553490473768,0.00087603601718797,0.00569305690971067,0.00715742068570537,0.00697810917549362,0.00170298911250728,0.0030771726526082,0.0064722104379052,0.00901539828099591,0.00856064643039835,0.0026535942552129,0.00435413781732106,0.00308257932357948,0.00381213845346225,0.00766895294002666,0.00387557388891174,0.00434225632438539,0.00551620149414511,0.00277794131216392,0.00653236450775054
0.00290773523098293,0.000876052628660417,0.00570299863660514,0.00716802246577132,0.00698453765795636,0.00170785944647867,0.00308314515932599,0.00648896452701931,0.00902652296547085,0.00857913610144948,0.0026562812459332,0.00435710673067735,0.00308898875163359,0.00382213305708715,0.0076802074114699,0.00387912231855825,0.00434525453847431,0.00552177770565229,0.00278043880770742,0.00654122501111091
0.00290186609422131,0.000875021928497641,0.00569732802321991,0.00715520653236318,0.00697360775941906,0.00170204730604105,0.00307699508573009,0.00647578805628847,0.00902077405964193,0.00855341312889246,0.00265205335340566,0.0043542232279626,0.00308293186826752,0.00381339837961535,0.00767186271287603,0.00387362932487695,0.00433944749919466,0.00551665607208412,0.00277695877267187,0.00653778007299997
0.00290436778665873,0.000876221261394711,0.00570479822651751,0.00716770663960626,0.00698300256525891,0.00170627433097471,0.00308250125063362,0.00647981918052125,0.00903361294807852,0.00856325389673688,0.00265924163641414,0.00435900822017255,0.00308519963981126,0.00381720343671595,0.00767366697134226,0.00388166184202448,0.00434566028740548,0.00552979528620783,0.00278240726655231,0.00654323299811646
0.0029035091996609,0.000876452296260118,0.00570669765900976,0.00716807623258007,0.00698398741982331,0.00170518921729015,0.00307866191299145,0.00647954773001134,0.00903690119617934,0.00856805701183319,0.0026558144540901,0.00435930919894346,0.00308480893930901,0.00381667116825658,0.00767812196188355,0.00388062965665695,0.0043470937381702,0.00552194392703147,0.00278157664209173,0.00654472363201821
0.00290270887530809,0.000875987683331185,0.00569323405480849,0.00715223177955887,0.00697177982444154,0.00170313017196865,0.00307578768051754,0.0065237083460645,0.00902621998017435,0.00855474057708918,0.00265560044080462,0.0043498641604478,0.00307971113000308,0.00381443064553358,0.00767048366243935,0.00387645246092287,0.00434455090921136,0.00551454643421275,0.00277922180136241,0.0065394967503802
0.00290208257395936,0.000875764515701814,0.00570158774615729,0.00716284645974262,0.00697791780771034,0.00170398329316935,0.00307565465110558,0.00647477494419685,0.00902662894216576,0.00855908006432662,0.00265309263790116,0.00435483399661776,0.00308288534792506,0.00381453081564714,0.00767180394845445,0.00387616212699658,0.00434177493974911,0.00551879620912914,0.00277891358616999,0.00653841854302888
0.00290405925939396,0.000875848212724655,0.00570629558897108,0.00716716650635293,0.00698236108855851,0.00170588161728964,0.00308100142006532,0.00648262846495788,0.00903554794967942,0.00856206481836906,0.00265830891618947,0.00435826949882368,0.00308544083407411,0.00381680180512702,0.00767688951959335,0.00387893891067148,0.00434607385506992,0.00552803944485975,0.00278021104474958,0.00654564024743983
0.00289991763362811,0.000875926362714024,0.00569747650665841,0.00716337081854076,0.00697802748201922,0.0017043212964501,0.00307859231429157,0.00647690759318394,0.00902581783699869,0.00855792487797198,0.00266969842300114,0.00435550408340087,0.00308287772076299,0.00381495849819866,0.0076725964574722,0.0038764769803898,0.00434267644308217,0.0055265779330711,0.0027792381497577,0.00654041346736353
0.00290758516406646,0.000876114545216549,0.00570466650354913,0.00717011862455826,0.00697940634735548,0.00170467657485213,0.00308306774131443,0.00647758877350293,0.00903090846654625,0.00856259732571692,0.00265606637724638,0.00435589076995438,0.00308469284692809,0.00381653705850484,0.00768305314018705,0.00388297696067858,0.00434551110904466,0.00551846431746712,0.00278092567852879,0.00654827769777976
0.00290840956986614,0.000876913699377285,0.00570727106708308,0.00717008167560476,0.0069819314300817,0.00171145870513676,0.00308053711530398,0.00647811696979166,0.00903437628083149,0.00857427991505275,0.00265805640194435,0.00436037699531886,0.00308529312972124,0.00381781909720898,0.00768093426478482,0.00387914289875054,0.00435189718979075,0.00552876051298434,0.00278153554251167,0.00654085302888819
0.00290294193462065,0.000875566262981048,0.00570260656386492,0.00716154825506831,0.0069750561561996,0.00170556536834639,0.00307879274140207,0.00647327260731779,0.00903220969278226,0.00856144056724575,0.00265705653486839,0.0043573810661486,0.00308198059924426,0.00381533036311028,0.00767382124916527,0.00387794282883732,0.00434508119583188,0.00552414496275638,0.00277918754721863,0.00653971540401973
0.0029008621002901,0.000875158035119356,0.00569680973960536,0.00716221801760774,0.00697402872413101,0.00170350022329053,0.00307486068743415,0.00647443809527207,0.00901978100194074,0.00855354825711207,0.00265135663136198,0.00435415502025265,0.00308188286350986,0.00381145453418108,0.00766649976349225,0.00387408212940884,0.0043396774339268,0.00551398518918174,0.00277813225994376,0.00653455150091479
0.00290655970416124,0.000875957264901405,0.00570652370592992,0.00716885627356899,0.00698579057699389,0.00170572281036435,0.00308191420620184,0.00648647433548742,0.00903927468211286,0.00857142584678715,0.00265603482553764,0.00436441529982821,0.00308565245311066,0.00381729488480847,0.00768114194767159,0.00388341682308467,0.00434825475739798,0.00552130401066711,0.00278343499203886,0.00654252316767873
0.00290505658733488,0.000875891616835254,0.00570086846407758,0.0071613574398311,0.00697506067829917,0.00170293681855579,0.00307899246992485,0.00647387460243132,0.00902660741998,0.00855820137851384,0.00265262554575025,0.00435483413160122,0.00308264926875991,0.00381478429605346,0.00767079540781686,0.00388161876870883,0.00434135422778584,0.00552354059521566,0.00277923042393983,0.00653850545391182
0.00290432596652387,0.00087635559308864,0.00570634680764164,0.00716805534358093,0.00698285458224559,0.0017065013870215,0.00308074168812178,0.00648246697188662,0.00903614275392354,0.00856307346679768,0.00265855892023088,0.00436001133087955,0.00308455634224773,0.00381688904580165,0.00767666133865763,0.00388041774423106,0.00434609043947696,0.00552964691682099,0.00278073610815201,0.00654213864119464
0.00290717950444218,0.000876588023675233,0.00570739282637653,0.00716222065763436,0.00698405682269865,0.00170657787791926,0.00307855000029396,0.00648029838747194,0.00903170676494081,0.00856015891110684,0.00265848835325672,0.0043560463178923,0.00308389586924245,0.00381605065406606,0.00766982607809701,0.00388273484416105,0.0043452101913722,0.00552782820342953,0.00278162419184048,0.00653905648636483
0.00290559865764369,0.000875929004967318,0.00570032694870817,0.00715906829089527,0.00697904055834526,0.00170327580296834,0.0030807279754435,0.00647405847960161,0.00902486171232812,0.00856177883603175,0.00265483196707442,0.00435826153272621,0.00308220377846934,0.00381651606341276,0.00767023021045962,0.0038788459355463,0.00434833360816796,0.0055245671897786,0.00277978467908449,0.00654669430322078
0.00290539028330743,0.000875731096528433,0.00570318154849213,0.00716658229398229,0.00697802038559041,0.00170756966724957,0.00307988790555404,0.00648031764774134,0.0090274900841681,0.008558052737523,0.00266174384588955,0.00435829302758042,0.00308943839301289,0.00382101328531167,0.00767434248559949,0.00387955346360953,0.00435180638911026,0.00553164409669982,0.00278494738971592,0.00654019985736679
0.00291026833518181,0.000876206499179389,0.00570378502626888,0.00716616757980298,0.00697753043891834,0.00170687453481746,0.00308076130886596,0.0064811698175837,0.0090286241941471,0.00857033781879385,0.00265648878589039,0.00435960355668831,0.00308465594053631,0.003818235520563,0.00767301133703068,0.00387854283169879,0.00434675919974575,0.00552557553949923,0.00278209838828454,0.00654534881142388
0.00290719267499891,0.000876402582161968,0.00570567502505676,0.00716542226667325,0.00698165520340817,0.00170721739856775,0.00307918770558028,0.00648444662037036,0.00904004328112172,0.00856409094953309,0.00265714901100229,0.00436324981234354,0.00308489169053857,0.00381618275732174,0.00767627320564489,0.00388085649268638,0.00434466444786484,0.00552424454870484,0.00278182936176374,0.00654523104066734
0.00290460448267977,0.000875728810454416,0.0057009803191598,0.00716409449762252,0.00697769311876495,0.00170372276402411,0.0030767564872728,0.00648109078765289,0.00902800590512883,0.00856711041423978,0.00265601137893076,0.00435519635866742,0.00308543983960846,0.00381493573242461,0.0076779535116272,0.00387809373616471,0.00434340865838003,0.00552042053759041,0.00277958016531905,0.0065393939829158
0.00290464294820064,0.000876395222915714,0.00570695302832845,0.00716902220013495,0.00697714188909969,0.00170587490075638,0.00308100291262746,0.00648240739799639,0.00902842778209352,0.00855904859350524,0.00265690226167936,0.00435707509066147,0.00308280887575741,0.00381700972132376,0.00767309418027239,0.00387953900148454,0.00434529711119603,0.00552697458055696,0.00278134258863417,0.00654423252280892
0.00290696011593258,0.000875773536140119,0.00570179521032689,0.00716061366054816,0.00697692872588037,0.00170461811547566,0.00308004579871382,0.00647275870948232,0.00902266882568119,0.00855635175526671,0.00265582511904781,0.0043565935667564,0.00308179567780846,0.00381347358785073,0.00767092145968047,0.00388012915099466,0.00434087093391584,0.00551802938325629,0.00277761998287537,0.00654596419596356
0.00289927855677694,0.000875237031349819,0.00569766814698158,0.007157627183252,0.00697472021306813,0.00170300739132636,0.00307408401384563,0.0064728017078496,0.00902083310866394,0.00855408911217614,0.00265844932932254,0.00435423862409881,0.00308143970594791,0.0038115886340976,0.0076670854422472,0.00387517832571182,0.00434154457652882,0.00551553213887193,0.0027773674989209,0.00654789060560577
0.00290909483714325,0.000876248287970633,0.0057045952768497,0.00717105010947749,0.00698450148842952,0.00170527374810971,0.00308104100522453,0.00648032243750558,0.00904884178020074,0.00856830275300811,0.00265883301789616,0.00435895230440789,0.00308576362131934,0.00381820373224158,0.00768142102767858,0.00388205420259089,0.00435034028760753,0.00552682746022307,0.00278201060220178,0.00654679157401686
0.00290729383711648,0.000876353985701641,0.00570511470699556,0.00716628105234729,0.00698254612309345,0.00170488688045452,0.00308229541393084,0.00648585357994835,0.00903207881459026,0.00856380538426722,0.00265920622202536,0.00436164228126391,0.00308696504385059,0.00382263688515212,0.00767678363592602,0.00388107817257809,0.00434791923899025,0.0055225857273595,0.00278113161863584,0.00654752812185299
0.00290368992130774,0.000875915099944679,0.00570316339266325,0.00716331699657984,0.00697814385085449,0.00170491705324613,0.00307735891405401,0.00647253296188055,0.00903840464248959,0.00855351180715882,0.00265485034569053,0.00435638858098339,0.00308704277925665,0.00382063894660381,0.00767059223052896,0.00387879270202336,0.00434668614188533,0.00551818887098198,0.00278378252714553,0.00654204749657348
0.00290201821125424,0.000876038756542488,0.00570494247776521,0.00716185957323665,0.00698173114752077,0.00170532041557148,0.00307983434883354,0.00647906772830946,0.00903344453847315,0.00856208629512385,0.00265746586546202,0.00435929355896145,0.00308390522095491,0.00381493996851972,0.00767587143062626,0.00387972168940975,0.00434630206146935,0.00552786786818111,0.00278023599544015,0.00654223663098134
0.00290515293032759,0.000876579804690403,0.00570655968348831,0.00716784265104991,0.00698054371010766,0.00170531243615678,0.00308569295121207,0.00648009493339502,0.00903393366707581,0.00856308536048405,0.00265786220571773,0.00436182398808113,0.00308441753973175,0.0038180259292301,0.00767718127322201,0.00387976093659693,0.00434765850203774,0.0055276582875521,0.00278205043611176,0.00654425564348025
0.00290321289297725,0.000875985422153965,0.005702210006682,0.00716533943187635,0.00697893463145018,0.00170434232948105,0.00307896189809268,0.00647815710337748,0.0090310719491617,0.00855976748926586,0.00265840208902265,0.00435669435537157,0.00308271129838859,0.00381522080196533,0.00767461254938123,0.00387764671975301,0.00434459669387086,0.00552649256424172,0.0027814117630095,0.006540378823417
0.00290388014946263,0.000875754755150334,0.00570020780182661,0.00716057647576405,0.0069779394051048,0.00170343203276606,0.0030764577616909,0.00647985778187008,0.00903106306696094,0.00855994964053843,0.00265387915997854,0.00435558805050174,0.00308255620113647,0.00381742743671468,0.00767725311299211,0.00387924588900666,0.00434296065523999,0.00552099041955251,0.00277843247126499,0.00653862131163174
0.00290236772888526,0.000876532052618722,0.00570631591505852,0.007167809415416,0.0069762679004423,0.00170573494268463,0.00308255530762651,0.00647896959001893,0.0090313606597335,0.00856357027061726,0.002658839279952,0.00435904092663218,0.00308478214474836,0.00381781465940202,0.0076760561069034,0.00387946587433532,0.00434676835463881,0.00553032106181704,0.00278072337851321,0.00654223879382173
0.00290386299705439,0.000876249239983323,0.00570548180340264,0.00716505009789943,0.00697658854184867,0.00170479039406989,0.00308006277910314,0.00648118452760723,0.00902939427139162,0.00856952363277036,0.00265713471691735,0.00435677825802137,0.00308535601126688,0.00381753223755176,0.0076737281860814,0.00387910636631411,0.00434555519873595,0.00552736581973828,0.00278109112805527,0.00654321678140274
0.00289816929018389,0.000874887828737739,0.00569712186015432,0.0071541401157048,0.00696865476791883,0.00170397688144087,0.00307298332347128,0.00647107768321668,0.00901558329460571,0.00854937707479797,0.00265228804461467,0.00435167941974239,0.00307996645844689,0.00380948945249435,0.00766391433370192,0.00387226168663637,0.00433763945564204,0.00551320241685484,0.00277594043142697,0.00653624508696405
0.00290332809419407,0.000876075702282769,0.00570417988223283,0.00716409259538193,0.00698089645124433,0.0017046142073994,0.00307777209826348,0.00647719646736273,0.00903438739891954,0.00856074541633555,0.00265604099702482,0.00435950946035181,0.00308358773606148,0.00381561835977218,0.00767412426425961,0.00387804603984638,0.00434311125878145,0.00552458843183873,0.00277988175125856,0.00653824588842237
0.00290785060498988,0.00087634594788101,0.00570720018264211,0.00716777651864642,0.0069814097390105,0.00170462406162526,0.00308108170996132,0.00648070350635951,0.00903858213272247,0.00856514901095829,0.00265630401402131,0.00435904972769557,0.00308449210330924,0.00381729451361838,0.00768290708477224,0.00387995867629252,0.00434577199908626,0.00552167851643271,0.00278297380488543,0.00654838174084019
0.00290085043759884,0.000875049587251664,0.00569720774221794,0.00715770820671854,0.00697096162988314,0.00170384494099286,0.00307618058875561,0.00646982787229987,0.00902023450429314,0.00855423273048849,0.00265218255527379,0.00435328973604169,0.0030821911016806,0.00381248639178834,0.00766730291890414,0.00387374490460582,0.00434194786790894,0.00551306827429235,0.00277755339811269,0.00653328136838831
0.00290825098983592,0.000876675747919705,0.005706511387958,0.00716710061571909,0.00698267322657702,0.00170526086195093,0.00308000218696067,0.00647930638032844,0.00903430547739563,0.00856574493829425,0.00265780646556411,0.00435894278713112,0.00308457312263471,0.00381652842225535,0.00767628704348028,0.00388043620836944,0.00434636238231379,0.00552954114384243,0.00278086482798368,0.00654259645132656
0.00290603251112372,0.000875246169918443,0.00570437808209066,0.00715802895642388,0.00698195830311187,0.00170474240417615,0.00308074590672528,0.00647715053472777,0.00902983562139843,0.00855936681016828,0.00265948305402475,0.00435682410251532,0.003083893586856,0.00381375432979276,0.0076727677877124,0.00388053894211525,0.00434548959452647,0.00553069102448185,0.00277845403947611,0.00654134231768402
0.00289876801258729,0.000875231434114127,0.00570085005474325,0.00715915574539307,0.00697555168787377,0.00170704352065777,0.00307564660503085,0.00647285076342502,0.00901978709777685,0.0085568550261655,0.00265278958258936,0.00435454692444931,0.00308208393932044,0.00381355261734223,0.00766768123001291,0.00388243518189739,0.00434166155512578,0.00551627505727839,0.00277677559715647,0.00654866340074673
0.00290694949161468,0.000875993207210223,0.00570506309047657,0.00716529086481469,0.00697826556714801,0.00170406298425154,0.00307776678590227,0.00647591239419761,0.00902989767347988,0.00855955511303096,0.0026579354106196,0.00436343004071399,0.00308869060579563,0.00381642082192534,0.00767318868487409,0.00387963660012202,0.00434355613438087,0.00552571883897299,0.00277897226029584,0.00654150951306191
0.00290589119746602,0.000876130775115104,0.0056976787216638,0.00716176043479767,0.00697748181897259,0.00170402233781103,0.00307816717032814,0.00647679944366728,0.00902937307934707,0.00855195325321753,0.00265621442062118,0.00435525237796611,0.00308374313467757,0.00381469331180163,0.00767063696386119,0.00387612314038673,0.00434306350250217,0.00552543278309372,0.00277892215057329,0.00653804362522189
0.0029060434781813,0.000875972488135623,0.00570417151253224,0.00716293054624714,0.006981732242369,0.00170561732066171,0.0030772478457298,0.00647848804433936,0.00903312761679938,0.00856524288353304,0.00265546913838995,0.00435708821248716,0.00308407147951241,0.00381719225242563,0.00767760443225133,0.00387749516002866,0.00434923514468701,0.00552190195133211,0.00277940119374474,0.00653973954339926
0.00290265101967453,0.000875389141811898,0.00570138363269926,0.00716328670425091,0.00697458789539362,0.00170337881678688,0.00307832926662021,0.00647368439994106,0.00902898835760439,0.00856148299826867,0.00265373560269931,0.00435608191179716,0.00308327411623861,0.00381456311537758,0.00767630404238495,0.00387867474644137,0.00434342429024013,0.00552318046204558,0.00277906625354917,0.00653802504089169
0.0029058897095458,0.000876242756719171,0.00570244751667086,0.00716280790838044,0.00698010640501628,0.00170625395621733,0.00307755259263477,0.00647896545662856,0.00903174704632482,0.00856201599131191,0.00265478393879839,0.00436251584015904,0.00308589187607249,0.00382043601913961,0.0076776878229271,0.0038782044557123,0.00434796771479993,0.00552100348578433,0.00277956364749194,0.00654324192123451
0.00290584699181957,0.00087605306871577,0.0057036606886474,0.00716336556883172,0.00697866595052453,0.00170378544749494,0.00307787292197973,0.00647962363086963,0.00902892768426974,0.00855839395919018,0.00265387224324728,0.00436211433486289,0.00308868596206149,0.00381450750112005,0.00768425923908654,0.0038825669417268,0.00434645132750648,0.00552135608258337,0.00278444791236699,0.00654087069137213
0.00290527641323251,0.000875814483417797,0.00570082245230858,0.00715972570956053,0.00697791809467589,0.00171131475823607,0.00308013073586876,0.00647688331969952,0.00903108387173446,0.00855973835725568,0.00265732267351847,0.00436217778021563,0.00308549728187958,0.00381367012084063,0.00767907655159977,0.0038821939147487,0.00434704011213989,0.00551792344707872,0.00278003423048212,0.00654218267849043
0.00290081189260221,0.000875591937147418,0.00569919381540516,0.00715900599108829,0.0069754150909338,0.00170440211995046,0.00307512047916757,0.00647332506074815,0.00902257882936172,0.00855268724043688,0.00265341152101972,0.00435452821213732,0.0030822753997741,0.00381245016998469,0.00766971480395932,0.0038769719854288,0.00434397634455184,0.0055238108305885,0.00277860190557343,0.00653461564410474
0.00290618549757256,0.000876332005515026,0.00570281183262818,0.00716621209504364,0.00697982019943583,0.00170468660337963,0.00308018887888462,0.00647870917054899,0.00904015916466544,0.00855930351603388,0.00265780965827028,0.00435798291573924,0.00308403772798746,0.00381815860136464,0.0076739536918672,0.00388091997475465,0.0043449581110188,0.00552206270199642,0.00277991358906277,0.00654506755770429
0.00290577800050246,0.000875960018236357,0.00570193509576966,0.00716209448921713,0.00697934446068472,0.00170336263263461,0.00307891126932778,0.00648123558922146,0.00902811186230272,0.00856096437279933,0.00265431441670721,0.00435784048331874,0.0030831854611432,0.00381310056507915,0.00766973321275524,0.00387772522987594,0.00434236147532936,0.00551889038945219,0.00277849195064845,0.00654012219859006
0.00290384319249816,0.000875249885538268,0.00570043889072276,0.00715725652538041,0.00697501116244395,0.00170286354065958,0.00307552374939309,0.00647083697460409,0.00902005627976967,0.00855391609169297,0.00265238091149144,0.00435748926082828,0.0030816150198908,0.00381415862560426,0.00766896340367952,0.00387958418063297,0.00434077668199584,0.00551652074831381,0.00278091544973006,0.00653476533002141
0.0029088712902415,0.000876102002087454,0.00570723839314939,0.00716976325444741,0.00698420972762156,0.0017035692779707,0.00308080411203949,0.00648662969475827,0.00903374313835733,0.0085668258324664,0.00265609400595894,0.00435999638493726,0.00308681183517398,0.00381596664237193,0.00768077578304691,0.0038755677825001,0.00434527747316945,0.0055205085554558,0.00278482239612111,0.00653693828733621
0.00290582149525162,0.000876174218416648,0.00570439098429148,0.00716464231305242,0.00698004678536129,0.00170447359534938,0.00307753756135904,0.00647743251393887,0.00903612174668107,0.00856711174878232,0.00265561707521985,0.00435735232833164,0.0030837519832128,0.00381595592766005,0.00767585993133303,0.0038857561715035,0.0043486452056553,0.00552603032275183,0.0027801310536689,0.00654116351973734
0.0029034107568979,0.000876138447682551,0.00570465026437734,0.00716661927518353,0.00697866025732681,0.00170437504528023,0.00308172625877294,0.00648302183801556,0.00902896580119573,0.00856089210967411,0.00265690743113636,0.00436125807060806,0.00308424101184973,0.00381910183182221,0.0076732845111879,0.00388174124713876,0.004349494686578,0.00552468564147665,0.00278215869718189,0.00654323269597278
0.00290182205332205,0.000875854754931436,0.00570281181106292,0.00716351272006683,0.00697789760827103,0.00170381771162239,0.0030766564137087,0.00647539867345077,0.00902675494043121,0.00856004330051726,0.00265374523959782,0.00435631454459632,0.00308277956312158,0.00381454130448728,0.00768998195520919,0.00387774780920353,0.00434277677554685,0.0055309639594124,0.00278504116267503,0.00654067029984976
0.00290649209607304,0.000876358721640973,0.00570480645356417,0.00717061734389869,0.00697926977706629,0.00170443393453936,0.00307926895589667,0.00648129673686594,0.00903216137375934,0.0085641986887938,0.00265891866814476,0.00435652916446088,0.00308366531931164,0.00381976179762062,0.00767839200416565,0.00388012201857055,0.00435123148910136,0.00552681859895283,0.00278026117418525,0.00654049232177092
0.0029036763764716,0.00087628724646737,0.00570488041744918,0.00716286046293301,0.00698272611326018,0.00170613584911649,0.00308274897397063,0.00648032848022722,0.00903642825039731,0.00856527627491774,0.00265854121966826,0.00435971361389283,0.00308434810460819,0.00381687511244085,0.00767592479806628,0.00388116920728475,0.00436984971369151,0.00553027980878062,0.00278111674504263,0.00654158359455171
0.00290389487669163,0.000875779672695559,0.00570886823386321,0.00716590175205445,0.00698116018829685,0.00170404580723075,0.00308370504384052,0.00647859927093774,0.00903112336333642,0.00856012836858545,0.00265552333309076,0.00436160019224505,0.00308955088461396,0.00381429805005679,0.00767819177860174,0.00387908269459715,0.00434706348092974,0.00552061047281288,0.00278583292193089,0.00653981116288134
0.00290590798508065,0.000875712493293536,0.00570099760661354,0.00715988725152036,0.0069754602445999,0.00170294512566468,0.00307694316214537,0.00647593350517707,0.00902350388037762,0.00855888646165662,0.00265303950284562,0.00435524654681018,0.00308336745237819,0.00381616163759737,0.00767954029712262,0.00387738356611605,0.0043424849981179,0.005517885304291,0.00277931663412306,0.00653977934609156
0.00290325626142177,0.000875435766704302,0.0057007883761816,0.00715979015340522,0.00697664593423329,0.00170331195509806,0.00307506576369672,0.00647220801748317,0.00902787817202829,0.00855499264014036,0.00265306639096848,0.00435574989347638,0.00308110117058263,0.00381371308010334,0.00767091801164838,0.00387816858676525,0.00434095372146712,0.00551550814067967,0.00278114312148036,0.00653594605161498
0.00290460084707424,0.000875838290737724,0.00570462967624165,0.00716502543525224,0.0069777680145815,0.00170848130785821,0.00308222196750215,0.0064789092905035,0.00903477113981762,0.0085644853039876,0.00266139872794362,0.00435795894812594,0.00308398880515096,0.003817953459875,0.00767466695254378,0.00387692563892523,0.00434572792711759,0.0055259532538485,0.0027824469525769,0.00654309004688904
0.00290664468368859,0.000876274786922604,0.0057080082461224,0.00716774773148454,0.00698306242890977,0.00170668500228357,0.00308145754510512,0.00648078839708216,0.0090391577081364,0.00856734195957525,0.00265910830846759,0.00435985979309784,0.00308466968493213,0.00381780035006295,0.00767968732223047,0.00387990889050048,0.00434619352845019,0.00552922492354127,0.00278346949089117,0.00654911314549731
0.00290678499911867,0.000876126787219641,0.00570648681578993,0.00716814827074443,0.00698303814929008,0.0017059006467977,0.00308199184717013,0.0064794927003554,0.00904997600205531,0.00856277479591209,0.00266076683071911,0.00436330843327177,0.00308524501244754,0.00381692068369508,0.00768042139986346,0.00388233510702673,0.00435064475405891,0.00552818833533522,0.00278289567447797,0.00654498636501302
0.002903655422053,0.000875968371731626,0.00570242289120577,0.00716831588253227,0.00698183905329615,0.00170623329237615,0.00308216456183271,0.00648067651814833,0.0090402928462395,0.00856470153424085,0.00265862495436402,0.00436181892896044,0.0030844615435394,0.00381777918353758,0.0076765484858191,0.00388089280648883,0.00434674532522073,0.00553209873772421,0.00278084897751273,0.00654294587301478
0.00290436907302052,0.00087588256406693,0.00570302517049953,0.00716735122967932,0.00698131221388627,0.00170613117276222,0.00308234661898919,0.00648186782676856,0.00903552775184253,0.00856402303238128,0.00265773030711904,0.00436121883780114,0.00308634661689927,0.0038186931071212,0.00767234751689471,0.0038812420669321,0.00434775131680115,0.00552957537898962,0.00278079842054301,0.00654243970832936
0.00290196238783757,0.000875877939416606,0.00570114211483064,0.00716379388526394,0.00697736228881255,0.00170366328930683,0.00308247204443598,0.00647436839237715,0.00902588594476582,0.00855887866105399,0.00265378248181586,0.00435537993524301,0.00308369710106293,0.00381366101750742,0.00767355170054308,0.00387691893696374,0.00434228610356641,0.00551976532694312,0.00277931442076664,0.0065398279181657
0.00290408573025163,0.000875371040262696,0.0057012070804057,0.00715748567583121,0.00697916614403306,0.00170318859345647,0.0030781290796893,0.00647443254824211,0.00903821683951028,0.00855617719759043,0.002656763383531,0.00435487725508682,0.00309270485215485,0.00381364305699298,0.00767687012946594,0.00387981433429718,0.00434287317700948,0.00552234801396488,0.00279195046452668,0.00653711605255376
0.00290533734257781,0.000875859219388495,0.00570230187452805,0.00716720078934485,0.0069758094160284,0.00170340487917485,0.00307970602927348,0.00647291814204887,0.00903504148602682,0.00856019284339667,0.00265438176462512,0.00435477782780105,0.00308373573806786,0.00381602414759036,0.00767196350970941,0.00387595069650283,0.00434920781331036,0.0055237354056429,0.00277929866470473,0.00653881775619745
0.002907623452291,0.000876657891661338,0.00570122046325882,0.00716307582818118,0.0069779161798131,0.00170519249939627,0.00308142579312396,0.00648308985939638,0.00903479423936934,0.00856409734560499,0.0026577042379459,0.00436110575458857,0.0030841712069243,0.00381655440898427,0.00767600571349528,0.00388007982826668,0.00434610979272135,0.00553008495102751,0.00278112665621717,0.00654337871783709
0.00290418792677764,0.000874988346304184,0.00570408384731309,0.00716337637719127,0.00697424848723162,0.00170608535578744,0.00307630555543211,0.00647736884141442,0.00903551192790871,0.00855876417014689,0.00265349138191174,0.00435733380656843,0.00308222604223771,0.00381331048025362,0.0076769559470718,0.00387710255953823,0.00434153446677488,0.00551850121418935,0.00277851298435264,0.00654155764720338
0.00290591063338885,0.000875877757365291,0.00570317946873426,0.00716340124290068,0.00697743035477226,0.00170415718868515,0.00307928783987511,0.00647700805682124,0.00902770464932046,0.00856027497690959,0.00265640374278194,0.00435811033223323,0.00308355528751171,0.00381487039531539,0.00767347484315672,0.00387779708691348,0.00434298411738792,0.00552663120949491,0.002779503105591,0.00653980253660161
0.00290518340063453,0.000876704653124133,0.00570610653694646,0.00716934370261785,0.00697768652879373,0.00170589236158428,0.0030794453527773,0.0064768716125661,0.00903748890557009,0.00856781536814651,0.00265954085988819,0.00436115235504974,0.00308452727377575,0.00381403280852895,0.00767908537739356,0.0038795352129762,0.00434771172629687,0.00553081444481771,0.00277995965530808,0.00654277145636624
0.00290173712964179,0.000875205044452816,0.00570207156911492,0.00716258448060544,0.00696836049337225,0.00170404319106687,0.00307639576517483,0.00647288441007072,0.00902256127933889,0.00855645848803812,0.00265533638220094,0.00435633532459462,0.00308233129442748,0.00381289159171519,0.00766590024520974,0.00387672831303963,0.00434650880614891,0.00552072271966979,0.00277970093956972,0.00654313604221753
0.0028999226980455,0.000875129419416658,0.00569793725348204,0.00716539276091535,0.00697944867558674,0.0017034682444434,0.00307487047570822,0.00647184056168295,0.00902384271753375,0.00856140945076531,0.00265257842998236,0.00435707923689025,0.00308223420368407,0.0038147758085131,0.00766856551230083,0.00387702078481279,0.0043436327357624,0.00552144829195541,0.00277755685483061,0.00653745138266473
0.00290450743820798,0.000876592784944619,0.00570142728021216,0.00716591063175798,0.00698037376194195,0.00170574388656832,0.00308042058844147,0.0064817645458777,0.00903356803527133,0.00856319175170268,0.00265790152912227,0.00435863106259392,0.00308295509639723,0.00381441390353974,0.00767635958312366,0.00387995557029657,0.00434571973189096,0.00552853585013579,0.00278078397910754,0.00653603829288216
0.0029070430000655,0.000876065455468162,0.00570316782894492,0.00716558729813368,0.00698027584553166,0.00170601173391506,0.00308079865007989,0.00648417975810441,0.00902915531534015,0.00856190954418969,0.00265438549950072,0.0043572419743485,0.00308869415139891,0.00381682770878492,0.00768324585366118,0.00387840489174414,0.00434961676194074,0.0055196185649524,0.00278002455223516,0.00654801153244912
0.00290304631276815,0.000876142598184043,0.00570459127201409,0.00716551329770656,0.00698034646396139,0.00170500804222923,0.00307812580677415,0.0064798893100403,0.00903157217271027,0.00856449433405829,0.00265516325088969,0.004357549357508,0.00308504507791421,0.00381639262193722,0.00767520353796098,0.00387930432596649,0.00434559205440138,0.00552132248842352,0.00278074870102262,0.00654220783277709
0.00290136338637482,0.000875075578863702,0.00569957010445485,0.00716069493034079,0.00697279152840174,0.00170278460032589,0.00307654734977384,0.00647225589756194,0.00902334441106736,0.00855338364579593,0.0026527660513869,0.0043549435508776,0.00308169972878699,0.00381357280031557,0.00766898700058727,0.00387459358177742,0.00434210552398681,0.00552378822561202,0.00277737797288961,0.00653591746874488
0.00290383417998512,0.000875821258581375,0.00570093926926743,0.00716259800183462,0.00697782545031866,0.00170930292629059,0.00308663315806064,0.00647252621834985,0.00903240115643419,0.00855469251121413,0.00265710921704694,0.00435460343237371,0.00308259272417095,0.00381341116430661,0.00766812399458068,0.00388065906200891,0.00434662165802571,0.00552305285463778,0.00278829407014764,0.0065376874693571
0.00290611618299532,0.000876639260882333,0.00570770589445637,0.00716862032746892,0.00698426199729953,0.00170582602232908,0.00308294562367199,0.00648366722386691,0.00903805983747607,0.0085616140765241,0.00265664563232661,0.00436122578021001,0.00308275625579528,0.00381825478086237,0.00767495911874644,0.00388025128100619,0.00434886283741754,0.00553132444538546,0.00278178758263311,0.00654219153878682
0.0029007730828648,0.000875368059704236,0.0057003532395726,0.00715821790560776,0.0069716751750726,0.00170378920005567,0.00307690255770379,0.0064729013757758,0.00902296317468976,0.00855247400218166,0.00265438021209471,0.00435367338662626,0.00308262169940124,0.00381171953212749,0.00766711921357724,0.0038758034078354,0.004344389661244,0.00552210482251189,0.00277731593631724,0.00653449270281749
0.00290628753468064,0.000875854911003146,0.00570194506987501,0.00716349557770343,0.00697998554931836,0.00170404353476174,0.00307752127030039,0.0064840322092873,0.00904487356471283,0.00856380821858918,0.00265760097219584,0.0043649364326865,0.0030870091819903,0.00382086794865462,0.00767696221060262,0.00387883734569271,0.00434403989563625,0.00552488039379126,0.00277992721965343,0.00654213276392544
0.0029027303167947,0.000874941573725476,0.00569490671792504,0.00714952369701469,0.00696798009901479,0.00169999785405671,0.00307822780592919,0.0064707661438823,0.00902777735319285,0.00856283742145806,0.00264876990014835,0.00434682241247415,0.00308401279628831,0.00380918319426527,0.00765798779164066,0.00387858510896092,0.0043396964400907,0.00552020460242578,0.00277511801430109,0.0065323163928796
0.00290735792922347,0.000876726579717434,0.00570270636311502,0.00716768314996501,0.00698424740117268,0.00170566883205587,0.00308126720198827,0.00648116825897522,0.00903564419747675,0.00855987704648006,0.00265898923430334,0.0043598105372033,0.00308409532594225,0.00381690171347618,0.00767739091869003,0.00388108514080098,0.00434614465277926,0.00553138858028378,0.00278048942389954,0.0065447634050329
0.00290854961369109,0.000876032394943533,0.00570253668485112,0.00716330304338616,0.00698091203867416,0.00170455131876631,0.0030762931027485,0.00648930662766935,0.00903292655673674,0.00857951678827394,0.00266056208211268,0.00435585616260149,0.00308631746464554,0.00381645942234554,0.00768361837983396,0.00388718954934197,0.0043536033479696,0.00553057309588119,0.00278072419468678,0.00653937339226032
0.00290470419208344,0.00087674213774638,0.00569934718463292,0.00715818183209473,0.00697975988776736,0.00170234163615918,0.00307762623804815,0.00647615145929251,0.00903621640609347,0.00856340389205421,0.0026551386534189,0.00435646534038378,0.00308481484345361,0.00381649110024557,0.00767546166359082,0.00387858841527058,0.00434740892459839,0.00551835203016166,0.0027809283232896,0.00654422515147549
0.00290084442292727,0.000875108601830863,0.00569991160934134,0.00716077205007522,0.00697367857885553,0.00170398168488856,0.00307539820979416,0.00647324983478474,0.00902135336926821,0.00855270580262763,0.00265164839540111,0.0043546107287699,0.00308044462350762,0.00381195126201791,0.00766534019581868,0.00387618947032224,0.0043403515055528,0.00551665798180463,0.00277745526341633,0.00653464375663912
0.00290069483666942,0.000874874135070818,0.00569558441610371,0.0071583763136544,0.00697110787144801,0.00170216957179403,0.00307553535014444,0.00647221067168518,0.00901316186468633,0.00855355830173675,0.00265499856214846,0.00435757058001685,0.00308331915697402,0.0038178095490652,0.0076690239593992,0.00387579024550876,0.00434229512234991,0.00551316373923356,0.00280758746044353,0.00653696803246448
0.00290693339296264,0.000876106232248139,0.0057059982639982,0.00716976662214976,0.00698344576293233,0.00170620024069123,0.00308024177546832,0.0064808993076612,0.00903930455921229,0.00856728252479512,0.00265940957704227,0.00435947256953611,0.00308616494043926,0.00381730663277424,0.00767478953139917,0.00387959368745849,0.00434597228817767,0.00553318501114063,0.00278305768378944,0.00654525074438674
0.00290496293521864,0.000875583472139151,0.00570101647049428,0.00716756047681426,0.0069788198090538,0.00170534933486371,0.00307572434706932,0.00647633848995015,0.00903107144713927,0.00855795671731011,0.00265408270093305,0.00435543649137177,0.00308159688752621,0.00381972341671716,0.00767570556880562,0.00387691926200454,0.00434296243933543,0.00551780936523095,0.00277918584765625,0.00654674023445304
0.00290478508704611,0.000876041751539572,0.00570317766639445,0.00716398200364016,0.00698001086951052,0.00170536027975323,0.00307816386385803,0.00647811731546035,0.00903122339882845,0.00856169540466883,0.00265729036413261,0.00436006718883231,0.00308654110801853,0.00381916590442352,0.00767320524318908,0.00388117944110751,0.00434365384572132,0.00552181381799778,0.00277988494610395,0.00654550020323171
0.00290556605665887,0.000876800795450173,0.00570585494421902,0.0071678060402675,0.00698537637795392,0.00170533579640096,0.0030778679848122,0.00648204618515052,0.00903254666261134,0.00856286143237997,0.00265636900185589,0.00436021517928359,0.00308536700188778,0.00381741144127058,0.00767533259254832,0.00387976605330383,0.00434951282222124,0.0055222010447895,0.00278000124970002,0.00654937779642705
0.00290367452778676,0.000876445161096392,0.00570528703829465,0.00716646697846431,0.00698280576762225,0.00170589879317812,0.00308189989752696,0.00647967569925797,0.00903173621753017,0.00856254167394069,0.00265905159203302,0.00435788253567961,0.00308376595746351,0.00381655889181181,0.00767631309683982,0.00387961308423446,0.00434707482926967,0.00552957990988529,0.00278139679564195,0.00654251863039403
0.00290603971402908,0.000875806022379517,0.00570254639312014,0.00716477495123232,0.00698082051869824,0.001710757181492,0.00307825233518284,0.0064773783802048,0.00903757211815161,0.00856714296000702,0.00265619330603551,0.00436277648042145,0.00308496712859007,0.00382029655701662,0.00768111631319543,0.00387855711297147,0.00434360621792217,0.00552005438938481,0.00277990649714566,0.00654339840781822
0.00290814414994043,0.000876054476439791,0.00570584024814961,0.00716681630073455,0.00697981905748408,0.0017045255331567,0.00307929188334012,0.00647623385502222,0.0090377277747004,0.00857313650957405,0.00265954574031006,0.00435912689358614,0.00308828079346918,0.00382064546133916,0.00767592118287474,0.00387934845495634,0.00434659778846531,0.00552970822717558,0.00278492924464564,0.00654238016263559
0.00290631541476738,0.000876547693429261,0.00570407732577453,0.00716770033096737,0.00698040093518938,0.00170614481499639,0.0030842448880226,0.0064796178469616,0.00904149411865141,0.00856471214234281,0.00266015869164629,0.00435929125571509,0.00308467606163643,0.00381808936180183,0.00768191601050071,0.00388148141819158,0.00434775156621661,0.00552683886725197,0.00278111402949229,0.00654351355133537
0.00290325300125524,0.000875522502659282,0.00570047955833506,0.00716136778817467,0.00697865498764236,0.00170428715942647,0.00307888045785038,0.0064766132954041,0.00902763285075353,0.00855617079245625,0.00265606082122176,0.00435433863998783,0.00308315794678499,0.00381513729246318,0.00766981055045342,0.0038760314660036,0.00434482642983421,0.00552247463225634,0.00277905701641107,0.00653814568350375
0.00290455281814931,0.000875712005440578,0.00570344782256188,0.00716278883016245,0.00697946224039826,0.00170462075016191,0.00308075456437549,0.00647513658018949,0.00902933647544912,0.00855715494678465,0.00265776280508735,0.00435625462562851,0.00308426657466261,0.00381473826599463,0.00767118877307657,0.00387806670365844,0.00434343716544463,0.00552642995126228,0.00277923506519361,0.00653913453448246
0.00290927467810912,0.000876203023660243,0.00570749445195847,0.00716745596344586,0.00698217728839187,0.00170538789485754,0.00308207728747995,0.00647775962084681,0.00903697446990801,0.00856182324154815,0.0026555630219361,0.00436191439354819,0.00308593450397446,0.00381822929752345,0.00767852520181663,0.00387886816489183,0.00434918563659349,0.00552157234170454,0.00278142395693795,0.00654606235366309
0.00290411950695081,0.000875320969559447,0.00570267958106662,0.00715939737262325,0.00697685121563714,0.00170437112860319,0.00308041582617206,0.00647898396278143,0.00903185134819933,0.0085559485743443,0.00266567172934588,0.00435907959290511,0.00309521197637632,0.00381258508262754,0.00766881463537997,0.00387826444623946,0.00434051304055334,0.00551813616110232,0.00277771896447851,0.00653653758221334
0.00290050895562151,0.000874973975895202,0.00569634360042966,0.00715682029692763,0.00697540927892426,0.00170326738371945,0.00308066913831123,0.00647346076212187,0.00903127068307988,0.0085592864890849,0.00265392005065732,0.00435403098221407,0.00308250985958281,0.00381212551088466,0.00767062429122028,0.00387729108220305,0.00434124038143301,0.00552107689434913,0.00277914760123759,0.00653670780640701
0.00290238501557825,0.000875772875621171,0.00570137169416695,0.0071619815405411,0.00697969126096466,0.00170415121091233,0.00307625907676084,0.0064738644038476,0.0090252540874169,0.00855876744811691,0.00265429449140701,0.00435578128901621,0.00308268816798043,0.00381564950624569,0.00767642875429179,0.00387798826242322,0.004343753349772,0.00551857712086071,0.00277869302595701,0.00654038215447543
0.00290329811603485,0.0008761023899649,0.00570005095679776,0.0071637282395686,0.00698173583876314,0.00170665906729856,0.00308632718876024,0.00647275231935378,0.00902574357821042,0.00855691046995501,0.00265616655267829,0.00435839506652256,0.00308304935424205,0.00381711529096956,0.00767480115641745,0.00387650067819839,0.00434340786326406,0.00552347284114966,0.00278072675610434,0.00653987179583834
0.00290121476765267,0.000874940523322733,0.0056984658452604,0.00716007099694206,0.00697357043668895,0.00170249722461693,0.00307959093365289,0.00647494509404287,0.00902728601628338,0.00854947810690453,0.00265938232618625,0.00435306528482289,0.00308148052414283,0.00381169857172357,0.00766736428048838,0.00387440921815008,0.00434166963939607,0.00551939079143474,0.00278278088152189,0.00653516661301564
0.00290252558056544,0.000876328838905816,0.00570456862774523,0.00716373803227101,0.0069768959866022,0.00170612297603831,0.00308162887664077,0.0064791960608657,0.00903270866589235,0.00856453035834782,0.00265838502578821,0.00435830474591524,0.00308416170463118,0.00381697229794663,0.00767239007863944,0.0038786461079789,0.00435194002909164,0.00552665810896109,0.00278037236448857,0.00654099441569532
0.00290667824214542,0.000876180311798652,0.00570463304445757,0.00716754847163167,0.00697996351813587,0.00170646727738498,0.00308312460330247,0.00648393035147158,0.00903243273374337,0.00855933065680795,0.00265564563811805,0.00436004890514238,0.00308733957528741,0.00381773537405364,0.00767705771914693,0.00388023447652813,0.00435004678984433,0.0055253373004817,0.00278349424661667,0.00654356226480055
0.00290423636953342,0.000875747311424613,0.00569770752573572,0.0071599339583654,0.00697807231589341,0.00170466538556758,0.00308273996225054,0.00647525873506721,0.00902798662570212,0.00855999401621934,0.00265766133862547,0.00435739840153053,0.00308263644464462,0.00381509211769225,0.00767841074129198,0.00387658933461296,0.0043449821864096,0.00552207285917269,0.00277901612042184,0.00653924474819934
0.0028983956251004,0.000875341680978911,0.00569996330982107,0.00715216849444133,0.00697412587561474,0.0017042187618834,0.00307835434069676,0.00646950493753385,0.00902493000676161,0.00855485154157169,0.00265607837103888,0.00435316656094422,0.00308186706240793,0.00381076774110035,0.00766187674400854,0.00387590293541448,0.00433956789184355,0.0055241016110322,0.00277734346624381,0.00653378672732163
0.00290522730824386,0.000876536120354679,0.00570256071776064,0.00716679564223054,0.00698119698336034,0.0017058945467014,0.00308377172061807,0.006477016150773,0.00903308776789957,0.00856197619520442,0.0026571051201025,0.00435991629495796,0.00308590225958474,0.00381743702579081,0.00767570403650145,0.00388132464017237,0.00434549949249955,0.00552787495607542,0.00278088177009448,0.0065437122997118
0.00290315152532067,0.000876358859822155,0.00570540832449342,0.00716827789116868,0.00698115480792235,0.00170543224993999,0.00307785251015833,0.00647836105526544,0.00903380988263211,0.00856507225684194,0.0026570269468419,0.00435917918405006,0.00308452022152506,0.00381623035428397,0.00767608800381781,0.0038797094587932,0.00434570451138241,0.00552357785145083,0.00278128359802087,0.00654545167297231
0.00291019736977139,0.00087674252151819,0.00570527835711886,0.00716404489371319,0.00698157525060732,0.00170489092337609,0.00307952588527211,0.0064872097878633,0.00903223588541694,0.00856672010234141,0.00265601582381889,0.00435819562500474,0.00308360544960893,0.0038183243772695,0.00768825750922875,0.00388141292134565,0.0043473851059016,0.00552179556088894,0.00278175175076384,0.00654285701925237
0.00290450557603046,0.000876092051954179,0.00570561674277582,0.00716820832875353,0.00698349108666651,0.00170522792414309,0.00308131179222954,0.00648234229579957,0.00903522749225121,0.00856471977897304,0.00265867878218432,0.00435967471319295,0.00308522247187183,0.00381573925230672,0.00767678819169229,0.0038797759055307,0.00434674387603159,0.00553082471527126,0.00278112536431716,0.0065415041814323
0.00290146294177689,0.000874949600047211,0.0056962367677118,0.0071557330583427,0.00697572741951108,0.00170336631774533,0.00307743862822865,0.00647015351558974,0.0090203280024924,0.0085525341921369,0.00265378053032807,0.00435172761373503,0.00307973358733849,0.00381290896875373,0.00766439038127346,0.00387598789213992,0.00434552823130325,0.00551759104518636,0.00277950036867231,0.00653638559358029
0.00290422096436315,0.00087658822332508,0.00570592706359973,0.00716585360573054,0.00698293695046188,0.00170613671437368,0.00308213189443602,0.00648006633249585,0.00903633545448046,0.00856547924084169,0.00265973859873722,0.00436080910338996,0.00308488042470851,0.00381746085975792,0.00767805972477133,0.00388109115130658,0.00434704271270332,0.00552979908967694,0.00278283465228565,0.00654252547922463
0.002899805702282,0.000875208727997489,0.00569662224913821,0.00715711054914444,0.00697434855908922,0.00170178144833502,0.00307436390733933,0.0064673527635514,0.00901830792564187,0.00855403015855445,0.00265230867155623,0.00435103694042921,0.00307985947061852,0.00381850870523699,0.0076637758887562,0.00387518283057353,0.00433755083312448,0.0055256996264303,0.00277667805782326,0.00653525679261183
0.00290286772343379,0.000876231218871944,0.00570452653263282,0.00716400773721067,0.00697964698991805,0.00170563162872669,0.00307955273516539,0.00647874405126953,0.00903119382501463,0.00856052414661042,0.00265802916217173,0.00435741801357344,0.00308318841718302,0.00381495929330524,0.00767274853049235,0.00387890217527809,0.0043450009632333,0.00552867229568387,0.00277973893613955,0.00654351363451068
0.00290436935365055,0.000875596417744481,0.00570318008905838,0.00716059621916285,0.00697943524340927,0.00170354671344142,0.00307772929967519,0.00647620428615847,0.00903124012985154,0.00856769401920031,0.0026549120445151,0.00435454915713587,0.00309529506525497,0.00381539210376862,0.00767183013992639,0.00387614296501987,0.00434106844854322,0.00552599726234137,0.00277926095110118,0.00653707429955381
0.00290346592147405,0.000875839898969115,0.00570230183848386,0.00716574492829963,0.0069806241994703,0.00170560521604462,0.00307934610937337,0.00648191233152109,0.0090278154722722,0.00856279118452439,0.00265742157603257,0.00435889235068017,0.00308374566148492,0.00381597776331094,0.00767431647258918,0.00387886854786607,0.00434636553591616,0.00552822342362122,0.00277990795530147,0.00654092957861333
0.00290337293133031,0.000876049489491346,0.0057011177038734,0.00716591530852164,0.00698114853578229,0.0017055320581622,0.00308081880593331,0.0064787777564295,0.00903073258241716,0.00856298270494067,0.00265850356246005,0.00435937138591944,0.00308497922328185,0.00381584955789165,0.0076779490684438,0.00387982208208595,0.00434675472975529,0.00552855186446481,0.00278169455732201,0.00654203883703741
0.00290625185493035,0.000875797412741649,0.00570071642268157,0.00716203691496708,0.00697724094709431,0.00170413185916033,0.00307709361127121,0.00648533094420583,0.00902698496471189,0.00856308246285452,0.00265532310742761,0.00435593772691012,0.00308658182788527,0.0038156151298279,0.00768361547255863,0.00387679661795858,0.0043465192077455,0.00552018345800174,0.00277812758925938,0.00654807186228036
0.00290317758207,0.000875692476947805,0.00570603873114184,0.00716484431795188,0.00697984785059397,0.00170474784385081,0.0030825574116567,0.00647879171599079,0.00902888343196091,0.00856255967715057,0.00265777178659277,0.004357505019141,0.00308354499457774,0.00381530181275089,0.00767475055518127,0.00388042597729673,0.00434340954686834,0.00553081263106291,0.0027792940639214,0.00653987295162428
0.00290391987491943,0.000875828471739089,0.00569979017449318,0.00715765257667179,0.00697819131094409,0.00170509794670158,0.00308040121370846,0.00647685418005079,0.00902933847441611,0.00856108130174876,0.00265733608125082,0.00435613930683221,0.0030831753743393,0.00381503486492382,0.007671170808966,0.00387817376218434,0.00434320177761933,0.00552940484997751,0.00278060924646776,0.00653986656047244
0.00290565195435269,0.000876750447154387,0.0057065080213543,0.00716860428110913,0.00698285538383729,0.00170576110594971,0.00308124098138296,0.00647884636929299,0.0090343620263291,0.00856590804285896,0.00265924944189947,0.00436326978251982,0.00308603262709633,0.00381870275250341,0.00768096117403227,0.00388297306073732,0.00434590637988517,0.00553002369558054,0.00278195218791674,0.00654446194026998
0.00290737946248713,0.000875842128013511,0.00570128273352653,0.00716722551977242,0.00697700585495786,0.00170468694289074,0.00307544448888544,0.00647788853726113,0.00902434457406161,0.00855807057509743,0.00265430520681771,0.00436257395875744,0.00308204741520325,0.00382329453568785,0.0076727794307017,0.00387721443815684,0.00434282546088552,0.00552070512446868,0.00278241742976983,0.00654584459689011
0.00290577586927519,0.000876375046297589,0.00570494128397581,0.00716765264544458,0.00698067798762475,0.00170433296358,0.00307977932981595,0.00647935548333373,0.00903232770226241,0.00856260504770199,0.00265755633572676,0.00436022437120801,0.00308735949530078,0.00381962413585904,0.00767558654137502,0.00387838991827531,0.0043454218805564,0.00552070499458336,0.00278072808734993,0.00655068503036606
0.00290607864536862,0.000875848953888184,0.00570370718320324,0.00716151501008739,0.00698165286511165,0.00170291712287497,0.00307689451810509,0.00647642734054051,0.00902266409618139,0.00855326519399422,0.0026545710459158,0.00436037118962595,0.00308214290341695,0.00381354436333074,0.00767531672167147,0.00387589866633403,0.00434455154040824,0.00551986806471334,0.00277952466597442,0.00653765285764467
0.00290999759343955,0.000876320759724641,0.0057007301417299,0.00716832521024019,0.00698227381566439,0.00170584331349647,0.00307743314164308,0.00647587593790089,0.00903302063479882,0.00856359719270911,0.00265625332859628,0.0043585908902113,0.00308579263368473,0.00381462907740528,0.00767885418284662,0.00387930152927541,0.00434884094400767,0.00552594802244672,0.00278052168147061,0.00654881545727986
0.00290397172330405,0.000875587257856107,0.0057007341036473,0.00716217350900443,0.00697694108320633,0.0017063748407768,0.00307763103977962,0.00647454746745185,0.00902705699085693,0.0085565945128525,0.00265420374107487,0.00435766188123536,0.0030859104592759,0.00381374992254336,0.00767820875436196,0.0038811522759049,0.00434426011190549,0.00551837253850277,0.00278229163490755,0.00653877370061405
0.00290602671732589,0.000876127243142691,0.00570742503355799,0.00716619615426463,0.00698262366087421,0.00170591380288489,0.00307957979740623,0.00648056484085599,0.00903410879044648,0.00856859235174858,0.00265780135469538,0.00435892941281927,0.00308553491652602,0.00381590188972491,0.00767585821667657,0.00388013349422326,0.00434600687008353,0.00552725485365064,0.00278074053338282,0.00654354557841447
0.00290103639186457,0.000875827449315427,0.00570462739240546,0.00716089595994091,0.00697513816585971,0.00170455218995124,0.00307733323560634,0.00647724881462148,0.00902764281352792,0.00856103868895587,0.00265477039417916,0.00435753145827972,0.00308301336810666,0.00381619288610861,0.00767307146325634,0.00387885871763591,0.00434286650602177,0.00551909361818805,0.00277983996098566,0.00653898394071985
0.00290519978320439,0.000875889755297671,0.00570333378514852,0.00716288975355015,0.00697788362886612,0.00170543396558588,0.00307631567244489,0.00647555040705292,0.00903751713582129,0.00855774455568888,0.0026549173452004,0.00435552314587748,0.00308558051607329,0.00381865788345229,0.00767758143615266,0.00387697927866223,0.00435002855256844,0.00552367432354138,0.00277960808193293,0.00653989639248474
0.0029083028410074,0.000876438110525581,0.00570668972064626,0.00716739640734576,0.00698047359831147,0.0017050882660691,0.00307749854022072,0.00647861449248786,0.00902859284317131,0.00856484150412033,0.00265615327337879,0.00436209212379548,0.00308799054384755,0.00382085278968309,0.00767633354229825,0.00388150896591432,0.0043468467890301,0.00552097177319337,0.00278395598998475,0.00654326368434505
0.00290421558634239,0.000876624928805457,0.00570509926767143,0.00716764713010314,0.00698236876741158,0.00170565427927483,0.0030810367899176,0.00648024525836985,0.00903813125700631,0.00856239504907695,0.0026590841314821,0.00435920788284061,0.00308391901374434,0.00381778286598929,0.00767763434412367,0.00388355355687732,0.00434385316120624,0.0055298265378771,0.00278133442837595,0.00654214488706394
0.00290624073813113,0.000875501039691283,0.00569930232276328,0.00716188363603767,0.00697525703503471,0.00171457382490792,0.00307620538852428,0.00647548875103763,0.00902595369247981,0.00857017899008998,0.00267096243430047,0.00435577937202928,0.00308169722472323,0.0038405693969108,0.00768270363585446,0.00390357266955492,0.00437849258082934,0.00552571233415576,0.00279668214123719,0.00653934117701953
0.00290541285469823,0.000876076250549407,0.005703503417587,0.0071654454393251,0.0069813508958267,0.00170613486143104,0.00307828019750239,0.00647648149690116,0.00904096447671586,0.00856155496308291,0.00266469288730113,0.00436053882336659,0.00308465949923607,0.00381733870139602,0.00768049425319519,0.00388040389214896,0.00434595766912424,0.00552629880395528,0.00278185692031138,0.00654562300216712
0.00290311227708398,0.000875670727784275,0.00570118225955149,0.00716031058197704,0.00697687849381528,0.0017086439875809,0.00307673710800115,0.00647449539190868,0.00902502892496448,0.00855926346118438,0.00265587745941931,0.00435339111034392,0.00309278322759302,0.00382933737876743,0.00767364083102792,0.0038762181047636,0.00434075954541554,0.00551781686266778,0.00278142722151738,0.00654025363509057
0.0029106245425504,0.000876457478641529,0.00571138906552469,0.00716582057983425,0.00698757113915444,0.00170785888889863,0.00307895244738117,0.00648408237022712,0.00903609325204507,0.00856824187597427,0.002659130528658,0.0043607623903939,0.00308987634445741,0.00382019654545074,0.00768178485703394,0.0038851832430598,0.00434876586131355,0.00552237075530236,0.00278162296234269,0.00654666464252152
0.00290305105480159,0.000876163590737677,0.00570631317151663,0.00716286932791229,0.00697385123479904,0.0017050542375838,0.00308167167534365,0.00647732675146876,0.00903009152801309,0.00856413805652513,0.00266187288649905,0.00435863397066257,0.00308232044642881,0.00381517599568393,0.00767052803137994,0.00387817317877393,0.00434466066183051,0.00552400022209547,0.00277898617753301,0.00654157624624431
0.00290052274990294,0.000874510740834865,0.00569769775400862,0.00715905800143727,0.00697328786680999,0.00170278075864851,0.00307501570960815,0.00646688191070231,0.00901602325056277,0.00854854069435758,0.00265194104063772,0.00435143802616083,0.00308096072881037,0.0038123671671232,0.00766642191686702,0.0038743949722765,0.00433916131040145,0.00551389743223065,0.00277708352243104,0.00653196389654091
0.00290596161005332,0.00087622493315878,0.00570535400890158,0.007165250505351,0.00698280890479072,0.00171190000542566,0.00307970920569693,0.0064814143491418,0.00903261388935062,0.00856468162326365,0.0026589784127812,0.00435959806060077,0.00308421675776936,0.00382035615886642,0.0076743739602773,0.0038798133537868,0.00434601692464562,0.00552507324272511,0.00278132172632146,0.00654079825398271
0.00290379235901388,0.000876174402962323,0.00570442517053295,0.00716620211832498,0.00698080954329695,0.00170849281260777,0.00307870687614663,0.00647862538611305,0.00903150815017637,0.00856486208532837,0.00265477204568526,0.00435778248028285,0.00308453030762265,0.00381851090416792,0.00767620422141492,0.00387930797266395,0.00434405407749112,0.0055201289824295,0.00278598659439175,0.00654310186522738
0.00290841146115518,0.000875287962365128,0.00569800827917,0.00716338122011867,0.00697680404887219,0.00171237817870088,0.00307888555770118,0.00647320101554706,0.00902444665472782,0.00855942955539941,0.00265479751380031,0.0043601082687971,0.00308514963156377,0.00381373540474849,0.00767170986764394,0.00387934757309776,0.00434194113645591,0.00552444148271959,0.00277920080083693,0.00654432299380816
0.00290068048128816,0.000875176861948835,0.00569963464606094,0.00715917443076607,0.00697451506939948,0.00170391917036001,0.00307760207883686,0.00647054545203308,0.00902407054144777,0.00855396277510864,0.0026546464108635,0.0043536511296367,0.00308102972833196,0.00381099963195926,0.00766728767635526,0.00387657173459156,0.00434241404241568,0.00552162922675607,0.00277889800770796,0.00653315110638752
0.00290448750254298,0.00087600839024404,0.00570346416067574,0.00716454409359414,0.00697948238721928,0.00170520498239482,0.00307894012570307,0.00648413659160422,0.00903807309059871,0.00856211877688776,0.0026578955280085,0.00435953990915347,0.00308346137407853,0.00381520474529865,0.00767249928722983,0.00387769436550564,0.00434309429730802,0.00552712443897208,0.00279095565516783,0.00654501321106469
0.00290336174812067,0.000876043385201269,0.00570324158482993,0.00716489449947792,0.00697901264365966,0.00170484133377212,0.00307770674148605,0.00647728629238279,0.00902891060959477,0.0085593622912566,0.00265457162962601,0.00435769331451233,0.00308288805121205,0.00381511832983233,0.00767208978462006,0.00387852741150416,0.00434404523008629,0.00551850339513746,0.00278037192821073,0.00653886310428359
0.00290192281980516,0.000875569114982382,0.00570323830446403,0.00716321766982763,0.00697768514066602,0.00170381224529628,0.0030757400205177,0.00647472447873833,0.00902482236579169,0.00857729244195079,0.00265370967755835,0.00435488275110043,0.00308236725531628,0.00381461578516392,0.0076728979914881,0.00387671715771397,0.00434498950311238,0.00551928583979534,0.00277919474363158,0.00653952608742865
0.00290679438887026,0.00087663843237785,0.00570650942104947,0.00716896102603286,0.00698166623769156,0.00170486793143125,0.00307891699610885,0.00648032392782121,0.00903688793533703,0.00857411839676628,0.00266935360562545,0.00435953673402816,0.00308506452594074,0.00381835655523391,0.00768510394368798,0.00388014034173,0.0043468422199102,0.00552312367023582,0.00278363335226712,0.00654562952262846
0.0029054073998756,0.000876054683974568,0.00570521072769996,0.00716679216505776,0.00698073483221093,0.00170590503963835,0.00307829064384251,0.00648160947254572,0.00903383860538319,0.00856322220380672,0.00265744468346896,0.00435588441612017,0.00308416632602738,0.0038190047708676,0.00767525034019904,0.00387903330477489,0.00434580101924163,0.00552226793859385,0.00278998646252467,0.00655057403185727
0.00290293561414843,0.00087587660760952,0.00570320908971749,0.00716246210577711,0.00697769251374561,0.00170448633205113,0.00307864194301072,0.00647640989521461,0.0090282359360833,0.00855765719758315,0.0026558860710272,0.00435665677212526,0.0030820889241264,0.00381436047851796,0.00767180389873665,0.00387737365336829,0.00434322412597476,0.00552646647476074,0.00277931570046152,0.00653828728409344
0.00290129392516187,0.00087564345055803,0.00570296365511819,0.00716243912777722,0.006974920612602,0.00170370056112749,0.00307619913667776,0.00647566462714304,0.00903145778337887,0.00855748294269916,0.00265315507548781,0.00435540465296967,0.0030836457099541,0.00381339988288609,0.00766976512726782,0.00387860758556677,0.00434456829079636,0.00551802663725632,0.00278029452999686,0.00653749759969129
0.00290716050372128,0.000875721860650828,0.00570100044127037,0.00716030407846044,0.00697589990289978,0.00170429640404056,0.00308067706026399,0.00647883101603387,0.00904414231569191,0.00856043082707464,0.00266405994142669,0.00436234797436593,0.00308571874290912,0.00381432062653288,0.00767676787789879,0.00388058475379886,0.00434442915695504,0.00552341717906587,0.00278118623274645,0.00654283473669585
0.0029049751276815,0.00087582037162064,0.00570380036455042,0.00716222857210013,0.00697998813339448,0.00170454269976072,0.00307730493358904,0.00647677676790013,0.00903400876349927,0.00856411084510653,0.00265595902024664,0.00435771900417078,0.00308380490415552,0.0038148769497429,0.00767558688267372,0.00387833748421172,0.00434403189050938,0.00552206327174492,0.00278011606347834,0.00654618023296558
0.00289971768558975,0.000874774186043573,0.00569869989687024,0.00715357645595337,0.00696948748696663,0.00170346022297205,0.0030776404147954,0.00647230813398338,0.0090226825890966,0.00856062913341,0.00265497179999329,0.00435557117660614,0.00308258029150615,0.00381144018123133,0.00766980193723419,0.00387616071284745,0.00434258544004694,0.00551886306500573,0.00277896464799254,0.00653515133569449
0.00290695002725687,0.000876366659178803,0.00570879311453048,0.00717101312849073,0.00698233500002935,0.00170551769267225,0.00308197313167312,0.00648472896368728,0.00903996357327669,0.00856530291711434,0.00265836698875888,0.00436394251853773,0.00309507596636127,0.00382202279327532,0.00767674271175867,0.00388674669816382,0.00434710499561286,0.00553076315232964,0.00278340518534334,0.00654594397913222
0.00290451047625652,0.0008748887864177,0.00569575904584969,0.00715475404563394,0.00697056705333761,0.00170295513203665,0.00307350387839824,0.00647010711207311,0.00901655758567288,0.00855077622218862,0.00265280683641524,0.00435362686499164,0.00308103980892348,0.00381388014030139,0.00767280353021829,0.0038726140587931,0.00433933322627889,0.00552017320676576,0.00277616531163509,0.00653295180280245
0.00290629484189722,0.000876144686364431,0.00570364585230509,0.00716446121762721,0.00698185022304614,0.00170409114844459,0.00307993039781718,0.00647951804916276,0.00903079257357949,0.00855804249332729,0.00265443219470047,0.00435623227623433,0.00308396296037184,0.0038142476839389,0.00767667323086885,0.00387944024408002,0.00434491832122895,0.00551965969505285,0.00277882883332089,0.00654566269583792
0.00290683207900938,0.000876295276364628,0.00570412675375262,0.00716807047987691,0.00697615502089363,0.00170542140881643,0.0030794594256092,0.0064811392776563,0.00903295778718683,0.00856496784021807,0.00266004006828293,0.0043580743960667,0.00308332508922957,0.00381439533293139,0.00767228465337003,0.00387881755259704,0.0043451043955599,0.00552768584281876,0.00278112773306256,0.00653926634693286
0.00290269026751676,0.000876417289736022,0.00570196026026314,0.00716357502719873,0.00697920976559027,0.00170537147949547,0.00308262591722615,0.00648168451280921,0.00903700234553158,0.00856259047177925,0.00265876703694439,0.00436018258484879,0.00308440538952238,0.00381704392146736,0.00767484437198027,0.00387864550906628,0.00434608945416306,0.00553186969744378,0.00278115951811865,0.00654235427995321
0.0029047167373369,0.000875904507585325,0.00570324733037898,0.00716639558474675,0.00698046813612397,0.00170405237104483,0.0030903644910431,0.00647644527603599,0.0090400290379686,0.00856215318922514,0.00265501691722491,0.00435627440162432,0.00308367497071523,0.00381781552300832,0.00767381794300688,0.0038773352451334,0.00434447236376495,0.00552132478674474,0.00277945335412777,0.00653992183071755
0.00290018169236126,0.000875500259656975,0.0056983711256752,0.00715815487765795,0.00697484277378715,0.00170306102114632,0.0030754430221894,0.00647094877601796,0.00901764183327026,0.00855082916377976,0.00265275432127769,0.00435111585146757,0.00308209201888281,0.00381326892644737,0.00766544193965309,0.0038742763403065,0.00433901755668637,0.00551529578681711,0.00277715119342503,0.00653511910134475
0.0029014122853969,0.000875718994824747,0.00570140465725627,0.00716481093284035,0.00698029093027133,0.00170356519709402,0.00307582133698011,0.00647419973838259,0.0090225096351921,0.00855733445270141,0.00265284665824355,0.00435508824447264,0.0030816625866297,0.00381314056958823,0.00767002343977345,0.00387747404252222,0.00434147031098449,0.00551687807027472,0.00277907898946409,0.00653980124282326
0.00290854756474492,0.000876333852275116,0.00570645327669466,0.00716842941706671,0.00698178369832012,0.00170450287260469,0.00308033674768779,0.0064816744913077,0.00903270376388084,0.00856377084989489,0.00265829807458722,0.00435670681424048,0.00308388718442965,0.0038170245392654,0.00767775815900842,0.00387935674748918,0.00434633174877795,0.00552893944281644,0.00278048856135454,0.0065426216670707
0.00290248051811329,0.000876073458397533,0.00570125323077653,0.00716215120748779,0.00697778373184175,0.00170381472453097,0.00307859231335246,0.00647543268160278,0.00902797746250137,0.00855907895329803,0.00265373849424145,0.00435578399535771,0.00308237173693902,0.0038142301546851,0.00767243932733699,0.00388066964026901,0.0043450270159401,0.00551889227254045,0.00277927477680985,0.00653914058417012
0.00290061362172395,0.000875583825803169,0.00570070916159453,0.00715880793195749,0.00697385679684332,0.00170353406315349,0.00307817296115554,0.0064748532746915,0.00902386428261169,0.0085545127457746,0.00265613883130727,0.00435598285614156,0.00308165895414806,0.0038131553116684,0.00766798297487279,0.00387687152445582,0.00434215309381061,0.00552462737256321,0.00277823964482929,0.00653666010410834
0.00290261235469247,0.000875442774651441,0.00570218439700221,0.00716129505769225,0.00697411840812114,0.00170398136952346,0.00307816365985325,0.00647676547798381,0.00902469122177872,0.00855871216420786,0.0026543435792415,0.00435408312773192,0.00308278464059137,0.00381239083732515,0.00766867551116004,0.00387877338252765,0.00434336858831512,0.00552107744627704,0.00277973933756286,0.00653618824589238
0.00290882867063696,0.000876533730645738,0.00570564358801583,0.00716822160276879,0.00698494670981898,0.00170554572912299,0.00307972148742301,0.00648367842277178,0.00903470902008218,0.00856986846661176,0.00265751942179665,0.00435947083395147,0.00308407333956418,0.00381943274025832,0.00768103681284895,0.00388082213553095,0.00434632663338598,0.00552370741723592,0.00278309133304724,0.00654433968721196
0.00290394320407803,0.000875643446098684,0.00570186891282205,0.00715980882505419,0.00697774826958395,0.00170892111219875,0.00307938139919106,0.00647618016479279,0.00903738080892127,0.00856114578892864,0.00266417821196479,0.00435863485881146,0.00308286744985201,0.00381346176413408,0.00766939981854377,0.00387605375916526,0.00434392444774491,0.00552131157952435,0.00279003350079186,0.00653881091125659
0.00290156572870455,0.000875584419613984,0.00570175824855024,0.0071639313268352,0.00697694481310443,0.00170436211308041,0.00307623937484461,0.00647415541751859,0.00902531807471384,0.00855941782233207,0.00265449269514976,0.00435610334765207,0.0030826747822701,0.00381461504382525,0.0076711436289702,0.003877966622126,0.0043440625905117,0.00551830593950185,0.00277959673052765,0.00653871021161082
0.00290144758684741,0.000875707230032151,0.00570309891516204,0.00716561281883078,0.00697837709498318,0.00170437175101407,0.00307964739392156,0.00647564091019276,0.009029063561526,0.00855662200450404,0.00265651507960839,0.00435799258361758,0.00308290079903242,0.00381437555805772,0.0076726018581171,0.00387729260626972,0.00434415887881951,0.0055264806762224,0.00277938389349873,0.00654266041449426
0.00290184094538435,0.000876145002532308,0.00570151900980404,0.00716491230093104,0.00698170745486452,0.00170579008389914,0.0030803011911454,0.00647737457698057,0.00903093805614846,0.00856045607593316,0.0026562828731929,0.00435823543709768,0.00308308928670121,0.00381618275836305,0.00767477633773943,0.00388325634041158,0.00435264031209905,0.00552300160958812,0.00278316984030909,0.00653879264022963
0.00290319406334593,0.000875181770368885,0.00569613778686001,0.00715497975729757,0.00697510539804017,0.00170123753738045,0.003073760625095,0.00647115318955651,0.00903684703617284,0.0085542635720551,0.00265386100170957,0.00435584217497048,0.00308396763521957,0.0038130446200091,0.00766978807395938,0.00387741668843944,0.00434668283983327,0.00551547166697971,0.00278251429823451,0.00653693920046613
0.00290358427809646,0.000876181754441647,0.00570100048188681,0.00716488732804311,0.00697428809425213,0.00170442818407091,0.00307972696932207,0.00647731623973046,0.00903118545785857,0.00856376273037882,0.00265693287079062,0.00436015276398797,0.00308367541216611,0.00381706759394127,0.00766898474643337,0.00388043001283295,0.00434363654204592,0.00552670715846314,0.00278026680323929,0.0065399012024644
0.00290764566399691,0.00087634595721995,0.00570327408978897,0.00716661584791788,0.00698195586599749,0.00170542199656684,0.00308108816608626,0.00648195561935725,0.00903397576304514,0.00856320521109798,0.00265825498808588,0.00435955967709438,0.0030839909001761,0.00381500968548137,0.00767534425088526,0.00387927021880694,0.0043460213523521,0.00553000070689862,0.00278110349518137,0.00654123200318086
0.00290986495911397,0.000876617311908813,0.00570552352752282,0.00716572692903475,0.00698403232034001,0.0017064369302745,0.00307865870080537,0.0064800127042589,0.0090355583309955,0.00856983854677346,0.00265642549108459,0.00435885033800018,0.0030849249214066,0.00382067242151417,0.00768607816739783,0.00387913979209074,0.00435194247670841,0.00552837006884965,0.00278201111922033,0.00654795847034053
0.00290249957784952,0.000876201818147143,0.00570337556767011,0.00716374228599989,0.00698047001402374,0.00170493783438473,0.00307870975225496,0.0064766408767403,0.00902893929016065,0.008561517286634,0.00265605335847306,0.00435933475096278,0.00308466627213164,0.00381613924252047,0.00767596721492581,0.00388005704335737,0.00434626062715323,0.00551950005604558,0.00278104927611452,0.00654191606898734
0.00290355729943853,0.000875823428846073,0.00570124145883123,0.00715997377803687,0.00697611885718491,0.00171543174670024,0.00308518004840952,0.00647455794401737,0.00902729456865223,0.00855844446033388,0.00266410907208765,0.00436950873264281,0.00309563410145578,0.00383022704944167,0.00767275056270329,0.00389010686424975,0.00435539334515653,0.00552252114757892,0.00278787227710397,0.00653686229021136
0.00290264008223484,0.000875635845908834,0.00570022586001771,0.00716056433394075,0.00697624572824888,0.00170629255885398,0.00307871787764214,0.0064751922051749,0.00902673759880696,0.00855733639016913,0.0026547773990327,0.00435639184258165,0.00308708025635938,0.0038117782568023,0.00766957340063022,0.00387617002260226,0.00434158086274457,0.00552011277634186,0.00277821530746947,0.00653688048972497
0.0029069848493617,0.000875903152130091,0.00570108434820279,0.00716710086770741,0.00697845328238773,0.00170413010203523,0.00307664355907934,0.00647763635436582,0.0090295038028563,0.00856153766247222,0.00265503428296524,0.00435849634512586,0.00308327857525068,0.00381687309168461,0.00767275154743512,0.0038791581238355,0.00434436219409724,0.00552517581714399,0.00278300658751747,0.00654042608668451
0.00289972934290961,0.000875290936237453,0.00569799048358651,0.00715868477879953,0.00697422570084474,0.00170320056586816,0.0030771338227313,0.00647296565858849,0.00901916093716719,0.00855039653928814,0.00265558575065933,0.00435341309630495,0.00308053708030916,0.0038119247906479,0.00766658281123974,0.0038749097065743,0.00434301824610954,0.00552403086504465,0.00277801042358556,0.00653263299785268
0.00290319560150629,0.000876021541011434,0.00570386376005976,0.00716741188767125,0.00698236510937144,0.0017068319960434,0.00308067965150115,0.00648095276076409,0.00903213211392919,0.00856199773888586,0.0026599344020986,0.00436236782505729,0.00308439709009838,0.00381876016895279,0.00767335447159613,0.00388283355521483,0.00434904505686243,0.00552841907188851,0.00278333140724682,0.00654004862827557
0.00290361911975151,0.000876265469172992,0.00570434603502123,0.00716403347508342,0.00698044918788165,0.00170542840853544,0.00308065405443122,0.00647738701233514,0.00903296490348939,0.00855780110216593,0.00265783894916694,0.00435811966085636,0.00308463054965068,0.00381559676476713,0.00767512026505645,0.00388041212120492,0.00434502736085728,0.00552909000698726,0.00278040871814392,0.00654324806718143
0.00290137670928935,0.000875477757665815,0.00569688557342414,0.00715797255879284,0.00697234700996383,0.00170232587331057,0.00307413052651041,0.00646978425134137,0.00901860581961444,0.00855527456767697,0.00265235691393088,0.00435393263200988,0.00308002014298126,0.00381161511225761,0.00766781513176759,0.00387426420805789,0.00433907026315622,0.00551485558206142,0.0027771280628112,0.00653357578917083
0.00290119328856767,0.000875569767623734,0.00569941350310162,0.00716288449644477,0.00697227000592613,0.0017041359978446,0.00307744602610149,0.00647531437695081,0.0090279341465788,0.00855337639593732,0.00265555924714425,0.00435565653424407,0.00308156935245381,0.00381248117737308,0.00767074075338967,0.00387632880182437,0.00434411787950003,0.00552362788179372,0.00277810476970796,0.00653406306658042
0.00290701270245352,0.000876273857302341,0.00570492440806878,0.00716799388204065,0.00698364518374567,0.00170495646838266,0.00307817177338617,0.00647904292308227,0.00904146364471503,0.00856459116811126,0.00265643317963879,0.00436004180202072,0.00308546014054944,0.00381701962032017,0.00767914745202473,0.00388038348560364,0.00434542763272538,0.00552791991099456,0.00278064446486425,0.00654280721307839
0.00290652710435479,0.000876324366518355,0.00570220923707164,0.00716330565894053,0.00697625323206993,0.00170509736277046,0.00308468698442853,0.00647625159158295,0.00903000301813286,0.0085574361119153,0.00266125852095882,0.00436766277283162,0.00309230981901394,0.00382441044730987,0.00767108805112904,0.00388903841334134,0.0043540339711941,0.00552265243996542,0.00277890811380486,0.0065380157685274
0.00290661750535627,0.000876186552922846,0.00570364327132305,0.00716641480228529,0.00697774439597414,0.00170468395082616,0.00308115480651623,0.00648231910300619,0.00903438259575863,0.00856005824776231,0.00266063607175881,0.00435806073773155,0.00308372014829215,0.00381621887404222,0.00767744113488467,0.00387713282046448,0.00434706038025974,0.00552087480644477,0.00278167398938393,0.00655300346885643
0.00290630186813997,0.000876320865899474,0.00570458424089499,0.00716667519322216,0.00698239276805694,0.00170479406349674,0.00308042938178894,0.00647941340176244,0.00905262987079326,0.00856483379738371,0.00265819515050978,0.00436255162479287,0.00308416390289442,0.0038202974011518,0.00767808771463708,0.00387977545324889,0.00434980422055338,0.00552099703408379,0.00278333723199252,0.00655030581909323
0.00290363246733607,0.000876180407147369,0.00570380913765523,0.00716673858308212,0.00698376824572049,0.00170567244768343,0.00308115144554205,0.00648144051926478,0.00903094419576883,0.00856500933540339,0.00265797113037224,0.00435972264027553,0.00308470780913953,0.0038182804179857,0.00767543310827389,0.00387922671629364,0.00435026164996001,0.00552879543100631,0.00278124306224929,0.00654325614151112
0.0029030431993224,0.000874863619294255,0.00569525355929404,0.00715641825138038,0.00697146478896367,0.00171204859315155,0.00309308828611016,0.00647446719221021,0.00902659187503926,0.00856678067514717,0.00266799637763442,0.00435878980969679,0.00309858682373166,0.00383275022208069,0.0076734363695293,0.00389757462561091,0.00436403012798298,0.00554626514111687,0.00279263536927219,0.00656766444135706
0.00290090135686659,0.000875730194306328,0.00569977030076559,0.00716284743993426,0.00697178399236782,0.00170399934095968,0.00307747862530662,0.0064761479997994,0.00902841073677992,0.00855848312277555,0.00265514694309307,0.00435580981853384,0.00308180402151835,0.00381342982142363,0.00766933484504702,0.00387622080998779,0.00434372311454091,0.00552572397042186,0.00278002009854398,0.00653678465219054
0.00290329002467034,0.000876010725461364,0.00570175017672084,0.00716216731348227,0.00698114607842466,0.00170359648044843,0.00307631964451206,0.00647512351076572,0.00903328198146921,0.00856046197339724,0.00265517655766614,0.00435758528663928,0.00308300786217116,0.00381402313780441,0.00767252298165747,0.00387779370061935,0.00434293393779364,0.00551960802708844,0.00277953132143784,0.00654053532779336
0.00290063495217962,0.000875338108421369,0.00569880412954347,0.00715819418716275,0.00697387260408385,0.00170318735298025,0.00307780937730896,0.00647536363014466,0.00902705082798264,0.0085549647081849,0.00265387468699956,0.00435547296596464,0.0030815126205743,0.00381188159439759,0.00766611017739124,0.00387569102993387,0.00434290908275127,0.00552409560144874,0.00277923368925633,0.00653726707312184
0.00290097245267727,0.000875293917836777,0.00569772179192029,0.00715965621615802,0.0069730664413336,0.00170422239801477,0.00307792188430916,0.00647215899389868,0.00902532665017487,0.00855297271670576,0.00265617629398649,0.00435524985895134,0.00308047832537557,0.00381286879249888,0.00766777002679503,0.00387607189076106,0.00434168511546642,0.00552396273694423,0.00277852029768002,0.00653369857609954
0.00290234097437591,0.000875459613934543,0.00569737590708426,0.00716080655924748,0.00697183005333639,0.0017031909986662,0.00307757422005869,0.00647214448719724,0.00901615334438785,0.00855499142224194,0.0026553801236426,0.00436061294881132,0.00308178898193116,0.00381253093368111,0.00767016318558237,0.00387889600074804,0.00434115534164514,0.00551943285221015,0.00277761477988489,0.00653450504517846
0.00290524453465962,0.00087607520596471,0.00570352459437335,0.00716777276943935,0.006982741658238,0.00170524024804429,0.00308078779258164,0.00648104103870335,0.0090348249666146,0.00856560572201547,0.00265785105498283,0.00435927508489002,0.00308478391811151,0.00381699669712183,0.00767813529358421,0.00388010788908705,0.00434669365838605,0.00552870329175664,0.00278210544621893,0.00654371840423094
0.00290215430321705,0.000875859687130254,0.00570360475858807,0.00716514207110784,0.00697961094742014,0.00170513060024384,0.00308244943582335,0.00647886964099444,0.00903254457827622,0.00856028145136987,0.00265763429123818,0.00435763970841356,0.00308355593820395,0.00381592005130865,0.00767473057446391,0.0038810318019711,0.00434502820968342,0.00552941714586005,0.00278229592036633,0.00654199546992557
0.00290777384569879,0.000876022720694764,0.00570542529540962,0.00716300760089155,0.00697988638429992,0.00170442251681964,0.00307915885199386,0.00649166301934369,0.00904054792592982,0.00857207673886415,0.00265766875283396,0.00436149353036701,0.00308761401160105,0.00381883757643397,0.00767500931123884,0.00388345032917214,0.00434405395972547,0.00552741855031342,0.00278355152072714,0.00653982583208541
0.00290460150720235,0.000875851506918337,0.00570141331056669,0.00716221392445804,0.00697797460239097,0.00170437393161014,0.00307885157976384,0.00647537431325032,0.0090334155167739,0.00855836252496922,0.00265508413967987,0.00435615012306061,0.00308557619347389,0.00381392703523544,0.00767037695395967,0.00388094456128043,0.00434594346902427,0.00551917868304018,0.00278990387578368,0.00653777324706386
0.00290337240814758,0.000876310464991368,0.00570153393898395,0.00716694423340022,0.00698606553807851,0.00170892042487599,0.00308244537498402,0.00648158569345045,0.00903610110143594,0.0085640057785621,0.00265943438422542,0.00436036356388689,0.00308552605737581,0.00381719390831165,0.00767830825012108,0.00387819639712202,0.004347076552376,0.0055257389595632,0.00278116306839287,0.00654527676365798
0.00290352340304359,0.000875779606016506,0.00570418898823219,0.00716302432898268,0.00697654072249531,0.0017058422436348,0.00308004409596909,0.00647780624205879,0.00903091184569783,0.00856138188308236,0.00265758463132352,0.0043575826753062,0.00308259269807338,0.00381553453776788,0.00767471252572244,0.00387881762739011,0.00434935955317448,0.00552760920471532,0.00277999714807388,0.00654051148901586
0.00290604796800123,0.000875889389973915,0.00570285811629143,0.00716161764475267,0.00697740382471839,0.00170381001539482,0.0030758683261203,0.00647389843245833,0.00902644838180722,0.00855752902059648,0.00265671474586564,0.00435916024411425,0.0030821949186079,0.00381384455360237,0.00768063434765932,0.00387667158497127,0.0043456143525058,0.00552392303596334,0.00277876697868812,0.006537778729547
0.00290027051101696,0.000875512016975282,0.0056982286659295,0.00715854414111409,0.0069718766429871,0.00170497114324831,0.0030776762292625,0.00647447123448208,0.0090238398111555,0.00855484842317732,0.00265691323435062,0.00435751760779927,0.00308359738900493,0.00381152337979169,0.00766792094274995,0.00387743720887482,0.00434541926313721,0.00552155593711357,0.00277971371666682,0.00653385914944935
0.00289760735575609,0.000875124580497928,0.00569894996768397,0.00715335512854576,0.00696956318468331,0.00170280232017625,0.00307326263304871,0.00647100625333631,0.00901842045980294,0.00855358969151707,0.00265354442017745,0.00435172276054265,0.00308065303285971,0.00381088740909262,0.00766449620081461,0.00387356917862765,0.00433669163894747,0.005511962334247,0.00278008946682056,0.00653055734376806
0.00290156816866916,0.000876202486706035,0.00570354137094989,0.00716191872560922,0.0069818222185343,0.00170482120019471,0.0030805740678979,0.0064779679662267,0.00903207577969872,0.00856240265077013,0.00265790772134219,0.00435874056801102,0.0030847409128394,0.00381581551605525,0.00767722687286161,0.00387848695145722,0.00434723040929317,0.00552909250878513,0.0027810911493803,0.00654197000271056
0.00290168967491299,0.000875401812239648,0.00570012909120108,0.00716077848356876,0.00697049730993957,0.00170375114822638,0.00308637354814134,0.0064719474705628,0.00902343880489934,0.00855591832090858,0.00265421216981504,0.00435244398031373,0.00308320547500256,0.00381232596784236,0.00766902804954989,0.00387775279805772,0.00434067321095821,0.00551762948012987,0.00277878387396081,0.0065322568880063
0.00290332246236824,0.000875504394122997,0.00569696452348701,0.00715654212841933,0.00697511924847126,0.0017024079659443,0.00307507019524127,0.00647152596654863,0.00902510722635899,0.00855923702616292,0.00265288549259193,0.00435491074432865,0.0030839487512639,0.00381379087897924,0.00766585590113081,0.00387526027068642,0.00434607123004732,0.00551619359040436,0.00278018387938118,0.00653481115163012
0.00290256275696005,0.000875272168494339,0.00569715104615207,0.00716217705269929,0.00697749795103626,0.00170468711417653,0.00307898687997449,0.00647685044016379,0.00903047914121459,0.00855835957436206,0.00265540073169817,0.00435365550750573,0.00308033094243663,0.00381406488099598,0.00767170476227039,0.00387698660612013,0.00434246904200744,0.0055230409704578,0.00277871429276056,0.00654018431331625
0.00290173500233297,0.000875775008713422,0.00570212681889321,0.00715858744232927,0.00697462082978377,0.00170315026684563,0.00307618019973393,0.00647462164332884,0.00902310705445365,0.00855617405877051,0.00265462651029509,0.00435585210656879,0.00308331248748882,0.00381388408791886,0.00767262976213339,0.00387733209441717,0.00434308698451755,0.00551678222427819,0.00277794579760456,0.00653790681094452
0.00290184924114916,0.000875826865337107,0.00570123045915136,0.0071626368939767,0.00697747013097282,0.00170433853648755,0.0030782277859983,0.00647666411330566,0.00902461162273004,0.00855772539482457,0.00265581845523759,0.0043582408740305,0.00308197741187832,0.00381362141816707,0.00767255932614554,0.00387932112028422,0.00434673818674825,0.00552607442515284,0.00277894238016123,0.00653897125185971
0.00289925414393773,0.000875503161300159,0.00569618809151523,0.00716238353131658,0.00697001649985107,0.00170230955872567,0.00307552571035684,0.00647116152719802,0.00902366672783426,0.00855129005070097,0.00265488104465658,0.00435297090760453,0.00308128993260853,0.00381054542371928,0.00766667902328663,0.00387515607087856,0.00433989655271026,0.00551948210034317,0.00277793413854638,0.00653193377325543
0.00290246534980147,0.000875624428320933,0.00570632469058485,0.00716013359561422,0.00697498948651556,0.0017056189021843,0.00307898969794979,0.00647772188646842,0.00903209178261347,0.00856023116872712,0.00265701268000291,0.00435872575410297,0.0030823871628048,0.00381519315241771,0.0076741239947947,0.00387924967536538,0.00434611234070215,0.00552808386748899,0.00278032446843695,0.00654161825565
0.0028976066831441,0.000874929592740736,0.00569684213024124,0.00715598355082272,0.00696904408636447,0.00170191810753721,0.00307384025843767,0.00646482890870557,0.00901294187751596,0.00854809925849604,0.00265071153976285,0.00435245632609674,0.00307933416313047,0.00381167243508119,0.00766580552965077,0.00387500569084474,0.00433727210098742,0.00551111401498521,0.00277924320513185,0.00653318190317242
0.00290257623144111,0.000876067033384713,0.00570009822199652,0.00716188561096384,0.00697724886345735,0.00170423447167927,0.00307848036537228,0.00647518035988323,0.00902554026734078,0.00855660802105435,0.00265619636636702,0.00435853167816095,0.0030831157935674,0.0038149106988562,0.00767340214380405,0.00387877475809947,0.00434995778528061,0.00552578400571574,0.00277911692286898,0.00654113052438211
0.00290504351603431,0.000876309881678023,0.00569952998153913,0.00716589133737301,0.00697714736667569,0.00170955593605932,0.00308857270104839,0.00648381490361444,0.00902354553554667,0.00856059365214411,0.002663521232035,0.0043743135402467,0.00309338169742959,0.00382769667985284,0.00766993565603515,0.00389690802734164,0.00434607569025676,0.00551643514660593,0.00278931465691278,0.00653803372729887
0.0029035309334576,0.000876089254798185,0.00570354494901997,0.00716387593683998,0.00697906724608002,0.00170511125913956,0.00307718764678297,0.00647712217681446,0.00903013374237478,0.00856151471395882,0.00265465508707628,0.00435681541671955,0.00308325378494921,0.0038157483549641,0.00767459793014395,0.00387947402508125,0.00434583340174943,0.00552043892586784,0.00278106371442095,0.00654168144532132
0.00290043317493989,0.000875357446381716,0.0056971081474499,0.00715995427405541,0.00697416738625246,0.00170365574032458,0.00307698148856356,0.00647336623038577,0.00902382503751967,0.00855561593667586,0.00265524130713907,0.0043549228721034,0.0030812175308558,0.00381194438819798,0.00766844293326308,0.00387499400255576,0.00434183468232895,0.00552329392136602,0.00277804391877462,0.00653608017992338
0.00291267830971618,0.000876477610848983,0.00570885660967364,0.00716874570987884,0.00698255432915024,0.0017053644795145,0.00307880002823312,0.00648955290480435,0.00903483010207176,0.00856774202466624,0.00265527118226278,0.00436119463997403,0.00309027620386778,0.00382386454543332,0.00767859925758738,0.00388070506143702,0.00434751653735518,0.00552217302609974,0.00278098251460975,0.00654274128792838
0.00290218271450891,0.000875428294033854,0.00569759883649862,0.00715877059802538,0.00697116330338745,0.00170645123430577,0.00307456449142774,0.00647292602738031,0.00902028921864887,0.0085582929416155,0.00265308207289447,0.0043621829978716,0.00308118962019863,0.00381320949201589,0.00766889439244412,0.00387493917398024,0.00434001177432163,0.00553018124318309,0.00277714248079247,0.00653618630418425
0.0029033840328744,0.000875393636907201,0.00570265249966303,0.00716112042196549,0.00697664614380903,0.00170378662178038,0.00307917379585844,0.00647357136817973,0.00902459946692201,0.00855521067006062,0.00265806085221991,0.00435426033435067,0.00308420602293644,0.00381226049851399,0.0076673499436517,0.00387763544450468,0.00434179435082528,0.00552666879268969,0.00277838205729663,0.00653817556445291
0.00290068987127359,0.000875699613530436,0.00569882403788345,0.00715879156624554,0.00697185275705721,0.00170267827888159,0.00307544797435957,0.00646962338977426,0.00902732300403679,0.00855215827819517,0.00265213565830991,0.00435422085785507,0.00308150110468936,0.00381319828670372,0.00767377476587416,0.00387618374155656,0.00434058371149088,0.00551658363069532,0.00277718417149655,0.00653651049892251
0.0029027053603429,0.000876149321471362,0.00570203699133051,0.00716289751423048,0.00698044244019233,0.00170417978246992,0.00308017604702108,0.0064778770861914,0.00902733507315231,0.00855911970368909,0.00265695198789022,0.00435708342568834,0.00308317125807383,0.0038224310767727,0.00767184157364638,0.00387754783525012,0.00434473507418927,0.00552609233249268,0.00277976967183198,0.00653980635679567
0.00290467013594694,0.000875630002641239,0.00570203586560686,0.00715841068139747,0.00697662203668946,0.00171014242883183,0.00307956928391667,0.00647274134717309,0.00902979352287758,0.00856208582224108,0.00265578357771863,0.00435453725716685,0.00308488004732735,0.00381811937047115,0.00767129126845044,0.00387869450519324,0.00434451439447765,0.00552410208779328,0.00277691419449075,0.00653820248177125
0.00290659530896892,0.000876416970510487,0.00570397944068709,0.0071666733808732,0.0069836812416833,0.00171134309699539,0.00307729401624077,0.00647514889929113,0.00902749352112082,0.00855922466409559,0.0026559403992477,0.004359243338941,0.00308427175498275,0.00381645749961536,0.00767620337439529,0.00388032516137462,0.00434502403883235,0.00552302536781022,0.00278179514871767,0.00654830183810307
0.00290214757675814,0.000875518804933262,0.00570518159568584,0.00715849688030791,0.00697472625360705,0.00170301639388161,0.00307517458689728,0.00646886868474018,0.00902297492516657,0.0085577325487607,0.00265528514559995,0.00435175799446099,0.00307935821528157,0.00381235360737468,0.00767339032739329,0.0038776676373496,0.00434132251925474,0.00551654186358313,0.00277836518343352,0.00653749679344084
0.0029039913997729,0.000875342207260037,0.00570445497600033,0.00716755858540328,0.00697468833881324,0.0017041581847234,0.00308288558211793,0.00648067002890645,0.00902870511914794,0.0085655527036243,0.00265438280768703,0.00435528454108224,0.00308247520608979,0.00381487133358184,0.007669527352634,0.00388160388084133,0.0043428694207518,0.00551901211750369,0.00277856430706468,0.00654000853190041
0.00290515425714705,0.000876122410524176,0.00570476520273926,0.0071638620970857,0.00698170497688134,0.00170579631980593,0.00307937874782123,0.00648190442093595,0.00902999834202231,0.0085661012722702,0.00265834837915282,0.00435956756415418,0.00308430606851428,0.0038180601155764,0.00768061175279912,0.00388027046055571,0.0043509981094106,0.00552805387739825,0.0027809430744032,0.00654595215569964
0.00290595719185831,0.000875472663416123,0.00570048894894033,0.00716005629627736,0.00697448160036324,0.00170651377460506,0.00307515941328826,0.0064755836161511,0.00902194978361155,0.00855548514566616,0.00265361224093839,0.00435453842746117,0.0030818654804241,0.00381380938211641,0.00766982854094498,0.00387571916640303,0.00434072995068355,0.00551837098305853,0.00277702954199805,0.00653721207829079
0.00290639113094515,0.000875696312367833,0.00570447226078781,0.00716147751021497,0.00697801894084958,0.00170520010309668,0.00308016347061117,0.0064804347291137,0.00903163427645446,0.00856162106308481,0.00265590821934041,0.00435815676714981,0.00308384558713178,0.00381553239213434,0.00767565831457204,0.00387920090900134,0.00434525496149689,0.00552951634270281,0.00278026713643543,0.00654257374040988
0.00289989239671152,0.000874943329588652,0.00569463207285816,0.00715353059808037,0.00696979524043361,0.00170220619224287,0.00307319795597785,0.00646827916232003,0.00901713495455337,0.00855098841599454,0.0026506588851522,0.00435089027396808,0.00308015856539894,0.00381087652286852,0.00766487742767983,0.00387377651493047,0.00433834965800916,0.00551264408315579,0.00277561103360859,0.00653355373604327
0.00290621081995709,0.000876636713737053,0.00570916222146699,0.00716971896784482,0.00698613741755331,0.00170607487555752,0.00308631569296465,0.00648235772828439,0.00904096234306054,0.00856737099447814,0.00265900723841657,0.00436323996286944,0.00308602873238344,0.00381872732941121,0.0076785536245422,0.00388156748222625,0.00434784544753836,0.00552692722751549,0.00278325700420157,0.00654571190515909
0.00290425308111559,0.000876469194204068,0.00570701983346735,0.00716720543084161,0.00698414077417658,0.00170584658409543,0.00308265150986652,0.00648191503449403,0.00903475969268721,0.00856458418241402,0.00265953621423603,0.00436002960448601,0.00308463877080561,0.00381835578211727,0.00767803106714985,0.00388125146407969,0.00434683349460757,0.00552992993413253,0.00278133358388484,0.00654268285501385
0.00290268575209703,0.000875863429339099,0.00570659724584424,0.00716693880246686,0.00697768199417465,0.00170523372450303,0.0030806909535912,0.00648122575342122,0.00903472795829368,0.00856357352234701,0.00265775429309345,0.00435817808502432,0.00308436785066828,0.00381670692011597,0.00767278145101518,0.00388009631522452,0.00434588071708303,0.0055297218717005,0.00278179621542388,0.00654336634569495
0.00290372567749132,0.000875949040196466,0.00570187567404811,0.0071598593713149,0.00697767426205826,0.00170738323702044,0.00307718248943187,0.00647501484806087,0.009028848148495,0.00855900639105333,0.00265727088777813,0.00435693682197952,0.00308376677466814,0.00381418255159917,0.0076715561034171,0.0038768538425532,0.00434448781293276,0.00552171290307691,0.00277817580905913,0.00654349460570077
0.00290311002591701,0.000876084414373879,0.00570194888263698,0.00716004842111645,0.00697565641030768,0.00170384538258598,0.00307860639472914,0.00647392645362376,0.00902859320763715,0.00856420913207644,0.00265614665943387,0.0043590869539443,0.0030825478731269,0.00381609101265677,0.00767658774346692,0.00387528391631519,0.00434302976111129,0.00552094681690415,0.00278073782208765,0.00654101583858515
0.0029026226979569,0.000876091847318227,0.00570290771116304,0.00716655442231009,0.00697761406124339,0.00170512720007239,0.00308020259842477,0.00648108035242572,0.00903342578019661,0.0085583419848928,0.00265739028056825,0.0043583208924974,0.00308459590344736,0.00381584577653547,0.00767308219278076,0.00387933244739296,0.00434495801612377,0.00553006531263686,0.00278141746391052,0.006541856808449
0.00290707898252982,0.000876522985085178,0.00570609436492004,0.00717462804550748,0.00698660994564736,0.00170494852625371,0.00307959464135226,0.00648119373398919,0.00903313676236114,0.00856598637774001,0.00265990152589638,0.00436085074735363,0.00308689540264232,0.00381857268664763,0.00767860712771755,0.00388506801163351,0.00434649833469767,0.00552929908827714,0.0027807149380619,0.00654346736461108
0.00290255256003382,0.000875837195447701,0.00570358763512395,0.00716418927902075,0.00697283419641512,0.00170376026936779,0.00307876487047443,0.00648030368084065,0.00902285076188531,0.00855447501039819,0.00265744965918298,0.00435215390867556,0.00308399819477147,0.0038121590121818,0.00766610514235654,0.00388310583921494,0.00433979242261912,0.00552476238786649,0.00278108664736923,0.00654460731283417
0.00290072067820425,0.000874894572752279,0.00569343931486276,0.00715506212617563,0.00697179736193783,0.00170181077069374,0.00307286832290847,0.00646830121017422,0.00901696486401292,0.00855086261044488,0.00265065649138293,0.00435230181809113,0.0030803929551336,0.00381090883714924,0.00766579187750713,0.00387323113889935,0.00433852661261331,0.00551406099669896,0.00277505564081331,0.00653273897896217
0.00290547848539989,0.000876271566908639,0.00570529408266549,0.00716548952974613,0.00698029347293379,0.00171227750410862,0.00307810286456658,0.00648551615884107,0.00903248865199266,0.00856011159379031,0.00265634442043396,0.00436235240544855,0.00308525617043504,0.00381517151662443,0.00767654975928162,0.00388063445082743,0.00434475764631648,0.00552517364923592,0.00278357783517418,0.00654672988318524
0.00290424542633745,0.000876189662629376,0.00570359966825255,0.00716329302142084,0.00697875062908449,0.00170586174458,0.0030791902988709,0.00647792290744716,0.00903216790917267,0.00856177963637628,0.00265915740612329,0.00435783193997717,0.00308294505829251,0.00381495258652306,0.00767348000677177,0.00387933961861581,0.00434413678407059,0.00552933294527363,0.00278165793203519,0.00654013331709867
0.00289998242587277,0.000875572111052616,0.0057018991592223,0.00716320412688559,0.00697723293155814,0.00170585907680043,0.0030792301489349,0.00647631261525464,0.00902955998632813,0.00855715933145684,0.00265672518028453,0.0043581545116332,0.00308513471491853,0.00381660485658563,0.00767002837967925,0.00388000109399956,0.00434685486200374,0.00552514184859405,0.00277976011745436,0.00653867389771875
0.00289814101402111,0.000874639633641889,0.00569237318847004,0.00715477045727459,0.00696876988197776,0.00170149245241308,0.00307362482313353,0.00646599188467941,0.00901624613839186,0.00854702307590234,0.00265150484904367,0.00434704221691614,0.0030782440477024,0.00380833463069654,0.0076600910878742,0.00387131491576268,0.00433694549550882,0.00551053503332198,0.00277551192122835,0.0065284763605708
0.00290474202291647,0.000876416499308922,0.00570388841510686,0.00716869153993843,0.00698062944748546,0.00170467793256984,0.00308394117558046,0.00647791734956391,0.00903169662715645,0.00856476942737782,0.00265779997290694,0.00435920867373331,0.00308616581451239,0.00381766427466691,0.00767655994554168,0.00388109329121533,0.00434556208121365,0.00552080118450191,0.00277976931350243,0.00654075243543529
0.00290846587440313,0.000875991943634171,0.00570047077730823,0.00716368102101236,0.00697413115038983,0.00170511707637695,0.00308029850981104,0.00647713141329921,0.00903232950187756,0.0085600993922392,0.00265647610113013,0.0043523289724233,0.00308275609218818,0.003814540828684,0.00767141870573952,0.00388008097448647,0.00434041463288014,0.00552347476082281,0.00278046156046857,0.00654409392344137
0.00290183952722413,0.000875600280631029,0.00570001937172845,0.00715993742874945,0.00697952660431013,0.00170378479093721,0.00307710100338528,0.00647715190638654,0.00903536336163548,0.0085562913126639,0.00265446203052271,0.00435738053384696,0.00308575007979128,0.00381564621748547,0.00767778138891634,0.003877422257626,0.00434303651527336,0.00552023538821601,0.00278063829373027,0.00654239618481024
0.00290343566000395,0.0008764429100243,0.00570470292734194,0.00716733340590514,0.00698462842456422,0.00170668645331636,0.00308016913996425,0.00647779388983134,0.00903366394514832,0.00856367300492055,0.00265987053692618,0.00438149819590112,0.00308863999475882,0.00382151540065659,0.00771595558002912,0.00387908891602687,0.00435223575306538,0.00552944283240166,0.00279937682735382,0.00654299129870354
0.00291127731739299,0.000876201676019732,0.00570646094789774,0.00716661317206601,0.00697924084055634,0.00170958350112,0.00308384041639894,0.0064791743012997,0.00903505515284081,0.00856300312212678,0.00265523018795617,0.00435921241111545,0.00308989653720962,0.0038192359260668,0.00767696485863716,0.00387853248727481,0.00434515397562835,0.00552829618352027,0.00278052071665348,0.00654460570185265
0.00289732079773364,0.000874344800545139,0.00569449212539972,0.00715128091056004,0.00696660203597195,0.00170199056932911,0.0030729754573972,0.00646678928911013,0.00902163365774892,0.0085488621886141,0.00265000773702182,0.00434888888875588,0.00307983557619233,0.0038086559079761,0.00766238691451192,0.00387377721607302,0.00433732174866802,0.00551283198220636,0.00277436809755068,0.00653121296083775
0.0029031167358159,0.000875303871142372,0.0057008733236733,0.00715819244704231,0.00697654323819963,0.00170180241932275,0.00307542056215412,0.0064753323870301,0.00902132698006928,0.00855590954063445,0.00265576534683934,0.00435370070547693,0.00308360232092221,0.00381759499949569,0.00767550770076813,0.0038778181602838,0.00435489896828274,0.00551844386116689,0.00278017460665418,0.00653922649163372
0.00290416779874364,0.000875468236808266,0.00569862863143677,0.00715968402420188,0.00697513855600679,0.001703146895011,0.00307719586081614,0.0064798514665345,0.00903655019907095,0.00855739373083802,0.0026537007702752,0.00435457018761201,0.00308169812204484,0.003813726747375,0.00767180403781778,0.00388395904223689,0.00434532210199011,0.00551721547626501,0.00277987283323083,0.00653893771824352
0.00290019969376591,0.000875577247476438,0.00570048476350854,0.00716028535431822,0.00697503682984921,0.00170281133803096,0.00307583382994185,0.00647182165701657,0.00902560474570178,0.00855760766625827,0.0026527320068767,0.00435426309393219,0.00308091959056122,0.0038128082891028,0.00767032962799449,0.00387545278740914,0.00434022042995179,0.00551788964192827,0.00277781969299366,0.00653861141059602
0.00290271328219435,0.000875577977057296,0.00569746686813711,0.00716301142590087,0.00697491703290674,0.00170420294979903,0.00307929127356323,0.00647749105123558,0.00902812427969349,0.00855980766413758,0.00265542492008078,0.00435548696272153,0.00308296141490939,0.00381469134481367,0.00766672986448408,0.00387703282873074,0.0043424425116186,0.00552348867407565,0.00277957086693976,0.00653742480206282
0.00290361057515487,0.000875151068921785,0.00570263800389764,0.00716685010717948,0.00697402077695849,0.00170387285559915,0.00308261885148831,0.00647717721876597,0.00902093259959516,0.00856008761923586,0.00265597916211114,0.00435709415261792,0.00308363099218827,0.00381505141213938,0.0076719791914651,0.003875528861952,0.00434565333777932,0.00552423966627949,0.00278074267693347,0.00654112413690528
0.0029069742374327,0.000875431610548176,0.00570110686065227,0.00715924787202258,0.00697343906175008,0.00170562110302427,0.00307956784790178,0.00648100448793107,0.00902182284237792,0.00854987568509889,0.00265719170978635,0.00436196044865264,0.0030818163253918,0.0038127987548465,0.00767945587829006,0.00387288412687619,0.00434156868049096,0.00551668333285095,0.00277645614726533,0.00654491770534054
0.00290164771702838,0.000876220161080425,0.00570116350045285,0.00716087140110653,0.006976139818289,0.00170548509058788,0.00308038575483192,0.00648034388268824,0.00902624680236858,0.00855623300662115,0.00265746973321876,0.00435849113545458,0.00308337259314376,0.00381532222131659,0.0076747322772692,0.00387922803822664,0.0043453045922126,0.00552869776015881,0.00278077926087656,0.00654261127461752
0.00290147526667676,0.000875482434940539,0.00569596630914487,0.00715836609243548,0.006972087511651,0.00170258355967257,0.00307349463114585,0.00647197771207961,0.00902333482093275,0.00855355407397796,0.00265468023159713,0.00435564062424578,0.00308211623417978,0.00381223522331174,0.00766974581159986,0.00387447016707468,0.0043433102065131,0.00551408336549292,0.00277783341752936,0.00653636152561772
0.00290143661966121,0.000875554513932129,0.00570040051228029,0.00716286949501971,0.00697280530160755,0.00170184873912988,0.00307699235601824,0.0064706688896074,0.00902107946571342,0.00854877866429597,0.00265449413290007,0.00435253833048405,0.00308084946483358,0.00381141345426641,0.00766983052013262,0.00387380052042973,0.00434212264171344,0.0055235010131965,0.00277767115821168,0.00653312263045128
0.00290462145590636,0.000876374391426151,0.00570589233750809,0.00716649384335509,0.00698164941678699,0.00170528252546301,0.0030806049112474,0.00647939438868683,0.009032400543226,0.00856444719256385,0.00265815489350668,0.00435938862603432,0.00308685207856954,0.00381629145230027,0.00767593172441055,0.00387786473687901,0.0043459095946102,0.00552844951731089,0.00278103948074239,0.00654212899220691
0.00289747784860577,0.000874729675761275,0.00569491264852307,0.00715273519746454,0.0069699669272227,0.0017019410688646,0.0030734501413788,0.00647165123327788,0.0090208627556086,0.0085540970581476,0.00265022271145722,0.00435149718128242,0.0030795663959507,0.00380977893242183,0.00766914997805124,0.00387458129307457,0.00433735407451083,0.00551295891659043,0.0027764617215334,0.00653706664923689
0.00290568599646298,0.000875094513124099,0.00569750639697811,0.00715899559555756,0.00697124249047391,0.00170342849012567,0.00307687813746776,0.00647200757024647,0.00902638254752284,0.00855465618304749,0.00265458371784866,0.0043568583602004,0.00308363867090031,0.00381266295564873,0.00766873071531243,0.00387404792901116,0.00434182786086546,0.0055148359635343,0.00277831303000209,0.00653349862258107
0.00290578343512919,0.000876664397397985,0.00570429028803058,0.00716380449417325,0.006982188216547,0.001704965637846,0.00308425666912488,0.0064801843434919,0.00903336222206961,0.00856506342767722,0.00265652214446844,0.00436204394850968,0.00308508096355339,0.00381831688225788,0.00767777185027812,0.0038813796342471,0.00434732902149503,0.00552372877179426,0.00278052655711826,0.00654730220753827
0.00290367838747323,0.000875684543068669,0.00570229694585167,0.00716261871221021,0.00698469098089587,0.00170367930287652,0.00307642681029456,0.00647550574194419,0.00903394839616948,0.00856403520294588,0.00265643403034392,0.00435530134019466,0.00308258025620564,0.00381740080509228,0.00767124755402473,0.00387861749513873,0.00434758183984974,0.00552399428562253,0.00278233939535655,0.00654201165629231
0.00290631135070084,0.000876272689094017,0.00570496011616465,0.00716677745043534,0.00698290404049927,0.0017066992516229,0.00308347903663169,0.00647921886334019,0.00903712707062035,0.00856974425266756,0.00265722341069651,0.00435962848598084,0.00308788245069009,0.00381789241665925,0.00767687682263309,0.00388040725673592,0.00434881974524352,0.00552377065374247,0.002783491072376,0.00654727005568208
0.00290856862877947,0.000876789690623869,0.00570902168255184,0.00716815906480113,0.00698320694323678,0.00170652166946809,0.00307924039549983,0.00648286928649578,0.00903607719908977,0.00856619830283431,0.00265639938884708,0.00436737445179371,0.00308457453689136,0.00381730768627771,0.00768129697270365,0.00388192817048941,0.0043467774913813,0.00552240628432686,0.00278170575255424,0.00654527646266972
0.00290623058876867,0.000876315411184027,0.00570407790174869,0.00716887806309413,0.00698272406806409,0.00170600459451847,0.00307959849030998,0.00647988590509593,0.00903387466115628,0.00856304483825978,0.00266783367785962,0.00435916995095443,0.00308376904007757,0.0038162517755144,0.00767895653498922,0.00388334089773176,0.00434586664336296,0.00552696235110172,0.0027813903374655,0.00654271822255184
0.00290708735829497,0.00087622726602373,0.00570479687076731,0.00716679371060322,0.00698127638051249,0.0017039842093771,0.00308048684134293,0.00647835507886209,0.0090335801020909,0.00856140063740241,0.00265687170105734,0.00435839096584784,0.00308362283959921,0.00381562698836367,0.00767595497362074,0.0038785599906116,0.00434539173377678,0.00552959031619399,0.00277930435689082,0.00654084782615716
0.00290467453753515,0.000875840712666682,0.00569983122431983,0.00716041572975349,0.0069777593490519,0.00170344708876531,0.0030772859405726,0.00648131804140574,0.00902337545187095,0.00855739590359812,0.0026549866506592,0.00436070623441984,0.00308713391728108,0.00381418859184604,0.00767095237927944,0.00387989355895442,0.00434341930632068,0.00551707623414408,0.00278299711139246,0.00654506524118461
0.00290346826928997,0.00087556077429295,0.00569983613990451,0.00716266976698608,0.00697565072891141,0.00170979297787854,0.00307667498854873,0.00647318829127213,0.0090242195749018,0.00856566072964229,0.00265322591024039,0.00435667870416068,0.00308624907226824,0.00381314747177995,0.00766756175118172,0.00387844727247066,0.00434699310437044,0.00551541811451539,0.00277749632877396,0.00653627611747341
0.0029009226696149,0.000875392978670066,0.00569878738540892,0.00715869844101272,0.00697446073882496,0.00170232446942941,0.00307488733342419,0.00647312332936748,0.00902508174514143,0.00855567889214134,0.00265216730642811,0.00435582830313823,0.00308105658685844,0.00381307648749233,0.00767263767999962,0.00387730032466204,0.00434013845414706,0.00551642659202491,0.00278299581898547,0.00653613264723001
0.00290104716718016,0.000875624561253466,0.00570141428160559,0.00716004735653517,0.00697732758881441,0.00170424583998695,0.00307751453788309,0.00647640488093366,0.00902808962217036,0.00856039662812483,0.00265570966022543,0.00435695440394624,0.00308235440401729,0.00381582188484691,0.00767147863993602,0.00387875565330803,0.00434357097529508,0.00551956541090927,0.00278166954535141,0.00654173865154267
0.00290645977859175,0.000876333372565161,0.0057075101590445,0.00716761550287327,0.00698408130855902,0.00170459219300977,0.00308013911554295,0.00648958504824039,0.00904462130767936,0.00856666268785924,0.00265822617281431,0.00435855346456893,0.00308652713028866,0.00381626113687524,0.00767974898123325,0.00387859213964466,0.00434563144318972,0.00552597015883749,0.002781020290403,0.00654411941448771
0.00290562661100435,0.000875892183187889,0.00570491882445461,0.00716578266798247,0.0069796595563447,0.00170674113249137,0.00307771490168916,0.006474409497465,0.00903032679016713,0.00856420009893238,0.00265423147458065,0.00435860306621848,0.00308637368074925,0.0038182113991194,0.00767822499808235,0.00387897149888639,0.00434387603158554,0.0055274224155927,0.00278009944369459,0.00654016724838239
0.00290103981959815,0.000875417065998829,0.00569752065628702,0.00715509152437407,0.00697286036377974,0.00170358066187244,0.00307889978285583,0.00647541157246148,0.00902333372673154,0.00855463559290837,0.0026558803897194,0.00435474701631874,0.00308079191443851,0.00381201066114911,0.00766828949486827,0.00387704854498276,0.00434315573789812,0.00552427734196397,0.00277926778868048,0.00653509032175221
0.00290508933907012,0.000876561589728058,0.0057011681985814,0.00716795785811096,0.00697706817013859,0.00170624540546164,0.00308240587442899,0.00647595300194174,0.00903792420988697,0.00855869227358346,0.00265905896177639,0.00436179479156397,0.00308614700042876,0.00381777442838715,0.00767664798757249,0.00388130048218264,0.00434814181809723,0.00553130808928401,0.0027818351401441,0.00654319270111925
0.0029083586596875,0.00087596207274595,0.00570030087855947,0.00716132684974893,0.00697947750482613,0.00170453372863076,0.00307826917546799,0.00647648045372425,0.00903017659354175,0.00856315129371804,0.00265553025501883,0.00435602706303054,0.00308497114085031,0.00381778082775293,0.00767638512569453,0.00387902942081244,0.00434255756730549,0.00553029688860473,0.00278112076950488,0.00655089468964854
0.00290404408584688,0.000875617208810131,0.00570051887900214,0.00715979383962567,0.00697560632958787,0.00170342367432001,0.00307988579510867,0.00647650185606081,0.0090265660944665,0.00855762994764244,0.0026546424785742,0.00435298482691349,0.00308450020998879,0.00381628713141817,0.00767133832237134,0.00387841139116974,0.00434541871123146,0.00551728729490438,0.00278090038576388,0.00654512825194291
0.00290458917363198,0.000876513410886928,0.00570721109361485,0.00716645396408867,0.00697932957111916,0.00170547148184329,0.00308076251517218,0.00647919145484123,0.00903202091643235,0.00856351022487047,0.00265826957450599,0.00435925083663931,0.0030838974530055,0.00381555448002735,0.00767854207353817,0.00388210121734353,0.00434549770573979,0.00552809114489856,0.00278365796337623,0.0065435773060115
0.00290517661585387,0.000876505947392208,0.00570261928461882,0.00715959042224833,0.0069845982723449,0.00171034248000228,0.00308211106594052,0.00648121742612572,0.00902930499428067,0.00856732255092336,0.00266118608223221,0.00435979897588912,0.00308655577668512,0.0038158422394704,0.00767309404819959,0.0038806714344531,0.00434865211456158,0.0055240591911053,0.00278251228527397,0.0065421975080846
0.00290564762357002,0.000876661233882433,0.00570419491316275,0.00716825470800704,0.00698181606552817,0.00170523248163614,0.00307846237719946,0.00648135740636176,0.00903694328051001,0.00857125953076877,0.00265558179846347,0.00436312831481221,0.00308525172847632,0.00381828740577827,0.00768007578906846,0.00387902672507495,0.00435183639060136,0.00552284054589898,0.00278343492179012,0.00654829785562468
0.00290605813945171,0.000876186514504999,0.00570619783676474,0.00716959918852816,0.00698524724789689,0.00170749736904852,0.00308298220161642,0.00648319255872114,0.00903996030439174,0.00856666574702586,0.00266001377530984,0.00436637428902431,0.00308383355180526,0.00381705860128327,0.0076799292520826,0.003884787857104,0.00434670833856524,0.00552731509800105,0.00278262783631513,0.00654866485597553
0.00290252516362715,0.000876298002078426,0.00570465053117476,0.0071631047259299,0.00697816548264984,0.00170523052062008,0.00308015116706073,0.00647980124034075,0.00903472798805258,0.00856198179122575,0.00265766668451286,0.00435793413160417,0.00308384129914092,0.0038160792464931,0.00767603069219574,0.00388071854019116,0.00434503283290579,0.00553126274256556,0.00278033956871105,0.006543712984724
0.00290162321727499,0.000875833409785732,0.00570167180170638,0.00716043279539195,0.00697648307765511,0.00170331654120777,0.00307627168810635,0.00647533389619624,0.0090252316871728,0.0085586623891234,0.00265394624116619,0.00435547617622496,0.00308240840410254,0.00381391353213212,0.00767164231035203,0.00387721596589864,0.0043421600835346,0.00551795122222953,0.00277938496407416,0.00653868142084049
0.00290218557621509,0.000875608582018021,0.00570121047851431,0.0071604373657022,0.00697461092253158,0.00170359135984995,0.00307639331044811,0.00647345267549999,0.00902594291804313,0.00856336839945943,0.00265298626928375,0.00435518100620567,0.00308251454485185,0.00381373012253153,0.00767157387207824,0.00387621673700846,0.0043423588777717,0.00551929330912377,0.00277810191282498,0.00653782015359666
0.00290592671217627,0.000875904187918734,0.00570090476427389,0.00716519246790177,0.00697672685532132,0.00170529408754763,0.00307938121377948,0.00647819069745553,0.00903227556192877,0.00856530802224476,0.00266024607314905,0.00436272918472938,0.00308486176541787,0.00382121708110046,0.00767547335307328,0.00388367018413317,0.00434571680620709,0.00552209123164325,0.00278260466017896,0.00653948247433844
0.00290423342207374,0.000876408050458897,0.00570722485573381,0.00716558633825793,0.00698218598385486,0.00170545974549678,0.00308060258605305,0.00648210999419174,0.00903636946774999,0.00856021671296301,0.00265916112555411,0.00435980818608238,0.00308500515530229,0.00381693719445864,0.00767843611724887,0.00388113429763183,0.00434590713318559,0.00553272519393227,0.00278047361141641,0.00654312893595598
0.00290603106577083,0.000876287937443688,0.00570445466694578,0.00716407765446853,0.00698057690293075,0.00170402724016569,0.00307947618208242,0.00647800415979042,0.00903170069706819,0.0085635304195552,0.00265872036520487,0.00435628805155933,0.00308366956240399,0.0038162021195712,0.0076718072142466,0.0038773951217379,0.00434597256829991,0.00552529038725495,0.00278303542005194,0.00654109292580327
0.00290413328386808,0.000875831886799144,0.00570321426328497,0.0071619692261636,0.00697801860566924,0.00170416772488638,0.00309086127442794,0.00647326423911406,0.00903259040074952,0.00856478581165501,0.00265504652691063,0.00435895670453384,0.00309099101019396,0.0038165504458846,0.00767104086830241,0.00387853108750842,0.00434582984558707,0.00552338525535059,0.00278699052470071,0.00654261767327767
0.0029009242770588,0.000875268697189062,0.00570130075097642,0.00715986818529365,0.00697785105080158,0.00170552783025388,0.00307680652735054,0.00647465173929799,0.00902701304583435,0.00855555445975203,0.00265513430588612,0.00435621345887905,0.00308301074276247,0.00381489210164557,0.00767291241965444,0.00387749778781519,0.00434750254281851,0.00552396741810989,0.00277962479484879,0.00653657657087847
0.00290450061677702,0.000876531889398242,0.00570801973222946,0.0071702481746723,0.00698351041829206,0.00170605263423089,0.00308128543930209,0.00648185294767874,0.00903597576212649,0.00856661603598169,0.00265813494512708,0.00435914430780463,0.00308393416300313,0.00381706808022278,0.00767704972750977,0.00387961215980313,0.0043468174575575,0.00553083127889959,0.00278127192159312,0.00654279514212848
0.00290289611420343,0.00087608280046582,0.00569877846808666,0.00715800507256244,0.00697327782715269,0.00170463264961196,0.00308048106619784,0.00647388174632725,0.00902550098891555,0.00855950243174066,0.00265630358928803,0.00435799266049109,0.00308235822759154,0.00381182255495567,0.00767224467182936,0.00387698674004371,0.00434187631935409,0.00552251404350547,0.00277997832443307,0.00653808817466509
0.00290084319153254,0.000875064926616326,0.00569669166940321,0.00715428676168263,0.00697735930216662,0.00170287542324983,0.00307793547353716,0.00647154920370174,0.00902485850777165,0.00855284544922913,0.00265550987608008,0.00435433217174136,0.00308024683153891,0.00381171194315338,0.00767137679033063,0.00387441283662228,0.0043427473096488,0.0055237602205655,0.00277811404142598,0.0065351860872529
0.00290587260848142,0.000876025024086705,0.00570163449070171,0.00716431523288742,0.00697759585592615,0.00170464814258478,0.00307701501679572,0.00647666763449362,0.00902820075693801,0.00856045730687581,0.00265501387137904,0.00435881378977616,0.00308612463757122,0.00381569172953409,0.00767133043955032,0.00387761343674548,0.0043435059396896,0.00552383722181237,0.0027788555520488,0.00654210289194774
0.00290548111550635,0.000876094488491014,0.00570398161704517,0.00716552240891966,0.00697954878666387,0.00170337703692261,0.00308033695660363,0.00647980423585256,0.00903008707360045,0.00855910011917198,0.00266722648111114,0.00436225911898259,0.0030834138079424,0.00381973508231063,0.00768106009465261,0.00388235457001355,0.00434863822031364,0.0055192829806397,0.00278047123275142,0.00654064938720619
0.00290597944632732,0.000876517939898625,0.00570688468730885,0.00716848062310333,0.00697869866950605,0.00170608041782753,0.00308514656312586,0.0064769280699387,0.00903560089221577,0.00856379208331202,0.00265983679135912,0.00436001547422915,0.00309268842039976,0.00381852868931523,0.00768101793725344,0.00388130139246165,0.00434866685032926,0.00552716553512931,0.00278208209669157,0.00654433505533152
0.00289426014208391,0.000874368224287982,0.00569366388728876,0.00714917083393408,0.00697386147037069,0.00170108493472559,0.00307307519566528,0.00646349027341097,0.00901851754352339,0.00855450853076755,0.00265499669805265,0.00435537578512124,0.00308152330589708,0.00380744888605209,0.00767178934054949,0.00387166504526439,0.0043378563311332,0.0055127041594297,0.00280433473274735,0.00652910887227314
0.00290135725129707,0.000875520836449758,0.00569856748844286,0.00715546587302307,0.00697491898292714,0.00170431281148332,0.00307612512210284,0.00647082964948913,0.00902918336027285,0.00856103314729109,0.00265293613474709,0.00435269201550194,0.00308107224046245,0.0038126207875283,0.00766803333456732,0.00387636575184853,0.0043406981414477,0.0055215874525899,0.00277868617197407,0.00653607731775278
0.00290383452043548,0.000876273555522089,0.00570388627464015,0.00716653581366676,0.00697977034324468,0.00170492803326992,0.00307991911879913,0.00647987672173285,0.00903240726983088,0.00856182118610314,0.00265874930863461,0.0043605294012695,0.00308361275862881,0.00381512666749595,0.00767500359990523,0.00387953262404885,0.00434685434240676,0.00553209788302356,0.00278047921976634,0.00654392555304165
0.00290434176037111,0.000875936299477147,0.00570240213900234,0.00716529624871497,0.00697926706214169,0.00171106386533406,0.00307910172101995,0.00647864994811079,0.00903825872088082,0.0085622431638341,0.00265716657998058,0.0043579146922322,0.0030851443251479,0.00381459998843867,0.00767800975968814,0.00387952600056422,0.00434248155120485,0.00552497613891729,0.0027798654625398,0.00654028233179885
0.00290529328260403,0.000875847818385422,0.00570199418688728,0.00716177912114759,0.00697795012428349,0.00170478424634034,0.00307566986441517,0.00647464006214705,0.00903916049763803,0.00855717866944718,0.00265688704680013,0.00435647254154196,0.00308217627590688,0.00381370146560115,0.00767310548868338,0.00388180473518408,0.00434756603979424,0.00551863155702593,0.00278116942009241,0.00653749716074175
0.00290042625172613,0.000875013288532987,0.00569837881666132,0.00716111733078065,0.0069707511271392,0.00170192480878232,0.0030801151318154,0.00646911847104879,0.00901696155323586,0.00855022400764601,0.00265236004294032,0.00435343608758954,0.00307980239549722,0.00381171595656059,0.00766481327882146,0.00387453670048198,0.00433806567616713,0.00552431475178531,0.00277721301727916,0.00653561075401766
0.00290266131305608,0.000875249958914584,0.00569973511890447,0.00716024696108861,0.00697545297809602,0.00170298016184707,0.00307835464595503,0.00647366877098147,0.0090325904727456,0.00855535571703249,0.0026529781551547,0.00435346672455067,0.00308123418452688,0.00381264322446826,0.00767034156505739,0.00387609618197201,0.00434686129673672,0.00551526252932591,0.002777194927315,0.00654197237714617
0.0029066403630851,0.000875554095926246,0.00570263343135749,0.00715997104694253,0.00697505120654896,0.00170334436384313,0.00308102412808931,0.0064784548676295,0.0090266509198687,0.00856864790205146,0.00265801935476675,0.0043558181573654,0.00308218048665188,0.00381565021839866,0.00768153212806671,0.00387700106837263,0.00434393542812084,0.00551596726761101,0.00278058733979046,0.00653757018747742
0.00290566151771989,0.000876281672684102,0.00570320049141112,0.00716438501826889,0.00698108579865942,0.00170425021088305,0.00307761265459684,0.00647479454116605,0.00904436158226836,0.008563876321348,0.0026547151983982,0.00435633532306622,0.00309552794622943,0.00381632251779567,0.00767924210115966,0.00387681008234329,0.0043445257291524,0.00551781181120864,0.002782796973962,0.00654262361087995
0.00290004339245606,0.000875045681995729,0.00569908453963364,0.00715828667138274,0.00697386732850052,0.00170314496856829,0.00308104574788376,0.0064722708678382,0.00902245883795243,0.00855597094124052,0.0026517712998489,0.0043537132267606,0.00307964983383911,0.00381108764291767,0.00766843408163165,0.00388205399915585,0.00433879957037588,0.00551586141915948,0.00277797562530448,0.00653322765449759
0.00290410169289814,0.000876664847984834,0.00570694834788307,0.00716428456354025,0.00697948677623395,0.00170522986246074,0.00308075083259621,0.00647937527690004,0.00903667028968936,0.00856582767283191,0.00265855864546599,0.00435932582642521,0.00308424673256495,0.00381603299306818,0.00767464223025612,0.00388116521037064,0.00434518747273098,0.00552927731692795,0.0027818715808304,0.00654318309685484
0.00290028714621672,0.000875063229880963,0.00569759325731027,0.0071575107280747,0.00697219493473673,0.00170388227693743,0.00307610909841252,0.0064712614694931,0.0090191139748976,0.00855197505552732,0.00265552278244613,0.00435311989548274,0.00308126383728919,0.00381179880054522,0.00766459661966289,0.00387487423676703,0.00434197099343165,0.00552109079183783,0.00277643417336585,0.00653281825343854
0.00290178232668182,0.00087539713124362,0.00570019146467257,0.00716038509152918,0.00697195740024018,0.00170176192024988,0.00307927790946016,0.00647233855372721,0.00902106297851303,0.00855509219745059,0.00265450037767753,0.00435373262707971,0.00308568063008156,0.00381681191429755,0.00766648383895825,0.00387438335200944,0.00434015005374522,0.00551401149412345,0.00277690091858507,0.00653669606040203
0.00290569975866521,0.000875896428117306,0.00570238063525903,0.00716021758430126,0.00697768384748924,0.00170304310417683,0.00307915293837704,0.00647626147779069,0.00902874264117728,0.00855937224615225,0.00265468120593335,0.00435584712167049,0.0030852181151365,0.00381765513669396,0.00767270200887399,0.00387895615349143,0.00434233129002769,0.00551845106506389,0.00278197182231763,0.00654650678138613
0.00290392403548173,0.000875625737672959,0.00569913979160599,0.00715849236815698,0.00697440480000127,0.00170301995380176,0.00307469581989053,0.00647025407070778,0.00902647907262338,0.00856240125801293,0.00265527490110645,0.00435703288409347,0.0030801137999512,0.00381251626571783,0.00766944193136278,0.00387447233771051,0.00434008389818713,0.0055147883660317,0.00277732576067951,0.00653675148396036
0.00290348365594711,0.000876320649974633,0.00570389754088124,0.00716368419809074,0.00697827436711863,0.00170530690009361,0.00307741737401148,0.00647810702449092,0.00902857776874216,0.00856162291376888,0.00265418031408386,0.0043567308045795,0.00308413045433579,0.00381657430465158,0.0076745056767835,0.00387832076961523,0.00434399974521972,0.00551978736302943,0.00277941931128072,0.00654335250076323
0.00290414455116183,0.000874917719463759,0.0057034662107724,0.00715672244784948,0.00698037170992655,0.00170448854872803,0.00307781345016104,0.00647150073657228,0.00902373499894525,0.00855969486949567,0.00265460024857098,0.00435736065660305,0.00309435882834517,0.00381537301659142,0.00766438326149763,0.00387580168949016,0.00434708023393237,0.00551443176174269,0.00277719667306729,0.00653366156914894
0.00290581584870573,0.000876221756380296,0.0057051970713081,0.0071657109205762,0.00698096606943783,0.00170461261769321,0.00308010548352293,0.00648170161947406,0.00904156253961876,0.00856497127849641,0.00265658381660978,0.00435631899863034,0.00308424334350978,0.00382016183036675,0.00767621409860741,0.00387850868852594,0.00434286436064094,0.00552644607502222,0.00277904681335308,0.00654291063173084
0.0028999109297608,0.000875557186978807,0.00569759928435952,0.00716157349567254,0.00697365872319558,0.00170337842338411,0.00307721537995659,0.00647429989826193,0.00902222428874723,0.00857573925058661,0.00265530163193655,0.00435546543242153,0.00308284492118512,0.00381384862353168,0.00767255314333604,0.00387848542956324,0.00434242405274935,0.00551999567590944,0.00277897711097742,0.00653757799410978
0.00290391916084787,0.000875049486788177,0.00569901529325658,0.00715841096860096,0.00697388353807637,0.00170263646164801,0.00307358058530174,0.00647149932376574,0.00902030168454538,0.00855171979786195,0.00265184385354223,0.0043535297345415,0.00308174630738437,0.00381752441483953,0.00766971066584674,0.00387612069355734,0.00434126595939763,0.00551380220871335,0.00278219581376515,0.00653665996047024
0.00290384295589883,0.000876568720240522,0.00570728063080912,0.00716959343082053,0.00698380302267126,0.00170611257781329,0.0030812284918999,0.00648122336785011,0.00903642228084411,0.00856522153025424,0.0026589858180991,0.00435847100049143,0.00308490494723076,0.00381667141036162,0.00767762729649978,0.00388043980976024,0.00434631081209184,0.00553292193114807,0.00278222150535501,0.00654140390616901
0.00290568659851823,0.000876617352546363,0.00570672647025482,0.00716774560498685,0.00698708550402122,0.00171630497145866,0.00308832291526607,0.0064831616991008,0.00903581737761873,0.00856679834027419,0.0026584339824217,0.0043586904572684,0.003098338257819,0.00381731163387272,0.00768642585965454,0.0038910180687318,0.00434770045687138,0.00552736567640155,0.0027815232110969,0.00655185307647697
0.00290321048856853,0.000875915645754749,0.00570306303160166,0.00716359248952366,0.00697806343921552,0.00170436904619012,0.00307724982722996,0.00647764734890254,0.00903188613292018,0.00856393997541353,0.00265550102790915,0.00435850901251741,0.00308398009580134,0.00381716535088291,0.00767646428478685,0.00388014528510287,0.0043448441311413,0.00552103640028525,0.00278002091182722,0.00654046308678343
0.0029022968372288,0.000875839936992968,0.00570366901995553,0.00716471088819001,0.00697955328543717,0.00170393257210962,0.00307795890997782,0.00647512806586287,0.00903132854235512,0.00856151562676425,0.00265405507227816,0.0043563167810535,0.00308515412664984,0.00381732169385615,0.00767218087697622,0.00387874421073438,0.0043433212596143,0.00551833411194023,0.00277970551906779,0.0065433482761744
0.00290711538642544,0.000876191877019117,0.00570294299659384,0.00716424406095561,0.00697877908352403,0.00170361608730871,0.0030781817483104,0.00648315468508794,0.00903012506652509,0.00857235446020233,0.00265390433131843,0.00435570666386259,0.00308851072161702,0.00381645451224391,0.00767403307624934,0.00387918169630185,0.00434542558521768,0.0055205158559681,0.00277903341010884,0.00654099789917633
0.00290268032507083,0.000875879339522528,0.00569860953128802,0.00715854751188723,0.00697426853744114,0.00170243965868799,0.00307553799134334,0.00647512315880992,0.00902532757838587,0.0085555253969325,0.00265479192768612,0.00435395873891968,0.00308182886421602,0.00381190274222865,0.00766601370309312,0.00387653313230484,0.00434288659173723,0.00551607373235856,0.00277933840178752,0.00653945615175654
0.00290757784141631,0.000875858830396613,0.00570030504619679,0.00715996685045043,0.00697891417493444,0.00170422255506898,0.00308065389323272,0.00647812329042282,0.00903141302122257,0.00855807631808196,0.00265659922349917,0.00435722542564161,0.00308341477726719,0.00381465628755741,0.00766941037487887,0.0038819060174139,0.00434397869202278,0.00551842510522191,0.00278299017211158,0.00654800555058312
0.00290460878500669,0.000876172057108611,0.00570386032076989,0.00716305954555502,0.00698035711111199,0.00170477537269919,0.00307962303085548,0.00647881177972935,0.00903232462334702,0.00856278367091463,0.00265817521555434,0.004360804464611,0.00308445511656971,0.00381479416701321,0.00767638311423262,0.00387850832943041,0.00435032876586154,0.00552896611463101,0.00278239072386803,0.00653877725765023
0.00290045978315779,0.000875251596958968,0.00569416664798406,0.00715784527518993,0.00697474884449668,0.00170327098702769,0.0030766621019116,0.00647219285907638,0.00902619356921605,0.00855326310397638,0.00265430546975839,0.0043532708395022,0.00307957917043458,0.00381076230000122,0.00766792327709993,0.00387483349505455,0.00434002956309209,0.00552330015763888,0.00277700145673081,0.00653363489630091
0.00290437627593231,0.000875936922213192,0.00570151134799585,0.00716191177443976,0.00697592739367626,0.00171185953511271,0.00308303422153215,0.00647592117574974,0.00902638300527165,0.00855651929812533,0.00266172487420096,0.00436318643825106,0.0030874956137046,0.00382190515861511,0.00767343683033786,0.00387762907692353,0.00435083818109324,0.00552431539899855,0.0027796681391103,0.00653640380383481
0.0029059428930731,0.000875909253216813,0.00570372628121594,0.00716093253805387,0.00698081770126228,0.00170341070697332,0.00307650757706155,0.00647771349627867,0.00902718587317592,0.00855880627851862,0.00265729125478343,0.00435721261893193,0.00308291869275431,0.00381494187292171,0.00767488725123745,0.00387709091804838,0.00434990497807006,0.00551741698826733,0.00278277914645407,0.00654637175059589
0.00290516095868714,0.000875721645298082,0.00570209538888945,0.0071624405198796,0.00697952527901184,0.0017043143918849,0.00307611466963826,0.00647702158182181,0.00903158446599717,0.00856223382174394,0.00265602587356678,0.00435895293516929,0.00308341059417483,0.00381691531313141,0.00767034691064558,0.0038801911524586,0.00434643935217215,0.00551799896311949,0.00277935408416032,0.00654704044763689
0.00290355605303195,0.000875608300398676,0.00570149319729787,0.00716464400026213,0.00697661852064301,0.00170441517004581,0.00307662498651907,0.00647456978454943,0.00902397517075745,0.0085552219106905,0.00265655782607042,0.0043553756813752,0.00308248301152304,0.00381195689569216,0.00767200485535166,0.00387802278508736,0.00434237313250296,0.0055197453816297,0.00277856334002935,0.0065362677878467
0.00290114868949115,0.000875844366897946,0.005700666009269,0.00715935809674148,0.00697796852347088,0.0017043868122425,0.00308045946679131,0.00647424881210991,0.00903119371974345,0.0085571587821452,0.00265573357801804,0.00435734195475041,0.003084193799583,0.00381384336873944,0.00766946481811896,0.00387628390080589,0.00434094306217103,0.00552057913272666,0.00277889936493231,0.00653817236521946
0.00290395281200229,0.000875637170004545,0.00570147637253531,0.00716209954443047,0.00697814419045549,0.00170421170804543,0.00307634603362033,0.00647361507548135,0.00902836326661379,0.00855550131888523,0.00265795958899744,0.00435488647698218,0.0030819581457886,0.00381276473486313,0.00767493996333949,0.00387527062789234,0.00434190170073263,0.00552177401161437,0.00277851955595669,0.00654036068731789
0.00290483637474041,0.000876670815483996,0.00570408523018419,0.00716674127473984,0.00698099462195769,0.00170568853170492,0.00308011631209786,0.00648049603497835,0.00903520751272919,0.00856187587575876,0.0026587138914384,0.0043604198987033,0.00308548670313648,0.00381734138917565,0.00767885766785275,0.00388002998457192,0.00434661315486124,0.00552952654311964,0.0027804879873442,0.00654465170063664
0.00290575304789928,0.000875355023142543,0.00570699036580817,0.00716592926074595,0.00697365446675209,0.00170605517639359,0.0030802761720572,0.00647469138013676,0.0090409336786927,0.00855688605848793,0.00265469207321497,0.00435737517288837,0.00308264667823792,0.00381934399185671,0.00767327250669426,0.00387818822444805,0.00434593932707047,0.00551813255421864,0.00277979087821521,0.00654319414082851
0.00290565809144027,0.000875996876260363,0.00570590269657688,0.00716552555910935,0.00698064026000907,0.00170476898481015,0.00308070827852214,0.00647932719046169,0.00902857583990081,0.0085647662518071,0.00265799400183059,0.00435555912559623,0.00308408253077422,0.00381379341986467,0.00767382943811647,0.00388018819103618,0.00434258501509378,0.00552558047490984,0.00278184782479901,0.00654454218807544
0.00290285386890211,0.000875423812239728,0.00569972099883991,0.00715697862018173,0.00697159998966539,0.00170404900914464,0.00308015852732669,0.00647408798681292,0.00902647835362928,0.00855257203153065,0.0026550166580825,0.00435077589675954,0.00308173836054142,0.00381251559548376,0.00767189937290212,0.00387803181784822,0.0043378626025378,0.00552110479756685,0.00277885139321098,0.00653794355450125
0.00290560280126753,0.000876235480011671,0.00570841425271172,0.00716804534025669,0.00698368882662681,0.00170496142981058,0.0030798094729207,0.00648448948796789,0.00903103256705819,0.00856660026623972,0.00265581948742107,0.0043618680105651,0.00308483590866979,0.00381610615938392,0.00767911426266847,0.00387950506262398,0.00434653004454879,0.00552384834132678,0.00278275081349019,0.00654327023926629
0.00289804760626258,0.000874774440322842,0.00569618738194427,0.00715446033213412,0.00696842510512204,0.00170131590631685,0.00307178935741679,0.00647032103682764,0.00901366072462383,0.00855284798392389,0.0026507438236439,0.00435300196201378,0.00307831939836062,0.00381028190655131,0.00766394850331253,0.00387356974786599,0.00433781738862281,0.00551473318183142,0.00277483356321419,0.00653031306988346
0.00290324760388124,0.00087653942322354,0.00570487522305072,0.00716523561273177,0.00697909738488455,0.00170538947901739,0.00308044313873407,0.0064828153398898,0.0090369605904085,0.00856317686495236,0.00265767420352203,0.00436031501684483,0.00308393561700151,0.00381751209151,0.00767956361420797,0.00388005020173597,0.00434663158461614,0.00552661104374176,0.00278294217779701,0.00654290190906396
0.00290466234625951,0.00087613157502519,0.00569960023030048,0.00715604530661568,0.0069724648488721,0.00171063685992707,0.00307536548488812,0.00648043282852633,0.00902378533734604,0.00856075642693832,0.00265316481027229,0.00435811273494542,0.00308149708731138,0.00381218469689421,0.00767336408070664,0.00387596781581133,0.00433999362285675,0.00551518781778561,0.00277789591951938,0.00654127310939279
0.00289997646043473,0.000875235507181757,0.00569787785880296,0.00715905869135433,0.00697296288111151,0.00170308519138041,0.00307518987669179,0.00647059590757596,0.00902046519952079,0.00855232630440137,0.00265285973028222,0.00435310766724125,0.00308148730540491,0.00382263782795075,0.0076701446417896,0.0038751927292729,0.00434045865998293,0.00551600873955139,0.00277850811959426,0.00653360192040646
0.00290081422671937,0.000875415862500052,0.00569720918442037,0.00715827890257497,0.00697372546428357,0.00170335910425246,0.00307676542434481,0.00647191032609773,0.00902297485703182,0.00855258197241306,0.00265496550425447,0.00435468931550085,0.0030807088602936,0.00381191941756879,0.00766648224621973,0.00387550323679481,0.00434045079558496,0.00552260510267127,0.00277816606186226,0.00653553631733355
0.0029010797186966,0.000875354407802377,0.00569988498326064,0.00715643393200767,0.00697389633155817,0.00170393259666704,0.00307774556317034,0.00647749763693288,0.00902430333296096,0.00855562859112273,0.00265536848559532,0.00435277214344972,0.00308109520694188,0.00381300384364934,0.00767022235017515,0.0038765363644964,0.0043397869194186,0.00552385807679477,0.00277773513156357,0.00653872367483653
0.00290568830931523,0.000876407075682307,0.0057081644447777,0.00716984452337915,0.00698183503901927,0.00170563600337121,0.00308368928573371,0.00648237614695274,0.00903699308920903,0.0085666860608258,0.00265923541191626,0.00436058933866997,0.00308479290033713,0.00381811881498139,0.00768130559962208,0.00388094806147215,0.00434629446865383,0.00552967109885984,0.00278235449381933,0.00654363616065918
0.00290114228968491,0.000875977201954895,0.00570332143677749,0.0071580124677271,0.0069760655725695,0.00170403755276446,0.00308125098009673,0.00647049672020003,0.00902750157936383,0.00856234741967639,0.00265680640221583,0.00435223242931942,0.00308183171585204,0.0038138539479395,0.00767149422303749,0.00387377810431234,0.00434151851908544,0.00552280522152384,0.00277782106678439,0.00653835880647459
0.00290982834269365,0.000875996106321758,0.00570109255093038,0.00716527958354679,0.00698733513780689,0.00170533802845348,0.00307794304074162,0.00647860104426009,0.00902940187509849,0.0085747034733319,0.0026556913802513,0.00435965568415887,0.00308524914286107,0.00381708484052346,0.00767290766680855,0.00388266709762197,0.00435195997229364,0.00552123920370762,0.00278036562485181,0.00655032660393099
0.00290518967461345,0.000875525960619453,0.00570118002341711,0.00716761472246865,0.00697774330156545,0.00170589459724596,0.0030803395088641,0.00647770542784039,0.00902836371318205,0.00855324595499776,0.00265687685537173,0.00435911062667393,0.00308618052679624,0.00381463377903588,0.00767442285005168,0.00388293482788926,0.00434495701285687,0.00551657938602916,0.00277945034029296,0.00654029999204615
0.00290181215186543,0.000875882779490009,0.0057008424741986,0.00716179155415951,0.00697589026005473,0.0017037310908353,0.00307568240485114,0.00647460848384616,0.0090239303938577,0.00856028708053832,0.00265286127378124,0.00435535457224184,0.00308226037311531,0.00381360298504559,0.00767063262857571,0.00387687566437867,0.00434224920838145,0.00551806073268995,0.00277867052700708,0.00653967831499377
0.00290547247855842,0.000876183421226957,0.00570617599176067,0.00716579145952499,0.00698319154651508,0.00170785035866424,0.0030802905718725,0.00647867594163098,0.00902809279098783,0.00856315255515496,0.00265684850402966,0.00435879092116231,0.00308339394968867,0.00381675988346351,0.00767542695683989,0.00388064327022567,0.00434436386985266,0.00552477945430396,0.00278123891346821,0.00654284269479532
0.00290384102851401,0.000876448947714844,0.00570363440849897,0.00716993223887812,0.00698236177623077,0.00170550494061,0.00308069541975878,0.00648132149552889,0.00903578476126414,0.00856353058129636,0.00265918041495865,0.00435937448017729,0.00308347494924383,0.00381619098224572,0.00767645002720259,0.00387931693088793,0.00434579042232072,0.00553069052382385,0.00278150312495535,0.00654279596826502
0.00290482481179839,0.000876077519719857,0.00570680372310999,0.00716853469707821,0.00697977373725919,0.00170512471525361,0.00309755996181747,0.00647953893717064,0.00908203492028319,0.00856439623723465,0.00265669475651312,0.00435875316680144,0.00308450664088085,0.00381811235472302,0.00767522917386283,0.00388132449954141,0.00434702227477634,0.0055240044835575,0.00278239271968972,0.00654908408886955
0.00290237699334829,0.000875813161817847,0.0057016331207484,0.00716396907100139,0.00697934761293751,0.00170453319271129,0.00307596715682434,0.0064757695651826,0.00902939381361032,0.0085567138985363,0.00265584763641907,0.00435945747902888,0.00308311790360278,0.00381380790028232,0.00767020011190273,0.00387718868942829,0.0043425483918216,0.0055221287620866,0.0027809586943391,0.0065361383537505
0.00290503248173901,0.000876492129960026,0.00570578243056368,0.00716688186076585,0.00698115930764302,0.00170796802545431,0.00308345437377102,0.00647963265889208,0.00903661581526676,0.00856496436617304,0.00265993275052128,0.00436031233037829,0.00308400622251712,0.00381662038173484,0.00768165463962307,0.00387964320897633,0.00434620169956392,0.0055322312609909,0.00278187334072625,0.0065430272273921
0.00290429587653494,0.000875749192955726,0.00570140181887174,0.00716141019690831,0.00697943153505488,0.00170412346296116,0.00307717002494042,0.00647598474646735,0.00903182832568465,0.00856712372476908,0.00265475756857461,0.00435654976968237,0.00308547676232168,0.00381538292939066,0.00767342316575181,0.00387674941570035,0.00434473243234827,0.00552092977001417,0.00278181679434746,0.00653853159512984
0.00290379425734854,0.000876015824926301,0.00570465403027559,0.00716390156323327,0.00697905431640181,0.00170481782634637,0.00308086793623633,0.00647772164516729,0.00903297104042576,0.00856020327710644,0.00265744178947635,0.0043588484161702,0.0030839578699254,0.00381672950967311,0.00767734936982896,0.00388174938565781,0.00435021689090055,0.0055255212123142,0.00277992686742623,0.00653998085505546
0.00289939974410293,0.000875353415064158,0.00569916958455257,0.00715620695622417,0.00697307033724083,0.00170248329287231,0.00307458289349478,0.00647350426714202,0.0090223549843743,0.00855473677254011,0.00265209296820863,0.00435467028273131,0.00308091697259379,0.00381128545792141,0.00766412465459962,0.0038752296529629,0.00433952052415663,0.00551852383348344,0.00277688795811577,0.00653536027690901
0.00290252179516716,0.000876202522749827,0.0057043327194564,0.00716266938551809,0.00698159361686155,0.0017058500713036,0.00308131943852741,0.00648010867111557,0.00903207381931764,0.00856151959480487,0.00265886692055576,0.00436056738560218,0.00308466173961594,0.0038179805794708,0.00767802103237434,0.00388080046384031,0.0043453373792524,0.00552977677543333,0.00278074536686584,0.00654172473546443
0.00290681534952569,0.000875926826651963,0.00570461120438315,0.00716669698447394,0.00698017138364629,0.00170463422295695,0.00307775135654874,0.00647632627922668,0.00903070190626216,0.00856756162523018,0.00265632598863641,0.0043655630847239,0.00308351271090309,0.00381658208297696,0.00768152648033216,0.00388130351862954,0.00434493357300279,0.00552067192611295,0.00278028194814964,0.00654268604632581
0.00290320771466518,0.000875907595143964,0.00570039782914017,0.0071671555962548,0.00697806345441089,0.00170347217122838,0.00307699766660713,0.00647391357988629,0.00902840512155064,0.00855970898576817,0.00265501106285303,0.00435877713066542,0.00308507313765559,0.00381357956693023,0.00766958007294334,0.00387942113145131,0.00434702958696938,0.00551813585842336,0.00277846073596171,0.00653911312046368
0.00290473550694328,0.000875651601992641,0.00569920253431807,0.00715861989950842,0.00697386544386768,0.00170438335076869,0.00307842885057382,0.00647394126316942,0.00902644040800389,0.00855571781021245,0.00265516816647784,0.00435592177284663,0.00308211634986056,0.00381327341812775,0.00766645172970349,0.00387647018958913,0.00434289701432329,0.00552526483732202,0.00277890273609495,0.00653670108484347
0.00290425537138181,0.000876351920247045,0.00570414501295392,0.00716660374583818,0.00697932789558208,0.00170400858166098,0.00308091063074816,0.00648231499505701,0.00903722790449111,0.00856796055146206,0.00265789253730567,0.00436070835184081,0.00308390873112766,0.00381598210164346,0.00767766096952672,0.00388009868381699,0.00434474021051631,0.00552161674050169,0.0027825588710324,0.00654257893138737
0.00290222135534489,0.000876165571547939,0.00570384849092021,0.00716436417846814,0.00697974692221869,0.001705183170942,0.00307649996835074,0.00647833898055179,0.00902795731135347,0.00856193253741282,0.00265547737483433,0.00435874225381204,0.00308417024615663,0.00381694830589076,0.00767352397854821,0.00387856452917926,0.00434554695670479,0.00551998447250146,0.00278088236298331,0.00654470359363599
0.00289895753509845,0.000875498534534321,0.00569896205893883,0.00715653453889123,0.00697562897550454,0.00170253732045628,0.00308885908866772,0.00646905489306753,0.00902124115971314,0.00855446817484128,0.00266460819113262,0.00437170206548245,0.00309500413445342,0.00382862255286656,0.00766509722062068,0.00387550830521679,0.00434059474124257,0.00552046120311675,0.00278997033200158,0.00653573170102714
0.00290777850231116,0.000876202791489787,0.00570542168283874,0.00716560114315343,0.00697820493529712,0.00170449588908169,0.00307788365996316,0.00647872627058421,0.00903364902755252,0.00856042120391793,0.00265535562564409,0.0043577732587692,0.00308501598287895,0.00381537968618115,0.00768053557165346,0.00387944432930103,0.00434576931571936,0.00552544978692617,0.00277915357821585,0.00654390162565781
0.00290234500260928,0.000875840260153211,0.00570145566249775,0.0071620859603511,0.00697689093077688,0.00170236142865165,0.0030749247542586,0.00647950093750264,0.00903037223953047,0.00856177927761177,0.00265419382709315,0.00435604848084762,0.00308397411563904,0.00381495637394591,0.00767039628239413,0.00387888123358506,0.0043416836919931,0.0055233247318156,0.00277918205882521,0.00654258905648975
0.0029087318748016,0.000875720604633584,0.00570387512824671,0.00716196773881263,0.0069799794514228,0.00170376074863028,0.00307666906551801,0.00647348840956982,0.00902466663076981,0.00855807644347787,0.00265404550405277,0.00436097110633423,0.00308768890095256,0.00381833358145958,0.00767117496414486,0.00387706837995874,0.00434425540660791,0.00551874105575888,0.00278403769430948,0.00653981813863957
0.00290473820016297,0.000875425798404705,0.00569804113939782,0.00716019114520776,0.0069709611351838,0.00170207398127222,0.00307444659393667,0.00646925020019565,0.00902183401212005,0.00855075696448992,0.00265283838970394,0.00435252256834365,0.00307954236872256,0.00381173200087909,0.00766503223176366,0.00387422566955571,0.00433788288168861,0.0055145889801531,0.00277584320089763,0.00653561717457164
0.00290033240706297,0.000875582402434611,0.00569926993245115,0.00715785748122025,0.00697528269233325,0.00170331981043639,0.00307722806848063,0.00647270500340563,0.00902310426401889,0.00855598683840768,0.00265330330188567,0.00435591172456419,0.00308151298314462,0.00381431924748619,0.00766905664555951,0.00387761133620338,0.00434357383561804,0.00551476646705559,0.00277950839346632,0.0065369715259616
0.00290708964597517,0.000875821484868248,0.00570203636233997,0.00716378615605769,0.00698079132264155,0.00170615658557961,0.00307755767620022,0.00647577496159172,0.00902867078396337,0.0085603369246088,0.00265876998757246,0.00436025170149173,0.00308341845584973,0.00381725400652194,0.00767252196475984,0.00388268907941715,0.0043482978489791,0.00552224109457569,0.00277983178098994,0.00654039030490786
0.00290327244820296,0.000876164777649739,0.00570604219544419,0.00716389798712861,0.00698071061205994,0.00170566935836547,0.00308044890452374,0.00648171650346299,0.00903372167439193,0.00856490855056959,0.00265705506300077,0.00436427673420269,0.00308633213161005,0.00381946467371535,0.00767573956733749,0.0038822882513215,0.00435031822626394,0.00552718703859177,0.00278334645309218,0.00654407319579805
0.00289937205145291,0.000875148012533265,0.00569705538069386,0.00715795141524083,0.00697196993331288,0.00170288559348695,0.00307357910505292,0.00646899189110735,0.00902249047034036,0.00855157415048728,0.0026517681580358,0.00435198831563807,0.00308085459693407,0.00381225677531333,0.00766809888136557,0.00387395795308106,0.00434193723827895,0.00551531506345485,0.00277650657345797,0.00653599616223634
0.00290491607003012,0.000875959908259119,0.00570604698964803,0.00716523926960216,0.00698553877945651,0.00170625320789822,0.00307836334734791,0.00648080242789,0.00903586344647322,0.00857174199825619,0.00265552176802671,0.00435885804901685,0.00308341687647753,0.00381819480655202,0.00767579726439288,0.00388060343814426,0.00434489750094601,0.00552845584692759,0.00278283995722847,0.00654102691919728
0.00290524315337488,0.000876511951992185,0.00570838598225207,0.00716939762058073,0.0069838793168808,0.00170598844586541,0.00308100887473457,0.00648056893995335,0.00903548216639776,0.00856526707926224,0.0026577825018645,0.00436148561057255,0.00308555580920797,0.00381729711834749,0.00767661567527212,0.00388119712965256,0.00434701495092607,0.00553042876242605,0.00278205018195187,0.0065429671097698
0.0029038633167685,0.000876041887516784,0.00570023496996383,0.007162558692044,0.00697508372747456,0.0017036108334488,0.00307562231296378,0.00647769350430407,0.00902688931393384,0.00855603941494349,0.00265776358134956,0.00435609185451399,0.00308502817038827,0.00381434175013108,0.00766993652506555,0.00387700019041003,0.00434520217923601,0.00552088544371847,0.00278000294431145,0.00653806391519597
0.00290468092295953,0.000875734440213475,0.00570098622036399,0.00716217184330536,0.00698208444312407,0.00170365941942373,0.00307669003181076,0.00647428452877852,0.00903659066092653,0.00856711642889932,0.00265279737940174,0.00435633531037836,0.00308786501818724,0.00381666097282961,0.00767860998421193,0.00388101293433112,0.00434668571390095,0.00551958899909147,0.00279162618919224,0.00655004439646254
0.0029049394463601,0.000875756696769702,0.00570274761547369,0.00715547191983291,0.00697106599460997,0.00170316778108493,0.00307540948793601,0.00647159720187295,0.00901822487377048,0.0085531590555226,0.00265533589093128,0.00435421058105859,0.00308214096568614,0.00381281644079832,0.00768097879652156,0.00388094911614945,0.00434676310593151,0.0055174019485303,0.00277853994245062,0.00654621186245876
0.00290601620954842,0.00087604199269406,0.00570464428460848,0.00716344972414374,0.0069822531543385,0.0017058925778949,0.00308320396979387,0.00647821507144188,0.00903316674517867,0.00856039976395791,0.00265880028345235,0.00436006038321381,0.0030858296470731,0.00381676954314208,0.00767944213465503,0.0038808214012586,0.00434493578379886,0.00552610304952922,0.00278101364735915,0.00654072880440107
0.00290082400959996,0.000875654053139911,0.00569945811072961,0.00716013744257682,0.00697300928936803,0.0017044765777706,0.00307956411659714,0.00647302047418597,0.00902302384032043,0.00855391203171353,0.00265652932499186,0.0043572892664029,0.00308122718030728,0.00381440797058163,0.00767104340288227,0.00387687540125396,0.00434416929262379,0.0055249651205261,0.00277991102570053,0.00653616879032825
0.00290310096172148,0.000876441634924253,0.0057069590373832,0.00716694127684638,0.00697585488767755,0.00170670182361002,0.00308396506135414,0.00648266748072405,0.0090327606113707,0.00856541401971351,0.00265693241950133,0.00435871123407602,0.0030843646117471,0.00381466674155156,0.00767960296764148,0.00387778411984223,0.00434544007032657,0.005528929989128,0.00278192125207746,0.00654585357303315
0.00290256750138371,0.000876009098533663,0.00570446701282059,0.00716247280402388,0.00698018267860876,0.00170434651206669,0.00307934944801746,0.00647390926428963,0.00902757356122422,0.00856154732461451,0.00265676811482915,0.00435590824170501,0.00308298596976513,0.00382375260553493,0.00767556692121267,0.00387846563121577,0.00434379375589779,0.00552190401318922,0.00277900458774781,0.00653908491884231
0.00290243616456128,0.000875573494499317,0.00570095858827532,0.00716405786195935,0.00697630026988294,0.00170411373154861,0.00307833351067023,0.00647650228184334,0.00902532061713675,0.00855559378640802,0.0026593174974099,0.0043573741149693,0.00308595832132946,0.00381334454728194,0.00766803957389579,0.00387673179773753,0.00434308367032895,0.00552501151107168,0.00278331298604993,0.00653925539472042
0.00290101188186801,0.000875173685255415,0.00569894214301581,0.00715649735718362,0.00697242145104432,0.0017027885629329,0.0030816575854673,0.00648567045668483,0.00902238402609372,0.00855407138708064,0.00265191405991136,0.00435273783289017,0.0030818288664407,0.00381416788721521,0.00766638243696226,0.00387510048283786,0.00434935291903342,0.0055158618300065,0.00277754070130978,0.00653532060848419
0.00290460081893682,0.000875434211992144,0.00569911024253288,0.00715871526652987,0.00697398635027555,0.00170666873390063,0.00307698381223198,0.00647324575221419,0.00902400390916818,0.00855936784172349,0.0026521895581991,0.00435292564897229,0.00308513637686001,0.00381279088806044,0.00766976374208131,0.00387606812741915,0.00434257399350141,0.00551578130134073,0.00277912112858955,0.00654626113775174
0.00290000380794519,0.000875441495760936,0.00570094425285933,0.00716162178154092,0.00697649372712235,0.00170415863686718,0.00307893339217069,0.00647502583510708,0.00903446350143433,0.00855698425450899,0.00265702061745927,0.00435633206517605,0.00308241743582849,0.00381356829468176,0.00767106382255624,0.00387682465101388,0.00434135976617024,0.00552497578643862,0.0027788687608734,0.00653831734020066
0.00290159268056672,0.000875964809559698,0.0057022062770854,0.0071616067364644,0.00698007450745829,0.00170375694936053,0.00308169571490087,0.00647674566623664,0.00903246778145288,0.00856244480792063,0.00265720016903411,0.00435749723069821,0.00308237219481214,0.00381508811978943,0.00767328943100423,0.00387908184151747,0.00434306300290596,0.00552385433917757,0.00278002678525962,0.00653922801467582
0.00290095176180407,0.000876013646731301,0.00570434523145101,0.00716422763492089,0.00697929447697057,0.00170541463905763,0.00308011621914784,0.00647961745896617,0.00903274539159933,0.00855557645360713,0.00265697387060491,0.00435965709797648,0.00308494465937963,0.00381587056235249,0.0076741506696591,0.00388026145399564,0.00434657300855245,0.00552873554009472,0.0027814656177126,0.00653943858366306
0.00290377283326061,0.000876325913021041,0.00570509595108896,0.00716358109436607,0.0069820210875467,0.00170570534746412,0.00307955610412371,0.00648350592481818,0.00903691365436745,0.00856337612147444,0.00265878880346213,0.00436081525057345,0.0030863553023178,0.00381824424839534,0.00767242409276548,0.0038802351982371,0.0043458274152056,0.00552725088961754,0.00278188858556252,0.00654222592244207
0.00290758599767407,0.000876139539419802,0.00570871648375549,0.00716525719284915,0.00698303623766458,0.00170511462584992,0.00307925730768987,0.00647958550604192,0.00903635069423369,0.00856859402394267,0.00265717017818839,0.00436018459198811,0.00308547768717019,0.00381821757474123,0.00767962827623643,0.00388015048078891,0.0043474652776523,0.00552404820937012,0.00278231879402167,0.00654245591010209
0.00290224596589161,0.000874352204287703,0.0056954631323597,0.00715760356689637,0.00696686687647598,0.00170281549868289,0.00307540596846953,0.00647181125522192,0.00901940505572433,0.00855428818010962,0.00265684071342057,0.00435323345761873,0.00308168272320008,0.00381283974964591,0.00766784970921609,0.00387619452814875,0.00434069631180843,0.00551550129232362,0.00280633683590284,0.00653793152071532
0.00289835359355716,0.000874611689138589,0.00569225769357663,0.00715201542547519,0.00696854804204117,0.00170113397113861,0.00307450747002929,0.00646486050334439,0.00901063876805149,0.00854906864140554,0.00264970747800259,0.00435008239831341,0.00307754329940428,0.00380898328863005,0.00765998427392077,0.00387014291773573,0.00434343128596468,0.00551353425936011,0.00277523506692147,0.00653144276260976
0.00289918427103358,0.000874938480341602,0.00569637839590468,0.00715664784216387,0.00696970895109232,0.00170170672334757,0.00307395339603454,0.00647017823236707,0.00901959638788259,0.00855441534845073,0.00265090187655753,0.00435181136474823,0.00307967457976922,0.0038187386996234,0.00766427018621049,0.00387205449462453,0.00433828510449352,0.00551283665207201,0.00277680341662203,0.00653364256307717
0.00290662260989459,0.000875824245992841,0.00570920403843056,0.00716248106482382,0.00697699748168379,0.00170640281746355,0.00307818913875743,0.00647637376260744,0.00902801343632781,0.00856997314192243,0.0026573203081219,0.00436392066720737,0.00308321177101058,0.00381527915716364,0.00768332463614238,0.00387793456991797,0.00434491714829409,0.00552121116120827,0.00277983757759355,0.00654132512817412
0.00290407196658312,0.000875951317919839,0.0057028700228726,0.00716364849757428,0.00697710738698418,0.00171218938827652,0.00308103327433679,0.00647816638068015,0.00903350395947442,0.00856535840663054,0.0026581807281984,0.00435767554271526,0.00308333452340633,0.00381821728338811,0.00767497029262527,0.00388153175982675,0.00434764782923648,0.00552768040980152,0.00278112826392599,0.00653807235988984
0.00290399578587296,0.000876181293414742,0.0057044381578301,0.00716575523625598,0.00697877799685055,0.0017044990985242,0.00307938735569806,0.00647688964485982,0.00902941569588587,0.00856344946304943,0.00265800357875593,0.00436124118256253,0.00308376586575524,0.00381532008575306,0.007674018111399,0.00387744275103054,0.00434457940529937,0.00552487549317793,0.00277979148735524,0.00654069360989998
0.00290686563742509,0.000876570635513898,0.00571068511561352,0.00716744072441956,0.00698149800950522,0.00170506155251564,0.00308169364316542,0.00648644102177743,0.00903698505822479,0.00856518852829322,0.00265590753721323,0.00435962832042131,0.00308546081127585,0.00382115123069245,0.00767728605180727,0.00388680864218431,0.00434707053260422,0.00552150389994405,0.00278220798847864,0.00654460545515016
0.00290307515637814,0.000875310871557398,0.00569891563096846,0.0071577645050041,0.00697379215213248,0.0017029131766305,0.00308760858391103,0.00647390071955896,0.00902552720411881,0.00856359753810694,0.00266385368382568,0.00435391585539686,0.00308369688889975,0.00381557772107227,0.00766918787433151,0.00388103890190236,0.00434164334843335,0.00551639177484886,0.00277979645170991,0.00654160636777144
0.00290312553363387,0.000875283232776357,0.00569738197430827,0.00715891532254471,0.00696994004029984,0.00170257501079676,0.00307473455250503,0.00647662729249413,0.00901803553793229,0.00855118957521769,0.00265439335921418,0.00435618545008186,0.00308066329404469,0.00381430414401674,0.00766680267243293,0.0038743560259167,0.0043458822650673,0.00552304718617516,0.00277723088326053,0.00653402633020189
0.00290770382895703,0.000880761387953576,0.0057052023672779,0.00716220985113806,0.00698142682528585,0.001713867198859,0.00307699647832448,0.00648814899448773,0.00904410072161499,0.00856249254108693,0.0026610076324056,0.0043591505708349,0.00308373837258026,0.00382506074409815,0.00767523332100565,0.00387937582655151,0.00436721736446397,0.00552139604256486,0.00277949248595494,0.00654223182429131
0.00290191868206576,0.000875856791994571,0.00570225748257322,0.00716477573356903,0.00697379699883979,0.00170520769302268,0.00307853477125259,0.00647839691763628,0.00902662306379536,0.00855830980229805,0.00265692056423358,0.00435625859908413,0.00308264706515883,0.00381523622197703,0.00767047152232917,0.00387743914803092,0.00434235552132547,0.00552560888325948,0.00277964911704899,0.00653732198166159
0.00290311682911028,0.000876271814546476,0.00570235624007846,0.00715926787971052,0.00697494619756859,0.00170511468171891,0.00308011437635443,0.00647567711713696,0.00903451310500688,0.00856145845411998,0.00265733901679698,0.00435809276663272,0.00308457460294153,0.00381507404615819,0.00767278508491682,0.00387776145539981,0.0043463644733813,0.00552820092628423,0.00278085987880717,0.00653905462741106
0.0029015893901128,0.000874950016143525,0.00569812329176136,0.00715795299992005,0.00697234452537617,0.00170218447847437,0.00307420306389472,0.00646945391038945,0.00902155456746088,0.00856677121178798,0.00265462792411211,0.00435336718907637,0.00308300254303163,0.00381241598976852,0.00766740879952576,0.00387829412183761,0.00433946026854995,0.0055173692810372,0.00277685894841732,0.00653410498629642
0.00290014567448489,0.000875626749452602,0.00570001930684709,0.00716042986947862,0.00697448979198694,0.00170312822348934,0.00307509581091581,0.00648708940869131,0.00902204119863718,0.00855689625509108,0.00265276743194633,0.00435392499233387,0.00308144265829773,0.00381273069384691,0.00767171969474071,0.00387620042047859,0.00434164911054239,0.00551646748198414,0.00277771993580302,0.00653644034859878
0.00290233718523869,0.000876564768245957,0.00570333782668668,0.00715971664485117,0.00697826937445967,0.00170535903061,0.0030801481303126,0.00647637151532429,0.00903260522822125,0.00856019446850699,0.00265830114510025,0.00435761721237643,0.00308492386285646,0.00381532399903906,0.00767559343827453,0.00387914894584921,0.00434643452062108,0.00552666293554941,0.00278183319619983,0.00654120755510862
0.00290065478503749,0.000875616237473903,0.00569919490781422,0.00716097422208014,0.00697593033046435,0.00170309205257214,0.00307765297514043,0.00647374448762547,0.00902256675353493,0.0085707267891206,0.00265449430235234,0.00435719376407504,0.00308243750247341,0.00381580351683553,0.0076741853143532,0.00387606884791674,0.00434341469881531,0.00551996622763267,0.00277951228748948,0.00653601863258731
0.00290893650708216,0.000876356491792617,0.00570435783070875,0.00716597546992193,0.00698483106080856,0.00170459865300391,0.00307764793195834,0.00647818796268392,0.00903859721218423,0.00856987371801651,0.0026562443491349,0.0043626477927368,0.00308777976627183,0.00381852589438432,0.00768588084605027,0.00388534520326418,0.00434344051162185,0.00552057082325093,0.0027798803379725,0.00654251035788185
0.00290249904954365,0.000875939647955132,0.00570121124316368,0.00716207398101553,0.00697559575170188,0.00170320582271311,0.00307591388094372,0.00647780507400998,0.009022960414332,0.00856128162237265,0.00265297430913607,0.00435614238011932,0.00308163680970203,0.00381377818564445,0.00766945592300921,0.00387701621419356,0.00434277329302991,0.00551824100759584,0.00277851419103661,0.00653847362688051
0.0028994507686924,0.000875369632231007,0.00569919104486363,0.0071602723352384,0.0069709298275162,0.00170336993725283,0.00307696947907652,0.00647389121384954,0.00901977921410245,0.00855463045502869,0.00265518535461036,0.00435399052038434,0.0030812791920397,0.00380968891728354,0.00766375859179179,0.00387537328967974,0.00434108873604479,0.00552378407171185,0.00277994362072262,0.0065358844806273
0.00290136164555864,0.000874436886466629,0.00569601096750445,0.00715601795649488,0.00697225337497514,0.00170389778026472,0.0030766161047754,0.00647019097830303,0.00902063768926237,0.0085533830262137,0.00265527115228289,0.00435319365233545,0.00308069938377832,0.00381235256621116,0.00766516480162794,0.00387392301838105,0.00433839368761025,0.0055238169287721,0.00277655733416974,0.006535968138762
0.00290189380978401,0.000875745010446299,0.00570077363855402,0.00716224546056724,0.00697707362752091,0.00170434499344909,0.00307878582328123,0.00647660845576866,0.00902344976054154,0.00856168680961069,0.00265383855823541,0.00435803679859552,0.00308237032922379,0.00381586214419176,0.00767503087878152,0.0038777074440202,0.00434437113131931,0.00551723888852889,0.00278040348647828,0.00654006091845899
0.00290738941029462,0.000876199928909911,0.00570639474136114,0.00716665629984426,0.00698187358241889,0.00171361665131681,0.00309625462016311,0.00651190484674308,0.00908770655744692,0.00860409006952757,0.00266889248484692,0.0043798701162719,0.00309978059548918,0.00383641111570933,0.00771645719382016,0.00387887577759878,0.00436759317177225,0.00554898458083808,0.00279811994277246,0.00657466121926906
0.00290463977754362,0.000876201588628648,0.00570347147142158,0.00716436251963156,0.0069801044541153,0.00170451629437288,0.00307846951084572,0.00648007954129896,0.0090293557314496,0.00856745552280617,0.00265632178160227,0.00435771760748899,0.0030836923352152,0.00381722501603623,0.00767922032973901,0.00388000844898819,0.00434564841625061,0.00552125381298574,0.00277965293585461,0.0065406589625829
0.00290732787136132,0.00087605155122079,0.0057071923440323,0.00716757036776374,0.00698275697211884,0.00170411574334281,0.00307835363131219,0.00648735508170079,0.00904175245577332,0.00856627271528618,0.00265604207254018,0.00436283861015585,0.00308506333019854,0.00382164834437583,0.0076764957508543,0.00388034739482109,0.00434419082625698,0.00551999793114944,0.00278163094001271,0.00654396561801862
0.00290396813645584,0.000876446283525884,0.00570513016501679,0.00716721079029074,0.00698354052520107,0.00170530349480204,0.00307960846737193,0.00647871095184168,0.0090325090071684,0.00856531247751189,0.00265802631580748,0.0043612109875436,0.0030855696891521,0.00381709132977267,0.00768094849114101,0.00387988990683457,0.00434549915599631,0.00552960897936959,0.00278136630463776,0.00653696780469125
0.00290460982267361,0.000876188484097008,0.0057036036322643,0.0071682738045923,0.00697889206977976,0.00170509472238955,0.00308078260232386,0.00648132801771103,0.0090345173067923,0.0085624854160786,0.00265821334968617,0.00436034285885702,0.00308377602594074,0.00381624706158473,0.0076779063526287,0.00388068852845661,0.00434590489841215,0.00553025232581796,0.00278085925939618,0.0065417414575251
0.00290166201776773,0.000875812721722533,0.00569741373730492,0.00715606143903513,0.00697131011427763,0.00170425408667324,0.00308273310681534,0.00648099522031123,0.00903281800857734,0.00856007931696059,0.00265688441635364,0.00435947099217445,0.00308497871796319,0.00381494163371135,0.00767439173283811,0.00388032247783866,0.00434507196996212,0.00552312563946259,0.00279532467589806,0.00657526207300283
0.00290731437964498,0.000875653137877838,0.00570568378153628,0.00716005709355719,0.00697566858898577,0.0017030346651087,0.00307653590142795,0.006473901778365,0.00902989263677966,0.00855935796842765,0.00265193518546125,0.00435431106061403,0.00308277247774801,0.0038145026648218,0.00767130095925679,0.00388018751511838,0.0043419002633991,0.00552071476603961,0.00278048569891511,0.00654327391853183
0.00290310311615558,0.000876053974599166,0.00570074573507686,0.00716340809346858,0.00697566534325058,0.00170511068047371,0.00308101810178448,0.00647226805699379,0.00903367115891381,0.00856084791372141,0.00265882466447852,0.00435717435932129,0.00308350319225731,0.00381789445261335,0.00767724773467483,0.00387986726714453,0.00434486562139599,0.00552458831820888,0.00278050044287255,0.00654184330820212
0.00290155921236715,0.000875737945771249,0.00569851255122373,0.00715863732452181,0.00697221613244491,0.00170346977743281,0.00307601881420726,0.00647371679635207,0.00902167974902596,0.00855931411603665,0.0026538015033151,0.00435481869264228,0.00308349934439575,0.00381379191605648,0.00767076723999777,0.00387841531592331,0.00434220361047973,0.00551549895896685,0.00277937163141738,0.00653480318433503
0.00290917890156753,0.00087679551619354,0.00570741936782313,0.00716406812742449,0.00698292153768709,0.00171243088355676,0.00307878973687564,0.00648033977374976,0.00903502297033918,0.00857014463576759,0.00265850579715895,0.00436036367431528,0.00308557250631535,0.00381605962557071,0.00768095376359493,0.00388075809502665,0.00434576997726279,0.00552434638645966,0.00278241722203173,0.00654368722814301
0.00290150382653044,0.000875630851372698,0.00569983345589663,0.00716011869915485,0.00697837809396354,0.00170382830681198,0.00307860796369452,0.00647615187654825,0.00902855008568872,0.00855521328662268,0.00265700358557318,0.00435699326290109,0.00308275302798225,0.00381287513894383,0.00766861688658348,0.00387655576093713,0.00434216945013396,0.00552386058872764,0.00277820437268548,0.00653984883947359
0.00290444018816437,0.000876504074299071,0.00570751547267611,0.00716784704069542,0.0069831219372755,0.00170669600898334,0.00308435747668918,0.00648220936873693,0.00903643395595239,0.00856557810468265,0.00265964768695641,0.004361876346918,0.00308591112062296,0.00381659992204554,0.00768059663827946,0.00388220342507785,0.00434836510260041,0.0055311479740487,0.00278155936428262,0.00654540177106581
0.00290313456800272,0.000875869236917747,0.00570182211057169,0.00716608158036402,0.00697959542561439,0.00170529201706278,0.00307940371619516,0.0064794997317751,0.0090284161530241,0.00856386396709687,0.00265738495041448,0.00435701455842711,0.00308304533988554,0.00381625907349725,0.00767706766311047,0.00388193661731796,0.00434755014968657,0.00552408808454289,0.00278154219445209,0.00654652550393939
0.00290549901369693,0.00087564580570139,0.00569825522318044,0.00716200059257591,0.00697754043490138,0.00170582368986645,0.00308094341586917,0.00648513552928607,0.00902845182844352,0.00855894342062817,0.00265814193163661,0.00435904419666078,0.00308784487926013,0.00381568577546616,0.00768219341343404,0.00387843100611,0.00434821037373835,0.00552449941039793,0.00277897079307034,0.00654111216344705
0.00290076681421434,0.000875748550538902,0.00569708751355418,0.00716157492314788,0.00697648515044331,0.00170464250345442,0.0030778715408464,0.00647276530443716,0.00902715537932545,0.00855711442508281,0.00265730463249781,0.00435438122513502,0.00308196389658642,0.00381351460834669,0.00767034626588653,0.00387630368043076,0.00434313049689583,0.00552869048739881,0.00277845897824872,0.0065374125661385
0.00290523769830507,0.000875870912933193,0.00570408337956529,0.0071648118029541,0.00697700711932204,0.00170417150525817,0.00307749934808892,0.00647782326325963,0.00903160693264318,0.00856243975316834,0.0026553807053596,0.00435832876663359,0.00308357531331725,0.00381566554990612,0.00767644354476961,0.00387807440995112,0.00434309919608042,0.00552564521008406,0.00277944983615416,0.00654071557249636
0.00290609649492227,0.000876541324932289,0.00570572414264875,0.00716692228829333,0.00698287427851695,0.00170493385593584,0.00308245700190712,0.00648418158334783,0.00903632456915832,0.00857235159162059,0.00265968284510422,0.0043644713227329,0.00308912984537441,0.00382167610353762,0.00767972224367396,0.0038837311314381,0.00434985808921211,0.00552274706776395,0.00278409559928115,0.0065487718037201
0.00290198241588796,0.000875301498866047,0.00569801783165063,0.00715430396318726,0.00697180928798963,0.00170209503855262,0.00307389022601512,0.00647436389707426,0.00902017834799418,0.00855798336288715,0.00265455263933054,0.00435153407129457,0.00308152547841857,0.00381416625363497,0.0076688955069816,0.00387439545716838,0.00434221361541698,0.00551370470809083,0.00277702110126131,0.00653213067763189
0.0029043776214227,0.000876058493733441,0.00570562794949199,0.0071654042256201,0.00697964881784229,0.00170463835274546,0.00307663524566862,0.00647965881409883,0.00902830274501789,0.00856277584301627,0.00265436792949882,0.00435630351819936,0.00308339334208029,0.00381469739744458,0.00767778538799346,0.00387770492753086,0.00434451014098327,0.00551961829479452,0.00277972611017748,0.00654206774654844
0.00290593406381782,0.000876021793108377,0.00569772547501471,0.00716243204391729,0.00697882253548162,0.00170430343449674,0.00307984375934751,0.00647661792219236,0.00902944900955798,0.00856057570407246,0.00265608473347856,0.004357687038339,0.00308269710109888,0.00381490032623367,0.00767074638934038,0.00387795305106849,0.00434265717577353,0.00552589053576578,0.00277998116302337,0.00653978795578509
0.00290416736001039,0.000876755348490137,0.00570621459360798,0.0071689687898237,0.00698360867352512,0.00170568585836011,0.0030824092384295,0.00648168354786038,0.00903351904400952,0.00856509749530018,0.00267333921035475,0.00435935254019063,0.00308426000052235,0.00381811337188209,0.00767722044540838,0.00388177392512659,0.00434639194028458,0.00553057359983513,0.00278213942124813,0.00654386455327944
0.00290419391087957,0.000876108187109172,0.0057104594900433,0.00716309776645452,0.00697741865772061,0.00170617268990275,0.00308126540010403,0.00648353881621417,0.00903321904988483,0.00856450156148855,0.00265847473600005,0.0043567815306148,0.00308591849584294,0.00381799139467051,0.00767695658395704,0.00388057962486946,0.00434690716768028,0.0055299753120904,0.0027808362892513,0.00654304254040277
0.00290407513538587,0.000874927061563744,0.00569852769571895,0.00715823024512229,0.006970390778346,0.00170287302100956,0.00307680187285515,0.00647000553856327,0.00902526897985197,0.00855245621335587,0.00265609728651703,0.00435613086274799,0.00308108854724462,0.00381584473554478,0.00767296691850432,0.00388173784042315,0.00434076693749852,0.00551952916830274,0.00277742380400231,0.00653474399094688
0.00290639643177127,0.000876408541184432,0.00570373022054838,0.00716531219720525,0.00698144350515825,0.00170681554856061,0.00308190720887723,0.00647585109415066,0.00904340647726632,0.00856449369846951,0.00265545476250712,0.00435736992943677,0.00308520564874871,0.00381827117506302,0.00767634069970804,0.00387855220905905,0.0043446109224188,0.00552181200298351,0.00278100823624241,0.00654602479928414
0.00290350366348663,0.000875936626355617,0.0057032846420294,0.00716277647602398,0.00697746382518503,0.00170726742894444,0.00307632521054797,0.0064719890968108,0.00902646839445352,0.00855913768428583,0.00265644732885673,0.00435458525011321,0.00308341917382788,0.00381387757479047,0.00767156748964731,0.00387524291844296,0.00434171264279454,0.00551659144176891,0.00277885326530112,0.00653992095557829
0.00290214415051667,0.000876043896776688,0.00570335945757516,0.0071634178782905,0.00698102320123825,0.00170433350172916,0.00307880206870472,0.0064778587897514,0.00903003690417365,0.00856259955447002,0.00265610225067742,0.00435907090877941,0.00308282454667819,0.00381358932588908,0.00767188364594871,0.00387721884015257,0.00434689278232169,0.00552594820804804,0.002779645164709,0.00654010875679691
0.00289918442782971,0.000875453931350163,0.00569502876547568,0.00715652617830939,0.00697436882145904,0.00170248646800762,0.00307394970532833,0.00646865218440769,0.00901939084066369,0.00855165061192134,0.00265250812948113,0.00435455128748366,0.00308007365328731,0.00381132279733808,0.00766531605142173,0.0038751663974394,0.00433911414220908,0.00551405394072365,0.00277633411991682,0.00653369939556606
0.00290360532860531,0.000874904286401406,0.00569675564468979,0.0071566333335778,0.00697017828883468,0.00170197508101638,0.00307374333815054,0.00647106244049418,0.00901771670656387,0.00854959983816044,0.00265196240484902,0.00435297845555559,0.00307933409332192,0.00381296967008919,0.00767082264274458,0.00387396489149549,0.00433944483146724,0.00551329888921798,0.00277629401157861,0.00653587577390372
0.00290445345956768,0.000875901714605766,0.00570346231725722,0.00716431622569283,0.00698041505051613,0.00170426543926054,0.00307801830480184,0.00647600518015193,0.00903151045865268,0.0085621793654799,0.00265522569402273,0.0043575630946955,0.00308342936342737,0.00381856102055868,0.00767506271379012,0.00387940673839862,0.00434426749481703,0.0055217603257999,0.00277951233929082,0.00653973648289381
0.00290675522877451,0.000876236028355013,0.005703171581936,0.0071640687693521,0.00697956935468947,0.00170565963825459,0.00307808382688034,0.00647797457144934,0.00903883884377319,0.00856374179726415,0.00265643453398161,0.00435706113101543,0.00308363215509383,0.0038184552734311,0.00767507396120929,0.00388025917493928,0.00434559224851256,0.00552570221571265,0.00278024573414688,0.00654132740435622
0.00290258283195405,0.000876142494850121,0.00570395712142234,0.00716423727797,0.00697976331649332,0.0017040326825436,0.00307769000980579,0.00647645481227058,0.00902642296533517,0.00856437139313849,0.00265479932970742,0.004360669199502,0.00308470679958664,0.00381551270804047,0.00767333299758647,0.00388200699215405,0.00434391376459501,0.0055193038423159,0.00277997251556323,0.0065414949613082
0.0029041194252301,0.000876350389217854,0.00570168807350612,0.00716296437546224,0.00697867336956023,0.00170759784080026,0.00307840495914754,0.00647800323930527,0.00903382201545491,0.00855584371119028,0.00265640230796951,0.00435619433992732,0.00308222524276,0.00381418342818877,0.00767319553186491,0.00387748993014914,0.00434834179264891,0.00552385028639531,0.00277901688888598,0.0065424404062391
0.00290133264954766,0.000875406809775374,0.0056987085867488,0.00715882887343924,0.00697349888724841,0.00170359617069494,0.00307755678629869,0.00647526177896917,0.00902257258558502,0.00855542461451763,0.00265474782185933,0.00435533900868064,0.00308042239203939,0.00380968519510003,0.00766923868725968,0.00387433922121033,0.00433922575581024,0.00552421572633214,0.00277747629808218,0.00653514809582539
0.00290081714218091,0.000875454936691858,0.00569496073670401,0.00715650981208157,0.00697316263164133,0.0017030705749627,0.00307769039589246,0.00647123145521768,0.0090209373595303,0.00855008448724887,0.00265557107187658,0.004352293257657,0.00308170053698624,0.00381237818191816,0.00766651731722197,0.00387310646091115,0.00434487825901262,0.00552506225392238,0.00277773044162621,0.00653388476382006
0.00290160126910375,0.000875556019987885,0.00570081044584731,0.00715550502768648,0.00697373045549135,0.00171232723831197,0.00307677465265747,0.00647369289654156,0.00902343455116185,0.00855588595970007,0.00265458998121708,0.00435491875096867,0.00308032122116771,0.00381274347651763,0.00766904423017337,0.00387533685819133,0.00434055626846315,0.00552434968383953,0.00277725513830478,0.00653565182870939
0.00290250068775662,0.000875390599025201,0.00569820846850707,0.00715950660651856,0.00697557451178726,0.00170280494129748,0.00307580094699495,0.00647154946201246,0.00902589074133105,0.00855348618598398,0.00265258437807723,0.00435366910112726,0.00308239264903776,0.00381743693205068,0.00766567562691158,0.00387661342925918,0.00434032744914239,0.00552016857589291,0.00277856580490546,0.00653436439765808
0.00290358960891677,0.000875568041370679,0.00570583333288715,0.00716777671923659,0.00698495320183327,0.00170684125224136,0.00308306954852283,0.00648120751819222,0.00904267825222182,0.00856403853975837,0.00265855611765033,0.00436323021748472,0.00308564683312598,0.00381581096797958,0.00767510299378477,0.00388307907884903,0.00434564790434128,0.00553149023441675,0.0027813286240586,0.00654181633470393
0.00290573495596942,0.00087540694065699,0.00570297970934607,0.00716196336405344,0.00697147634782921,0.00170290249269328,0.00307671328431159,0.00648086570258546,0.00904014484983987,0.00857499824767406,0.00265430100756695,0.00435593446812575,0.00308481673703776,0.00381415720450739,0.00767153066683889,0.00387567119783956,0.00434350992079581,0.00551870684220892,0.0027829099614204,0.00653907499646687
0.00290355141112052,0.000876393095713716,0.00570596349858948,0.00716250492770646,0.0069811965060984,0.00170567332643764,0.00308039326034617,0.00647857781007008,0.00903261609140255,0.00856061079666192,0.00265901195278906,0.00436001314137323,0.00308525717922715,0.00381781989524725,0.00767354621589823,0.00388132448485064,0.00434520599297348,0.00552728295522918,0.00278228953420213,0.00654190218566929
0.00290511176493107,0.000875885595767268,0.00570454281347479,0.00716556585746226,0.00698085352849312,0.00170393209483228,0.00309111013488317,0.00647806348436796,0.00904079457814585,0.00857361980707137,0.00265618586355876,0.0043634748798187,0.00308364962883629,0.00381601985592043,0.00767387998477977,0.00388047887244834,0.00434264704669257,0.00552247608077271,0.00278027578584089,0.00654355915102851
0.00290049624062648,0.000875277138022853,0.00569953349526944,0.00715784595001204,0.00697186450944522,0.00170258782692785,0.00307477312820623,0.00646964699455238,0.00901961323106756,0.00855075263792177,0.00265323916662796,0.00435487932629918,0.00308075744084082,0.00381301740681359,0.0076656079070489,0.00387518387790765,0.00434065395352628,0.00551125043798622,0.00277841710478951,0.00653557693225362
0.00290077649769683,0.000874905730923457,0.00570106169533341,0.00715393823806994,0.00697271441644144,0.00170304654946555,0.00307843465255273,0.00647446216895786,0.00902236935884432,0.00855378990797093,0.00265389612313942,0.00435195422493017,0.00308032008633497,0.00381190868803657,0.0076662576932424,0.00387340894681984,0.00434152809446774,0.00551893614719277,0.00277796534838232,0.00653433023893559
0.00290751773824051,0.000875940120046952,0.00570388703963705,0.00716430720682272,0.00697834493717823,0.00170412328979058,0.00308078960215638,0.0064803798726965,0.00902863563179751,0.00856117816958567,0.00265427157587758,0.00435717117837306,0.00308293200329015,0.00381786159089294,0.00767244697196464,0.00388191200213316,0.00434405702387506,0.00552537646887998,0.00278242811702557,0.00654802197274538
0.00290373804751609,0.000876083152688946,0.00570478655857439,0.00716034004259033,0.00697552272639969,0.0017051046885968,0.00308113699390497,0.00647763853964579,0.00903325871196504,0.00856251678170063,0.00265608147835394,0.00435763284482087,0.00308367174025066,0.00381487683898418,0.00767609218425054,0.00387778678066062,0.0043449882884893,0.00552582341350619,0.00278345856040536,0.00654348449147944
0.00290305894034442,0.000876584416573095,0.00570778278959287,0.00716618860316993,0.00698293643304993,0.00170607037598673,0.00308106271581284,0.00648040610865666,0.00903608479485267,0.00856407559505362,0.00265818499882855,0.00435851110084851,0.00308623243340897,0.00381637778111348,0.00767715055690597,0.00388088235732057,0.00434805052121871,0.00553027441002041,0.00278165221621108,0.00654367385575103
0.0029047858659613,0.000875923409191832,0.00570661755365617,0.00716813247360022,0.00698315649371116,0.00170485687470693,0.00308103513679879,0.00647736008302232,0.00903363951216558,0.00856524221035245,0.00265749689905738,0.00436074002951167,0.00308481328134768,0.0038153516026191,0.00767742985235817,0.00388027650695963,0.004347766218404,0.00553062667876245,0.00278154538558982,0.00654293873244151
0.00290109561092703,0.000875571065887762,0.00570339120753093,0.00715866426515906,0.00697206201140644,0.00170266097621831,0.00307532925933766,0.00647424204177662,0.00902152678886986,0.00855744548064958,0.00265275899581287,0.00435676204026082,0.00308147671307247,0.00381430164361173,0.00766705773669876,0.00387572995481222,0.00434318039669515,0.00551731972436869,0.00277867505273282,0.00653875115151415
0.00290296112853841,0.000876087846704365,0.00570313520939228,0.0071655387161098,0.00697722438938186,0.00170441770196564,0.0030764153265845,0.00647823088787069,0.00902846315654543,0.00856001195159874,0.00265525489852464,0.00435573103296855,0.00308256167590833,0.00381704070680239,0.0076741969025615,0.00387936042134289,0.00434394373256127,0.00551806154377801,0.0027808077549362,0.0065392504091465
0.00290158697606746,0.000875703579000536,0.00570159387824123,0.0071624492047711,0.00697582483230013,0.00170352100462448,0.00307639557974645,0.00647421861653853,0.00902826466359172,0.0085595459286623,0.00265377721594931,0.00435873372677671,0.00308266311287733,0.00381712761637494,0.00767338028931987,0.00387792795991818,0.00434349350327785,0.00551661605053319,0.0027786703389292,0.00653962730805646
0.00290811632823479,0.000876106570003643,0.00570157226095354,0.007161143228785,0.00697627062969517,0.00170437101620164,0.00307784389062533,0.00647602643692409,0.00902594595655663,0.00856385029417701,0.00265454390713487,0.00435796913007171,0.00308445012574785,0.00381727017059993,0.00766856743076174,0.00387903822361327,0.00434597839150642,0.00553159219602029,0.00277881954553258,0.00654091175376361
0.00290780236832525,0.000877851005768932,0.00570820497260503,0.0071690954195745,0.00698562017628379,0.00170789789250956,0.00308086723608693,0.00648169484941341,0.00903875435030826,0.00857950245929683,0.00265818319487785,0.00436516439803954,0.00309138376684717,0.00382209959716445,0.00768436589454894,0.00388162764319361,0.00434899930903427,0.0055324815986883,0.00278327307288994,0.00654745288297914
0.00290447991971505,0.000876229164396608,0.00570374219767232,0.0071666715474816,0.0069821459459901,0.00170603463314247,0.0030822904590358,0.0064787539068474,0.00903352870624243,0.00856381732387811,0.00265853181517671,0.00435782986510106,0.00308555549862295,0.00381669234525531,0.00767987160514494,0.00387922761706833,0.00434611276167648,0.00553136469594709,0.00278122204169579,0.00654082229516179
0.00290302224864826,0.000876238187369718,0.00570474458911882,0.0071664313337209,0.0069767466630618,0.00170665317656629,0.00307993590949897,0.00647437021887076,0.00903188558811458,0.00856204798825993,0.00265581278399509,0.00435849403377214,0.00308283802297076,0.0038157232159116,0.00767609122306427,0.00387721929199541,0.00434553574921001,0.00552897054335949,0.00278031877404106,0.00654184264247927
0.00290161068097661,0.000875897748897234,0.00570196420479923,0.00716202191011781,0.00697584929617006,0.00170400853323508,0.00307669898934117,0.00647470843887857,0.00902690868827728,0.00855876255052719,0.00265378162254587,0.00435539967550067,0.00308339818255431,0.00381446998869104,0.00766975988532285,0.00387734977049498,0.00434376225255173,0.00551865727734388,0.00277874407753544,0.00654175861446868
0.00290685453641209,0.000876269856326696,0.00570679478004022,0.00716575989595631,0.00698235854073032,0.00170513858234725,0.00308105008926127,0.0064847819984886,0.00903464996323841,0.00856551037049626,0.00265641966308896,0.00436346142321931,0.00308481762327151,0.00381816575733895,0.00767738919878435,0.00387916044707559,0.00435252866646852,0.00552319078921461,0.00278120444451328,0.00655018736704254
0.00290833845313005,0.000876514472622671,0.00570406418349964,0.00716480948218658,0.00698008334210768,0.00170931835339408,0.00307819713644583,0.00648041094921643,0.00902922302457228,0.00856470850781236,0.0026552145165404,0.00436059385694169,0.00308565876282078,0.00381818931557053,0.00767877577565333,0.00387925270290866,0.00435195095036779,0.00552029517089604,0.00278198824030053,0.00654370577552454
0.0029037247578723,0.000876317553002714,0.005704601118458,0.00716343903445993,0.00697839898337568,0.00170546806756783,0.00307905101785233,0.00647846614042465,0.00903683225041405,0.00856050814387638,0.00265726284275398,0.00435787988040994,0.00308344175723033,0.00381554726668164,0.00767700776271179,0.00387789276775065,0.00434444565791639,0.00552859316392366,0.00278118841769962,0.00654177376918277
0.00290373405607189,0.00087604608225823,0.00570263448316288,0.00716168439125128,0.00697814753790123,0.00170515856168234,0.00307489467481306,0.00647464607105183,0.00902904830790649,0.0085553019851744,0.00265345210617723,0.0043551636015087,0.00308173548143689,0.00381418091307971,0.00767306005835237,0.00388131273108031,0.00434437772803529,0.00552395810074441,0.0027800217323429,0.00654168936363667
0.00290472152140343,0.000875079024715333,0.0056962189007118,0.00715417768471984,0.00696975597446076,0.00170227807266747,0.00307539583917251,0.00646915951860564,0.00903089238328727,0.00856318522538627,0.00265062365978722,0.00435794682338326,0.00308138008299191,0.00381132362454587,0.00766528943640104,0.00387623653444695,0.00434165139563041,0.00551287347994084,0.00277699906398937,0.0065341014182539
0.0029077363025296,0.000876159000271002,0.00570417696574266,0.00716646809073626,0.00698055933837491,0.00170437525719188,0.0030783194677451,0.00647887392975016,0.00903309571977104,0.00856146851365474,0.00265624595310837,0.00436167778099172,0.00308623642851068,0.00381563923924876,0.00767622057695634,0.00387807661467972,0.00434639566683649,0.00552517560482914,0.00278272848347228,0.00654256000079599
0.00290586050883414,0.000875860490554108,0.00570357062454718,0.0071685632589001,0.00697847431506974,0.00170401756292049,0.0030765349524962,0.00648767519450176,0.00904501689882014,0.00856627696271094,0.00265859752484566,0.00435630546720663,0.00308405875770694,0.00382095664268454,0.00767705039986684,0.0038836995818367,0.00435275823567257,0.00552350375583031,0.00277921150673849,0.00654078530804525
0.0029048877504697,0.000876537738861999,0.00570279060209235,0.00716217335427444,0.00698243311574714,0.00170587688127752,0.00308117305994077,0.00648303832039224,0.00903272188029556,0.008564247692024,0.00265740803919391,0.00435738383272791,0.00308610481165617,0.00381660383908133,0.00767816863775215,0.00387988888004125,0.00434886582513903,0.00552999543206772,0.00278084964133125,0.00654263339663502
0.00290176970521053,0.000875654640237109,0.00570007686029528,0.00715917171967932,0.00697529098025058,0.00170363703435845,0.00307858354096062,0.00647614876657338,0.00902505762139407,0.00855853915082406,0.00265519139121435,0.00435679267946156,0.00308267105744535,0.00381436708237226,0.00766955472627922,0.00387735465905349,0.00434687752081056,0.00552410968780967,0.00277938788937096,0.00653698469543337
0.00290576929927658,0.000876551937811836,0.00570487762895862,0.00716219042148585,0.00698195509080644,0.0017080281750795,0.00308075791707852,0.00648063587217035,0.00903464741391904,0.00856295684665057,0.00265823050496452,0.0043594023912865,0.00308458160520227,0.00381677099360333,0.00767601193519882,0.00388028111768714,0.00434638125252921,0.0055291213270715,0.00278070981966083,0.00654513803142756
0.00290293499538379,0.000876493723299203,0.00570253868144327,0.00716342781293014,0.0069777961853249,0.00170513209097007,0.00308091135483956,0.00648044995354202,0.00903251458547986,0.00856042591324941,0.00265781996342972,0.00435744560590807,0.00308268106130753,0.00381606031686203,0.00767595098758293,0.00387919215665554,0.00434813679141672,0.0055279871867757,0.00277976715450205,0.0065415139669903
0.00290475473403112,0.000874909238172757,0.00569799205221954,0.00715801066938249,0.00697100468067426,0.00170263089895025,0.00307558280780252,0.00646930767116769,0.00901913308675278,0.00855602947132543,0.00265269988156369,0.00435894760867547,0.00308013344391156,0.00381343941921413,0.00766925806012703,0.00387734672213317,0.00434127701065655,0.00552366844288623,0.00278060217932437,0.00653249252981837
0.00290140354827064,0.000875305147582571,0.00569876092605222,0.00715716501422093,0.00697201373597434,0.0017025568018067,0.00307648329182667,0.00646943109445939,0.00902675848620426,0.00855193503293484,0.00265134763097378,0.00436419330037996,0.00308740146527329,0.00381256579796726,0.0076672378488295,0.00387504052795842,0.00434158506790729,0.00551452367553181,0.00277715001642418,0.00653467532889793
0.00290587386495932,0.000876257679936955,0.00570636490707892,0.00716543258124626,0.00698294040748247,0.00170528536480741,0.00308260123104934,0.00648000560734844,0.00903439462400862,0.00856478463734133,0.00265889508464764,0.00436186233824522,0.00308530857723433,0.00381733033534597,0.00767899811742705,0.00388085224471958,0.00434601458393708,0.0055264990405138,0.00278412130364307,0.006543230749379
0.00290652701740198,0.000876313702477733,0.00570651706750733,0.00716238253578732,0.00698034086774189,0.0017045400990907,0.00307636990486232,0.00648337930706567,0.00903411559315589,0.00856981666852902,0.00265518973656058,0.00436151043733153,0.00308580914129327,0.00381586276435629,0.00767519449362832,0.00388007097747767,0.00434690076448199,0.00552716823674541,0.00278112925813057,0.00654340637409707
0.0029025723705716,0.000876041886098921,0.00570292655262552,0.0071644850422351,0.00697848946394134,0.00170399251644081,0.00308084419749666,0.00647710234158846,0.00902815443014684,0.00855837020091615,0.00265839218054034,0.00435608259911254,0.00308409129543978,0.00381363518838713,0.00766898627342989,0.00387888041850173,0.00434197923319273,0.00552716972361897,0.00277867147889536,0.00653778860805546
0.00290145848857677,0.00087492312782071,0.00570027093606808,0.0071569367440877,0.00697053552786141,0.00170295024926199,0.00307463034265435,0.00647689310637454,0.00902485658251298,0.00855454358996838,0.0026531975915659,0.00435170752502055,0.00308276900634785,0.00381229664937123,0.00766940678090602,0.00387341914518637,0.00434218126244523,0.00551517963586712,0.00277675872925306,0.00653467727429065
0.00290256974039066,0.000875778999209515,0.00570021610467817,0.00716338230851998,0.00697740483420769,0.00170348584703356,0.00307611087720871,0.0064749449892258,0.00902497001688024,0.00855851651719335,0.00265421703246825,0.00435701006723819,0.00308330231484548,0.00381498651854374,0.00767255730778346,0.00387782105941277,0.00434193324087254,0.0055181962234485,0.00278000737540773,0.00653941078702533
0.00290650673248307,0.00087670346944094,0.00570639232742222,0.00716573593970084,0.00698045369759807,0.00170447202263478,0.00308283081602218,0.00648680928013734,0.00903002221723236,0.00856484774947803,0.00265502118031061,0.00435876571033478,0.0030894350716416,0.00382478289373967,0.0076794558460093,0.00388089809405701,0.00434628485465059,0.00552305707174593,0.00278180334739397,0.0065455071455566
0.00290441482288722,0.000875328482624479,0.00570191711430171,0.00716007209763647,0.00697909940964995,0.00170504846305557,0.00307951330771885,0.00647256129258324,0.00902117758103337,0.00857244157797749,0.00265721165405716,0.0043536959740765,0.00308581726518582,0.00381581441819969,0.00767364221298288,0.00387848654622637,0.00434058408164223,0.00551726234758861,0.00277966392154882,0.00653730964013648
0.00290280962199997,0.000874819973305892,0.00569479592294825,0.00715519265349222,0.00697006743019487,0.00170468620355838,0.00307351162909599,0.00646819416390318,0.00901788841278228,0.00855569125698896,0.00265204845505081,0.00435140389294273,0.0030799596691718,0.00381093000163948,0.00767495022594734,0.00387289771702206,0.00434274979934138,0.00551868908071175,0.00277582048980592,0.00653498460630338
0.0029003871521609,0.000875433919735203,0.00570006179931308,0.00716118377014715,0.00698041446200052,0.00170347489681543,0.00307611842712997,0.00647273304560985,0.00902459778086595,0.00855901451600312,0.00265357807245575,0.00435566460448236,0.00308201037699598,0.00381250441017967,0.00766702573315399,0.00387576006777501,0.004342101565998,0.00551883661809883,0.00277810941615415,0.00653818492004518
0.00290617088230301,0.000875515258941416,0.00570299047460014,0.00716485377306794,0.0069805531184767,0.0017034124717556,0.00307751520898285,0.00647865145169633,0.00903413852886022,0.00856600009541839,0.00265414089922463,0.00435843504080241,0.00308203217217074,0.00381997661093943,0.00767638070079071,0.00387773465005416,0.00434503120216955,0.00551758188025277,0.00278225776532071,0.00653812983553023
0.00290238034604958,0.000876146780128537,0.00570033674218469,0.00716260580168124,0.00697641562023487,0.00170364030128445,0.00307718493729525,0.00647398542893154,0.00903384735665523,0.00855684737855688,0.00265496441893099,0.00435755642213028,0.00308253794660464,0.00381635975575147,0.00767234413538943,0.00387896765755652,0.00434430794761044,0.00552154836347965,0.00277971915386988,0.00654098461165054
0.00290597386908945,0.000876095988253422,0.00570415666695371,0.00716659755349531,0.00698240244665443,0.0017049933348421,0.00307894445054255,0.00647706115508182,0.0090345944097486,0.00856187524726723,0.00265634953318436,0.00435842683816997,0.00308437398131975,0.00381615054646365,0.00767565925459999,0.0038791618478739,0.00434634849691805,0.00552453203546747,0.00278331065709515,0.00654894251152979
0.00290744925628943,0.00087623569642084,0.00570408276180587,0.00716441979004968,0.00698108761388837,0.00170547250503393,0.00308070763928702,0.00648530685341843,0.00902862512893172,0.00855665735579615,0.00265495314001131,0.00436374152815804,0.00308200087582819,0.00381656105581799,0.00767875265450251,0.00387954977321781,0.00434479116930583,0.00551857810340452,0.00278329722538022,0.0065430655879544
0.00290712223220537,0.000876627372291169,0.00570492643282321,0.00716582128690047,0.0069849107041814,0.00170447761612858,0.00307912495373371,0.00648218772300872,0.00903202263180999,0.00856292470311232,0.00265670386571981,0.00436700906308947,0.00308419901135375,0.00381767487317767,0.00767959726801071,0.00387971553648414,0.00434731811908713,0.00552844458179154,0.00278183395498387,0.00655269505967458
0.00290444549045084,0.000876587402307993,0.00570595713278297,0.00716376816556106,0.00698306967279592,0.00170600810797583,0.00308242469402888,0.00648043765185921,0.00903590682117202,0.00856366269215396,0.0026590588188043,0.00436004158601156,0.00308408913840989,0.00381736059047385,0.00767910784005318,0.00388045004727493,0.00434511366608418,0.00552994833733083,0.00278102011273507,0.00654240093503961
0.00290130994906877,0.000874983131814551,0.00569876593370436,0.00716038553179508,0.00697322767746771,0.00170423580125216,0.00307730823133464,0.00647239423536425,0.0090239860983903,0.00855309471006409,0.00265526259816884,0.00435511327693884,0.0030809047631809,0.00381262770925933,0.00766688972789055,0.00387569453861957,0.00434155701690077,0.00552280964839074,0.00277836515190624,0.006534458734284
0.00290570241094118,0.000875740934580775,0.00570254268486841,0.00716204780263217,0.00697879121701694,0.00170387240548567,0.00307860886403114,0.00647633773477951,0.00903688422685614,0.00856035902882004,0.00265644706974997,0.00435513001093834,0.00308492184303579,0.00381796817381466,0.00767280659753699,0.00388093398401627,0.00434656375582162,0.00551937199580874,0.00279582922067232,0.00653915867943863
0.00290520081488235,0.000875331491993761,0.00570212259634036,0.00716287277459492,0.00697569181670539,0.00170579934930506,0.0030817479173639,0.00648192820722086,0.00902726039231275,0.00856990612639903,0.00265808314863566,0.00436080288007368,0.00308739338638012,0.00381700549316648,0.00767564262081568,0.0038794980296998,0.0043448849960709,0.00552467323265169,0.00278311775545885,0.00654633275431103
0.0029009731173293,0.000875305529456898,0.00570365029478541,0.00715974063231773,0.00697599558872296,0.00170415004444323,0.00307662191078891,0.00647266470553211,0.00903000826010705,0.00855661788196581,0.00265414795012928,0.00435678944989456,0.00308151034681453,0.00381316104246407,0.00767258345458371,0.00387855760953154,0.00434315785262105,0.0055160200858971,0.00278188007074153,0.00653848101899327
0.002906665268684,0.000876295413065815,0.00570714566482127,0.00716788222909368,0.00698446510803589,0.00170625621210808,0.00307874210348487,0.00648845595383995,0.00904136040114666,0.00857234051745266,0.00265597229371237,0.00436016155405742,0.00308478057470145,0.00381846536369584,0.00767879644948306,0.00388033945646231,0.00434597325125567,0.00552220676206663,0.00278066525289487,0.0065421360215865
0.00290021805169007,0.000875372604018671,0.0056985807222346,0.00715385738455177,0.00697354452022243,0.00170201671000826,0.0030742759772921,0.00647172237911632,0.00902221836886893,0.00856477216283361,0.00265191951882171,0.00435480064702674,0.00308086107895356,0.00381045716575167,0.00766465060747621,0.00387194850355984,0.00434378942439653,0.00552148217239318,0.00277690821976848,0.00653335668347543
0.00290094946080029,0.000875492371145484,0.00569979703852991,0.00716137127832981,0.00697327606095564,0.0017041401723866,0.00307850410268621,0.00647334682398784,0.00902421348905907,0.00856388170633914,0.00265695998053827,0.00436003450034558,0.00308138179911375,0.00381176923852204,0.00766627922415477,0.00387636673557968,0.0043425452589984,0.00552995094403091,0.00277875118092233,0.00653777568490997
0.00290380655056998,0.000876075968017117,0.00570565144464258,0.00716607411302308,0.00697733341246779,0.00170569922250746,0.00308154943029666,0.00648349430417286,0.00903610305362975,0.00856749923447204,0.0026558860693203,0.00436160571974714,0.00308955983161396,0.00381545393008318,0.00767683645689322,0.00387998763676456,0.00435153199936223,0.00552240258161748,0.00278070282679463,0.00654609164656741
0.00290495255941212,0.000876098493849205,0.0057069819999311,0.00716188182785888,0.00697948967443626,0.00170385689142658,0.00307811579366844,0.00647665802891082,0.0090424353657766,0.00855937678857405,0.00265617302102564,0.00435914440350593,0.00308488098951372,0.00381761355780459,0.00767313896731687,0.00388127138377452,0.00434600172830433,0.00551919423411055,0.00278011777507777,0.00653798838230923
0.00290759091104365,0.000877015622943737,0.00570704796362888,0.00716972503454842,0.00698461198999961,0.00170603400574504,0.0030807131793693,0.00647923798435359,0.00903691074750202,0.00857084893229857,0.00266006178613879,0.00436539988504051,0.00308526488187054,0.00381801258441152,0.00768172627294997,0.00388255135164354,0.00434928517314502,0.0055297135746766,0.0027830440072,0.00654419649211021
0.00290593160424037,0.000876115663721016,0.00570730791426962,0.00716170624949786,0.00697616631858983,0.00170376283430739,0.00307845806176195,0.00647393617697665,0.0090339171513989,0.00856324708624214,0.00265377707866404,0.00435506065060911,0.00308344879938549,0.00381621963813138,0.00768117192811151,0.00387939358342774,0.00435081006298783,0.00551789559218388,0.00278068580801075,0.0065447816591604
0.00290469794218858,0.000875773486843194,0.00570057159610232,0.0071670439918879,0.00697823575962739,0.00170634969943893,0.00308063121823663,0.00648020050298018,0.00903610770967062,0.00856348478446052,0.00265805754217017,0.00436242821097693,0.00308445753304895,0.0038166084337031,0.0076771630343735,0.00388194703845156,0.0043449584673313,0.00553026041283201,0.00278248429050203,0.00654274745097102
0.00290464956898633,0.000875667675417126,0.00570035810495796,0.00715998928168121,0.00697717762204794,0.00170353664032596,0.00307864278123528,0.00647383795348296,0.00903771019648677,0.00855618845545108,0.00265437473808282,0.00435622945202724,0.00308191646928516,0.00381679982988608,0.00766985151132513,0.0038759568697302,0.00434562503564968,0.00551775462556899,0.00278059132030637,0.00653773369216973
0.00290002454729006,0.00087485326791859,0.00569891843224732,0.00716102586748379,0.00697238559635695,0.00170336573258357,0.00307608715209979,0.00647066047386674,0.00902487264453549,0.00855943388429419,0.00265585685828616,0.00435572524031774,0.00308156285276617,0.00381392600382797,0.00766969952179881,0.00387561433168887,0.00434185089205642,0.0055229573190917,0.00277782909050266,0.00653494626805775
0.00290255868910702,0.000875119803774137,0.00569842660456076,0.00716491447802386,0.00697702833389228,0.0017046434379925,0.00307916400335387,0.00647164866068069,0.00902786530487537,0.0085581302641528,0.00265619081312876,0.00435668174551108,0.0030821728122194,0.00381395441081277,0.00767166761920879,0.00388070613644924,0.0043430853819242,0.00552267310497082,0.00278085477875847,0.00653952865327576
0.00290135257104274,0.000875720134148007,0.00570086361584152,0.00716028536346978,0.00697688309535821,0.00170391730362972,0.00307622017317942,0.00647665919040078,0.00902553511278975,0.00855838278293714,0.0026523959238211,0.00435456257863063,0.00308236702015925,0.00381340273376763,0.00766937831883328,0.00387658232872658,0.00434063721325573,0.00552025955399504,0.00277915673894568,0.0065370761227698
0.00290204617868791,0.000875727771830809,0.00570143612091686,0.00715937315832754,0.00697540279816255,0.00170413315667536,0.00307800957304195,0.00647647721213746,0.00902985891585773,0.00855768811343134,0.00265516067562759,0.00435607442000332,0.00308211681238029,0.00381635553705881,0.0076738598123569,0.00387649545579699,0.00434561441415213,0.0055231503555457,0.00277827850623685,0.00653513866326321
0.00290427677559175,0.000876372880665742,0.0057067332441261,0.00716588890071321,0.00698005974755501,0.00170630856862772,0.00308185376379714,0.00647934625462143,0.00903347165276149,0.00856280407614959,0.00265781724079555,0.00435857807806594,0.00308660105634734,0.00381607635403937,0.00767557159276802,0.0038818441898889,0.00434865618174551,0.00552948100962618,0.00278159971986449,0.00654323820266553
0.00290697356473624,0.000876559375093797,0.00570886907816368,0.00716990096230992,0.00698155502810114,0.00170609090726093,0.00308204378864755,0.00648450612974962,0.00903888325737826,0.00856722319714548,0.00265809103951552,0.00435831447217564,0.00308718491883374,0.00381820353686717,0.00768126086727901,0.00387891153364828,0.00434914835979114,0.00553167471166024,0.00278125983594508,0.00654186986388684
0.00290529649102716,0.000876165050033007,0.00570703447368968,0.00716406631430277,0.00697795781148595,0.00170408047336033,0.00308070983437859,0.00647641304970074,0.00903117244520667,0.00856294983730679,0.00265795601177905,0.0043576036776418,0.00308310102646247,0.00381501071010471,0.00767562042818181,0.00387834628131684,0.00434712426431946,0.00552423831640595,0.00278367225619085,0.00654242920178511
0.00290360499302782,0.000876568595651361,0.00570409910564318,0.00716721233155312,0.00698140008036058,0.00170551232629798,0.00308003914251879,0.00647982958216976,0.00903438932360501,0.00856241780496488,0.002657921567757,0.00435998697607238,0.00308376759531452,0.00381562228678562,0.00767640753431,0.00387963184977737,0.00434611544065985,0.00552808539345187,0.00278134284532498,0.00654229567071563
0.00290454438730748,0.000876619005112107,0.00570156780427937,0.0071625171131768,0.00698310818452664,0.00170506647511263,0.00308142890270946,0.00648050945905722,0.00902843460212222,0.00856458730877946,0.00265832114484957,0.00436003555178634,0.00308467281731518,0.00381409606381048,0.00767583538835585,0.00387895707005838,0.00434755514334234,0.00552831288820359,0.00278170021234539,0.00654468916263893
0.00290301798400209,0.000875659472076036,0.0057012933255966,0.0071652714462509,0.0069790340186532,0.00170584865885999,0.00307818835998286,0.00647662608183323,0.0090295667223808,0.00856163603445104,0.00265682782658854,0.00435715824944802,0.00308270439595361,0.00381886020118945,0.00767454265128698,0.0038790031366243,0.00434816304194872,0.00552061723323732,0.00277938066121461,0.00654269209076869
0.0029011701996943,0.000875211886819629,0.00569780881510276,0.0071599571982847,0.00697175085692811,0.00170386157569636,0.00307890797770391,0.00647589771523445,0.00902832188617364,0.00855872658191371,0.00265665201818411,0.00435599927207316,0.00308219614365476,0.00381291154627248,0.00767254846155469,0.0038764310937779,0.00434083201560312,0.00552174164061175,0.0027792184931913,0.00653843537527582
0.00290683909137045,0.000875627334617909,0.00570389000719095,0.00715940382821226,0.00697710722171293,0.00170536597651568,0.00307596062601179,0.00648215863225579,0.00902416221665593,0.00856831391213757,0.00265424531102409,0.00435736502321895,0.00308333311765604,0.00381498127331079,0.0076734449389977,0.00387835455192939,0.00434772116991208,0.0055189145368218,0.00277998922946968,0.00654023271447467
0.00290323227627345,0.000875689520075656,0.00569803446204733,0.00715787618777213,0.00697727326302631,0.00170416980063894,0.00308730813166898,0.00647928894054144,0.0090256354413396,0.0085554155853664,0.00266425076249243,0.00435641250597574,0.00309335982243627,0.00381325529108321,0.00767534532802663,0.0038770727465224,0.00434153144173716,0.00551691929926009,0.00278063887564165,0.0065360356484885
0.00290437988021247,0.000876332120963317,0.00570254759547545,0.00716761692499226,0.00697826640540404,0.00170545759672969,0.00308264211904385,0.0064821032972555,0.00903356271021425,0.00856117094698461,0.00266088449163476,0.00435854970314506,0.00308417590465247,0.00381627595957131,0.00768094390243434,0.0038791415928809,0.0043440633251574,0.00552080711804242,0.002780766012016,0.00654369120508411
0.00290653688856088,0.000876040466984782,0.00570550950853124,0.00716732239162139,0.0069798195565935,0.0017074871122601,0.00308015472020919,0.00647966905122203,0.00902722671885191,0.008568458019921,0.00265643654750232,0.00435933288720394,0.00308578578069342,0.00381925348558689,0.00767710370323547,0.00388065872686006,0.00434497615440445,0.00552213502241032,0.00278207681795553,0.00655006798301505
0.00290721811601682,0.000876533568603542,0.00570502808876287,0.00716661724979867,0.00698297476892774,0.00170510394867524,0.00308027251895358,0.00648165184024316,0.00903090872114625,0.0085625930935376,0.00265765465483611,0.0043582980831564,0.00308353775094319,0.00381613107803291,0.00767600173901459,0.00387950664948867,0.00434535767607142,0.0055285492551385,0.00278096661854858,0.00654086224781172
0.00290669665223379,0.000876924516449825,0.00570170964254801,0.00716627460569135,0.00697888528513449,0.00170684497431237,0.00307904889607592,0.00647629065841077,0.00904812635515813,0.00857538758131496,0.002665904713541,0.00436052613252746,0.00309735030945644,0.00381733743827843,0.00767808739675687,0.00388370830042109,0.00434671073268047,0.00552990511355267,0.00278140154319166,0.00654207143751382
0.00290593713449157,0.00087661874972851,0.00570391528278091,0.007168331857739,0.00698301348192757,0.00170505763748806,0.00308154403860551,0.00648027947340205,0.00903623557010645,0.00856679252053204,0.00265723891317153,0.00436326984581612,0.00308711437965867,0.00382143865639879,0.00767940754350867,0.00388094575715729,0.00435060303924241,0.00552730818705383,0.00279286598369885,0.00654341821236352
0.00290644270015291,0.000876559303415657,0.00570767513185644,0.00716335434740609,0.00698371532110584,0.00170818401943957,0.00308108727859473,0.00648053610228057,0.00903073336414249,0.00856569696131132,0.00265756190195322,0.00435983836120558,0.00308466198260718,0.00381516077975785,0.00767758722892044,0.00387867300231116,0.0043465530517227,0.00553047214623214,0.00278148038785996,0.00654328090769288
0.00290474263594315,0.000876566811980428,0.00570894123544852,0.00716322268876326,0.00698282333615319,0.00170529539647771,0.00308118404242051,0.00648187965157116,0.00903645307576743,0.00856791266847403,0.00265765617389734,0.00435834275987065,0.0030832764990411,0.0038163396502732,0.00768002178328355,0.00388106661195461,0.0043468858335059,0.00553150139443905,0.00278127271246584,0.00654456682479617
0.00290896126119639,0.000875610519554812,0.00570117887271934,0.00716136649736403,0.00697582919341756,0.00170280311940055,0.00307580357201613,0.00647398054454156,0.00903223237467147,0.00855557928103214,0.00265492830415926,0.00435543887057429,0.00308218430436279,0.00381468355847734,0.0076687402230428,0.00387667419394535,0.00434227520186619,0.00551574777214946,0.00277967889780086,0.00653693846405334
0.00290108044650138,0.000875940941576786,0.00570155226942979,0.00716397694641284,0.00697492119244775,0.00170385131000027,0.00307609862406075,0.0064751580387738,0.0090267697255643,0.00856056999387967,0.002654872628819,0.00435485795727942,0.0030829694022246,0.00381360469540344,0.00767300364226016,0.00387733565957813,0.00434237299436566,0.0055169160706596,0.00278104150150464,0.00654164238557953
0.00289962314876826,0.000875385880965995,0.0057003060840655,0.00716012914066455,0.0069737988161253,0.00170383776984363,0.00307832396083339,0.00647577067923562,0.00902261158239685,0.00855534108770926,0.0026553336407824,0.00435222253173799,0.00308165290803649,0.00381044468736294,0.00766284709626658,0.00387535204180572,0.00434324719836301,0.00552580515046077,0.00277739921358681,0.00653496514272714
0.00290294837085649,0.000876155036177098,0.00570605782388682,0.00716483317134753,0.00698145544474447,0.00170358702815186,0.00307841942737548,0.00647835583659101,0.00902953274983031,0.00856274481197377,0.00265389361850002,0.00435829873288364,0.00308625248149509,0.0038157203588032,0.0076746261760959,0.00387796342089815,0.00434315701204484,0.0055181405376893,0.00277941851872267,0.00654150752942637
0.00290563846868108,0.000876456909028324,0.00570553218229718,0.00716816302357304,0.00698354624450742,0.00170677612593752,0.00308397122060993,0.00648123368086262,0.00903605332587185,0.00856835162529504,0.00265939444168619,0.0043621256379921,0.00308594411501527,0.00381583138417415,0.0076756682503573,0.003880247768375,0.00434829173442648,0.00552487145726396,0.00278526943629127,0.00654262647581784
0.00290327661322004,0.000876543003492858,0.00570138344495962,0.00716279047501791,0.00698295194854011,0.00170774577624731,0.00308142514897497,0.006479793942888,0.00903861124095653,0.00856718349380674,0.00265803230990395,0.0043594823666701,0.00308460077411422,0.00381418088652794,0.00767219321063528,0.00387998243032671,0.00434340910119457,0.00552316390612614,0.00278106654396364,0.00654546967361117
0.00290385175360389,0.0008763319751548,0.00570141825006986,0.00716676858858264,0.00698170770393004,0.00170560892535942,0.00308184022403354,0.00648107220121836,0.00903443731551509,0.00856251379713172,0.00265928551285592,0.00436067388928983,0.00308560399284548,0.00381680737904842,0.00767582080970792,0.00387983674025537,0.00434810532290493,0.00553289000563073,0.00278183336014223,0.00654192949415102
0.0029043764218975,0.000876311409347786,0.00570350607176045,0.00716367059351533,0.00698195727318964,0.00170443230286661,0.00307834344816195,0.00648389617541935,0.00903304280797669,0.00856172083481554,0.00265585014192992,0.00436078808813315,0.00308343717583591,0.00381740158349138,0.00767436309611315,0.00387818173905702,0.00434458150510794,0.00552438575350044,0.00278014175516188,0.00654271636816865
0.00290775685846053,0.00087657460345939,0.00570489430727235,0.00716770003896718,0.00698140273636232,0.00170547757220952,0.00308058102270569,0.00648056291132958,0.00903488130354683,0.00855767886567261,0.00265879472274898,0.00435840591045693,0.00308482473928598,0.0038155017933972,0.00767766581381981,0.00388000231333358,0.00434564316238234,0.00552894138534453,0.00278026728278326,0.0065415752977692
0.0029069312003624,0.000876196478567194,0.00570378503025307,0.00715902321694273,0.00697652808049894,0.00170550530043132,0.00307750672754422,0.00647730166927394,0.00902550113184181,0.00855920246827063,0.00265374964452614,0.00435589618026515,0.00308713935107776,0.00381681216560465,0.00768309768080444,0.00388188269520764,0.00434775659262361,0.00551980228800544,0.00277972623910229,0.0065411801954204
0.002901091840702,0.000875466556222948,0.00570018129719779,0.0071622953016257,0.00697743703967313,0.00170428118516945,0.00307803009092195,0.00647379468007066,0.0090238307613441,0.008560167837285,0.00265505730296966,0.00435507182527259,0.00308262390989274,0.0038131304822853,0.00767040712857233,0.00387641121704887,0.00434317789975925,0.00552642641111494,0.00278013880019603,0.00653775593035811
0.00290759545243528,0.000876169586538017,0.00570469591737602,0.0071662746260812,0.00698248565890602,0.00170456058855499,0.00307694243957766,0.00647942668260118,0.00904561743274697,0.00856467441193209,0.00266682721046324,0.00435883117561655,0.00308499660625357,0.00381957169795502,0.00767725073625724,0.00387999141343531,0.00434633910640875,0.00552129861309239,0.00278306047216226,0.00654075886793619
0.00290542540783514,0.000876346367359419,0.00570527546361446,0.00716955844811904,0.00698441812284084,0.00170573924592688,0.0030821828382279,0.00648440617253271,0.00903620854147988,0.00857547611309764,0.00265962079706093,0.0043642254908462,0.00308623350873937,0.00381914724570288,0.00768375828413957,0.0038825786137919,0.00434605368714104,0.00553058488674265,0.00278285549711977,0.00654599020808438
0.00290816773138931,0.000876191557228476,0.00570402349008828,0.00716504668215637,0.00698016268872683,0.00170668548852542,0.00308368811503895,0.00647902456458889,0.00902626792175923,0.0085591875156966,0.00265547004934182,0.00435951444115882,0.0030841353508275,0.00382229172831774,0.00767441868764258,0.00388064220754966,0.00434648885475992,0.0055194730603974,0.00277988990035798,0.00655203362671478
0.00290527190731257,0.000876491933124016,0.00570298730529873,0.00716753093744165,0.00698071730669783,0.0017047292087317,0.00307861238623672,0.00647813548404456,0.00904056774996678,0.00857087810740766,0.00265578982495835,0.00435718041795133,0.00308431163286721,0.0038166716932542,0.00767635592740747,0.00387885504489335,0.00434855288660051,0.00552192742586782,0.00278069439130345,0.00654319305150053
0.00290657649368115,0.00087621402167709,0.00569974210513047,0.00716314717526163,0.00697851369918976,0.00170530727296643,0.00307999452149073,0.00648064085498498,0.00903466575605681,0.00856059115829671,0.00265304471793792,0.00435438405045719,0.00308358116346306,0.00381612601425756,0.00767412743464903,0.00387516872140258,0.00434973930009683,0.00551986945457979,0.00278021101392496,0.00654284139148824
0.00290251647904991,0.000876375542037507,0.00570774626767652,0.00716876073757239,0.00698296635813525,0.00170544531621068,0.00308095190235413,0.00647720663365368,0.00903534807630321,0.00856577661141707,0.00265710640351737,0.00435977747948279,0.00308593112362918,0.00381696971944803,0.0076774243245131,0.00387780507429038,0.00434596271971486,0.00552906319621857,0.00278343698471728,0.00654241576059545
0.00290667272297199,0.000875786064674941,0.00570118814652367,0.00716268313816839,0.0069760233727857,0.00170497434330419,0.00307840137746964,0.00647889980163758,0.00902757817595909,0.0085619994824521,0.00265516562730293,0.0043586232390502,0.00308508071783067,0.00381288019980077,0.0076728451644002,0.00387667232989603,0.00434354400168096,0.00552071634234998,0.00278017999774998,0.0065378302188401
0.00290425526300912,0.000875576960101792,0.00570380563380919,0.00716340246196783,0.00697967253291997,0.00170280271109167,0.00307630861847018,0.00647440666663096,0.00902919836518867,0.00855748393145832,0.00265657431294268,0.00435937969906812,0.00308139052437018,0.0038142283605939,0.00767909605988126,0.00388193616047125,0.00434181891736426,0.00551511121611713,0.0027799567479705,0.00653748924166853
0.00290113589087815,0.000875482330455188,0.00569964640855573,0.00715759774636341,0.00697357183763807,0.00170306771301905,0.00307890694442795,0.00647087244186248,0.00902523459553922,0.00855282789806482,0.0026551308405684,0.00435450533950554,0.00308045496429915,0.00381127365119391,0.00767270431517482,0.00387494007746532,0.00434133832493702,0.00552366403301608,0.00277743696946128,0.00653627255451121
0.00290286825478133,0.000875617094715649,0.00569998605749313,0.00715982209641101,0.00697347025206737,0.00170337089871487,0.00307815926424008,0.00647458421991544,0.00902409916851203,0.00856018741073804,0.00265483741330766,0.00435650975361974,0.00308053709319757,0.0038118548538509,0.00766728256185255,0.00387519740655538,0.00434010897841282,0.0055203233940105,0.00277773669577721,0.00653625886731676
0.0029037577703036,0.00087626692133699,0.00570449380766077,0.00716614213875303,0.00697970725444829,0.00170704564826764,0.00307835225502181,0.00647695896388555,0.00902796057300264,0.00856507761596372,0.00265601666613297,0.00435800648498759,0.00308410841471677,0.00381783901111284,0.00767531483614228,0.00387991897395868,0.00434614656246848,0.00551921862842578,0.00278064632459831,0.0065430487085803
0.00290396476729457,0.000876146948677043,0.00570487869045921,0.00716433207649811,0.00698341794674905,0.00170605632028397,0.00308916527642172,0.00648000421818983,0.00903300641856095,0.00856496704818559,0.00265811849327238,0.00435905912062378,0.00308604412094344,0.00381660168211699,0.0076806863041765,0.00388131168121064,0.0043478113978958,0.0055292672600522,0.00278134344270739,0.00654398010393016
0.00290580000276226,0.000876274751841256,0.00570773747323184,0.00716276596650071,0.00698287409184397,0.00170789741335164,0.00308058817958257,0.00648297499689978,0.00903649131616563,0.0085581525110887,0.00265812639226523,0.00435989160171332,0.00308442362465152,0.00381426076017361,0.00767857697654711,0.00387985572799886,0.00434248146812684,0.00552828769337181,0.0027798185717089,0.0065439337584629
0.00289828161127523,0.000874665245101151,0.00569603279838915,0.00715277142969652,0.00696616206222738,0.00170156089296183,0.00307325226867792,0.00646581773879874,0.00901259325785834,0.00854885767853312,0.00265012383143972,0.00435342426104211,0.00308048277318851,0.00380817220234072,0.00766202139563135,0.0038719694034339,0.0043358764101572,0.00551356468332676,0.00277751472448193,0.00653151487907156
0.0029009187494434,0.00087523580533756,0.00569886203478128,0.00715857533687599,0.0069702147163347,0.00170321631815645,0.00307803369256196,0.0064738712379915,0.00902376804782386,0.00855263846760309,0.00265615880411272,0.00435542573285777,0.00308168903043835,0.00381141062813235,0.00766749746435513,0.00387533167754834,0.00434040568928646,0.00552383991655718,0.00277941742348757,0.00653519810914191
0.00290526194164224,0.000875746730611088,0.00570343164168797,0.00716129984954273,0.00697715597868956,0.0017036237602699,0.00307570338064248,0.00648400212475034,0.00902538446914957,0.00855927295175589,0.0026584504064634,0.00435543999103167,0.00308227291550034,0.00382007734548872,0.00767236579653091,0.00388012651111577,0.00434211995525766,0.00551900610124808,0.00277869325042639,0.00653850548619801
0.00290610639408157,0.000876263769548965,0.00570409545361434,0.00716677435176883,0.006977710911043,0.00170492989688237,0.00308051892955053,0.00647849000402438,0.00904123094244986,0.00856786519238121,0.00265631232360434,0.00436159436911399,0.00308431957819104,0.00381759859529343,0.00768011531044861,0.00388123243900335,0.00434541044094774,0.005526654209428,0.00278037832516954,0.00654422186070466
0.00290332844121417,0.000875888097552316,0.00569984029660634,0.00716131559385912,0.0069762154826533,0.00170259535311913,0.00307726955316301,0.00647298189468163,0.00902935156933075,0.00855748403389683,0.00265577749713849,0.00435429129571822,0.00308011439621979,0.00381198473109012,0.00766891941233245,0.00387587379527485,0.00434262760845597,0.00551637979430564,0.00278972018399446,0.00653678658751338
0.00290320825931143,0.00087543043178877,0.00569951764836526,0.00715805830632192,0.00697415421133635,0.00170275812788372,0.00307445884371726,0.00647825842931709,0.00903266008429586,0.00856441006664956,0.00266416937971084,0.0043734286705096,0.00308423775440687,0.00382781737294917,0.0076660552173254,0.00389197499391873,0.00434017782659594,0.00551951241274978,0.00278943340352803,0.00653763937415222
0.00290188047218014,0.000875797849165907,0.00570358168374041,0.00716191035119309,0.00697663214011282,0.00170343537193011,0.00307729566148073,0.00648961504089697,0.00902570954018458,0.00856153287669718,0.00265864997587375,0.00435754575599366,0.00308234353575195,0.00381631755004504,0.00767106190085451,0.00387957415509347,0.00434536057983755,0.00552993253447674,0.0027798004758991,0.00653884793285949
0.00290416946616568,0.00087670208942723,0.00570584594301265,0.00716780021868655,0.00698310345170505,0.00170544124042764,0.00308142164923326,0.00648147816928521,0.00903524877221031,0.0085680378400833,0.00265704164029907,0.00436027558631376,0.00308437795440569,0.00381796113024455,0.00767592338885398,0.00387968515454081,0.00434576062531767,0.00552968586293447,0.00278138731906842,0.00654558485611262
0.00290361087809468,0.000875232987235495,0.00569693637788109,0.00715934308833857,0.00697981048739645,0.0017024526459255,0.00307531583488975,0.00647276078270309,0.00902519660079983,0.00856235818513131,0.00265496143346799,0.00435426358024259,0.00308423574467927,0.00381299019476467,0.00767662063861992,0.00387718347898049,0.00434255846931848,0.00551482164342147,0.00277989700144426,0.0065384974118303
0.00290541972116236,0.000876283480820735,0.00570175414959232,0.00716476953080332,0.00697919789301933,0.00170563413544072,0.00307697573168687,0.00647554497678021,0.00902560595353773,0.00857250938825964,0.00265523990187603,0.00435721535027825,0.00308328929831628,0.00381574482969768,0.00767272476074339,0.00387712594866022,0.00434329440709705,0.00552030354294838,0.0027825231530183,0.00654096728868418
0.00290744871343702,0.000876332408242992,0.00571005809204597,0.00716774384716725,0.00698122035104761,0.00170488729386167,0.00308170822714073,0.00647700163439482,0.00903881099006065,0.00856396028140907,0.0026562348147017,0.00436269181677715,0.00308621340021035,0.00381802175337293,0.00767600733738738,0.00388401492454346,0.00435192977394514,0.00552442647513845,0.0027804922071279,0.00654156519287679
0.00290420952544009,0.000876205818202008,0.00570567004699181,0.00716356373851337,0.00698124791337366,0.00170691344629977,0.0030788284219692,0.00648048819741942,0.00903081242562885,0.00856213398140379,0.0026568289421989,0.00436150971757491,0.00308441585908648,0.00381956091314309,0.00767478843501173,0.00388235902823353,0.00434868110430166,0.00552760711347518,0.00278001035630285,0.0065449177045295
0.00290601641914852,0.000876094928589454,0.00570343182208594,0.00716129162268215,0.00697567937656744,0.0017043600820518,0.00307555480386482,0.0064739173199599,0.00903939432475021,0.0085685856137923,0.00265703119935685,0.00435995294497035,0.00308496441667258,0.00381507356684023,0.00767684184353756,0.00387768173894028,0.00434341196060241,0.00552152900437027,0.00278182723953472,0.00654623128111249
0.00290226375666318,0.000875980610846309,0.00570244176798789,0.00716255299872209,0.00697694130959084,0.00170755202103011,0.00307653994004988,0.00647744792954747,0.00903019319117453,0.0085599644314817,0.00265354157830192,0.00435508436533877,0.00308383454777472,0.00381455793089057,0.00767461223795107,0.00387769666633728,0.00434299621599798,0.00551725964106557,0.00277805479966822,0.00653868017151468
0.00290253925115551,0.000876252643673326,0.00569475640006778,0.00715931035657489,0.00697659178130421,0.00170401769951899,0.00307438701010233,0.00647395392578221,0.00902234806683222,0.00855561133500987,0.00265445129597269,0.0043542450249993,0.00308286563973267,0.00381334214617622,0.00767133414702105,0.00388252201746806,0.00434494288443459,0.00552004924969883,0.00277929107549637,0.00654770338208977
0.00290088819735187,0.00087537214734612,0.00569955107514125,0.00716514760132456,0.00697550755103192,0.0017030360555259,0.00307732259836203,0.00647356195514685,0.00902274095384627,0.00857143993105232,0.00265593309754258,0.00435518808170612,0.00308250074716445,0.0038132008844085,0.00766884007123305,0.00387551606836754,0.00434188545612531,0.005522137690289,0.00277971175541936,0.00654001165153602
0.00290107576336728,0.000875758594350142,0.00570031322408409,0.00716349104758671,0.0069776766928644,0.00170340063826818,0.00307581244228571,0.00647674357785729,0.00902585856592098,0.00855808490354007,0.00265320262615093,0.00435489891377046,0.0030822679520761,0.00381421182845651,0.0076711207778013,0.00387654142840027,0.00434262081984072,0.00551691940153837,0.00277856123989132,0.00654064391788579
0.00289950506945221,0.000875591590511193,0.00570161984142104,0.00716121640716786,0.00697622788290175,0.00170303948628184,0.00307649754511782,0.0064753563554516,0.00902426674109322,0.00856154823844968,0.00265409554549696,0.00435580625706739,0.00308168595832011,0.00381473520177349,0.00767391598662952,0.00387763866573771,0.0043424630031862,0.00551786877063174,0.00277932768224986,0.00653835745844792
0.00290531727967983,0.000876533059564489,0.00570269888652402,0.00716571794043813,0.00697823967606119,0.00170457276024225,0.00308310055353111,0.00647940720987949,0.00903309761345506,0.00856387597351973,0.00265764057750155,0.00435817619369026,0.0030839161341627,0.00381730494291767,0.00767930312135313,0.0038812256063076,0.0043459585531696,0.00552532553701631,0.00278181279506727,0.00654379072864692
0.00290481456088207,0.000876217920424557,0.00569985214562896,0.00716500130407961,0.00697297662406429,0.00170334835983766,0.00307742945438204,0.00647713506720053,0.00903897880050272,0.00856784780785054,0.00265386802528305,0.00435657039610468,0.00308262188008418,0.00381557288023186,0.00767164912165682,0.00387692298182689,0.00434569015238942,0.005522145959846,0.00278024218215029,0.00654666589821852
0.00290054471409386,0.000875474101214362,0.00569975683580631,0.00715639246655003,0.00697423397465144,0.00170401341104528,0.00307511973768438,0.00647183239710355,0.00902443791526884,0.00855698915378436,0.00265474722550176,0.00435330426816642,0.00308137721743144,0.00381416604866926,0.00766962529321787,0.00387793088184211,0.00434458002417888,0.00551907565984627,0.00277779462750223,0.00653660988614425
0.00290414611353197,0.000875414106083026,0.00569995765215583,0.00716096831608792,0.00697704511934518,0.00170442028963306,0.00307869043375619,0.00647593707773067,0.00903014046686476,0.00855728222976941,0.0026572419309085,0.00436115641467468,0.00308262613770143,0.00382008126435619,0.00767687489167505,0.00387975916266277,0.00434572184520484,0.00552250043373038,0.00278104101463286,0.00653778240814781
0.00290186215743795,0.000875864327056652,0.00570264112175387,0.00716620122273968,0.0069794522403815,0.00170382692946404,0.00307754480792182,0.00647690128646056,0.0090333720189468,0.00856434601707107,0.00265473667183351,0.00435704358580317,0.00308452549597021,0.00381572097925605,0.00767269613537905,0.00387918420780071,0.00434412298824173,0.00552028112040743,0.00278026594881261,0.00654396399563317
0.00290077617801832,0.000875428858628811,0.00569941329929034,0.00715983435582826,0.00697444088202674,0.00171004205421362,0.00307829467962246,0.00647211621948194,0.00902361315645997,0.0085527496073229,0.00265603061027201,0.00435379409620569,0.00308061809108535,0.00381402661531652,0.00766800785793635,0.00387598648228515,0.00434422393497269,0.00552359067508719,0.0027787671325623,0.00653592430051486
0.00290042003198082,0.00087594013687471,0.00570366528750783,0.00716643195827521,0.0069778859581106,0.00170458603975242,0.0030839113821296,0.0064769409859282,0.00902715467179561,0.00856203058549246,0.00265457659318194,0.00435686502894845,0.00308422028412636,0.00381494892985521,0.00767320907809832,0.00387849658514164,0.00434678284191028,0.00551895190990059,0.00277904910788716,0.00654190587213013
0.0029056282300693,0.00087602507472862,0.00570242929064131,0.00716236468448492,0.00698061416707523,0.0017064386923057,0.00308107884137797,0.00647797876915826,0.00902981141790447,0.00856024440272771,0.00265395007555289,0.00435772805669184,0.00308655228695563,0.00381861749448227,0.00767399350225645,0.00388007640831887,0.00434808225781984,0.00552469460516405,0.00278172135569986,0.00654528687737105
0.00290424132751766,0.000876652766391058,0.00570624122883853,0.00716734941403733,0.0069793825462575,0.00170685430835811,0.0030824059108897,0.00648105420214853,0.00903468201293708,0.00856231643984101,0.00266096367094337,0.00435957518107172,0.00308496848489408,0.0038175361345588,0.00767846565054769,0.00387980839042677,0.00434911983298795,0.00552933793315614,0.00278092535167681,0.0065438445442289
0.00290100275687464,0.000875498732056483,0.00569905781657202,0.00716157865164372,0.00697606511725899,0.00170286866436369,0.00307532084788087,0.00647223138126392,0.00902393142629939,0.0085563560647871,0.00265295662972844,0.0043572835557969,0.00308432998792443,0.00381308697025346,0.00766904704321755,0.00387509767458255,0.00434495038617009,0.00551767751648887,0.00278007006153425,0.00653711183586425
0.00290329381080945,0.000876152568232303,0.00570351219745374,0.0071641299529834,0.00698099436576987,0.00170481288646388,0.00307984976284866,0.00647883687838663,0.00903442042764544,0.00856063804055193,0.00265778149830582,0.00435752292155894,0.00308308446513225,0.00381621754335816,0.00767392350588521,0.00387805183287177,0.00434472365185914,0.00552830002434196,0.00278059387773825,0.00654184513749289
0.00290141756488296,0.000875502378932006,0.00570268019875541,0.00715971569560962,0.00697796588863666,0.00170413660797135,0.00307789856867686,0.00647563658500066,0.00902936765131591,0.00855412491429802,0.00265570553585966,0.00435724043349054,0.00308248319652321,0.00381472363722696,0.00767152181357755,0.0038766701580352,0.00434758658942691,0.00552280633524382,0.00277966304431797,0.00653763884311048
0.00290496020484289,0.000875826839271666,0.00570213460136868,0.00716053510252771,0.00697715538059551,0.00171784277541578,0.00308961373991018,0.00647476579904514,0.00902930087779782,0.00855926533367722,0.00266528806252287,0.00437196717788723,0.00309215809358466,0.00382752163757789,0.00767073426101007,0.00389001395552584,0.00435671398537445,0.00552296037351478,0.00278833237893326,0.00653798497836764
0.00290587957465214,0.000876153006623841,0.00570399501192686,0.00716020722296826,0.00697495997773018,0.00171392884585251,0.00307888900517771,0.00647677084855453,0.00902513930577904,0.00856237091064354,0.0026556544806134,0.00435986648531968,0.00308283079627454,0.00381651122146481,0.00767659646124448,0.00387960720961218,0.00434308137355361,0.00551992212870341,0.00277931482910037,0.00654067698547157
0.00290025333245526,0.000875241349203123,0.00569761755630703,0.00715981222523593,0.0069786538764179,0.00170324954879631,0.00307780912544305,0.0064716350186316,0.00902137185696176,0.00855721453331351,0.00265470304103484,0.00435200480937309,0.00308078503194784,0.00381192956137295,0.00766958960212384,0.00387593632654075,0.00434105504425381,0.00552025039191792,0.00277701254399502,0.00653371280423479
0.00290362587184022,0.000876651560075436,0.0057029427930907,0.00716671034296924,0.00697825592210749,0.00170537720048197,0.00307974264469082,0.00648056699276871,0.00903094500785114,0.0085587162558267,0.00265621259048701,0.00435965996381844,0.0030836457631733,0.0038153136195208,0.00767168169179073,0.0038781849344638,0.00434563026865264,0.0055295829793518,0.00278014209925429,0.00654070868613558
0.00290136845806838,0.000875478730196807,0.00570046791048439,0.0071625867519994,0.00697726915784659,0.00170487542263036,0.00307806597542163,0.00647538279023829,0.00902713006217984,0.0085573509025546,0.00265731596156857,0.00435673953439641,0.00308307211665241,0.00381389590630119,0.00767078470571156,0.00387630007735584,0.00434297293398742,0.00552502170252727,0.0027798677948453,0.00653848973748192
0.00290553563799752,0.000875603234410224,0.00570019878744925,0.00715746484993573,0.0069750705190973,0.00170267181860383,0.0030755626608593,0.00647365861020218,0.00902301063176051,0.00856664611786721,0.00265346779087158,0.00435470124839183,0.00308143897599742,0.00381819683081012,0.00766984543624202,0.0038782689719991,0.00434226659428739,0.00551825975618719,0.00278255689959271,0.00653393438377244
0.0029020121765694,0.000876055116569086,0.0057029432479109,0.00716367105461174,0.00697707632175817,0.00170485026993486,0.00307728579362518,0.00647597108521553,0.00904584372737762,0.0085615772441344,0.00265374254686041,0.00436433154628412,0.00308295348075126,0.00381509290125901,0.00767177882808872,0.00387692983901887,0.00434243255852243,0.00551994719808186,0.00277961538723007,0.00654153221135523
0.00290712128836312,0.000876223730165539,0.00570497821413008,0.00716629161489172,0.00697924325669787,0.00170468315892087,0.00307983600879799,0.00647708006308025,0.00903119403498062,0.00856060778074115,0.00265553352395686,0.00436147040821402,0.00308689493331532,0.00381652328232896,0.00767547823153374,0.00387981586090066,0.00434414000824613,0.00552498046635528,0.00278049233430161,0.00654107394594981
0.00290303641708988,0.0008761391062419,0.0057009546499287,0.00715900748114062,0.0069737262391859,0.00170356402390579,0.00308228453089338,0.00647555120305994,0.00902991779972955,0.00856207316738557,0.00265442429083814,0.00436102496177515,0.00308979055629193,0.00381205106443614,0.00767432604504564,0.00387828544566781,0.00433963482906292,0.00552083680180379,0.00279426074448195,0.00654282729385509
0.00290222193168424,0.000875497116524038,0.00569862937211938,0.00716194054057999,0.00697868340801717,0.00170580783826664,0.00308104906893486,0.00647766836267114,0.00903005845700062,0.0085568139260008,0.00265657897419667,0.00435860161349127,0.0030827447380891,0.00381547856638365,0.00767283132154013,0.00387918238688143,0.00434477847174105,0.00552636539482509,0.00278154160419757,0.00654003922118438
0.00290312328057428,0.00087645119155829,0.00570449622614886,0.0071646527744016,0.00697926530938401,0.00170498644253981,0.00307989082307037,0.00647531427556672,0.00903040877909756,0.00855962937556848,0.00265703121221724,0.00436022966626357,0.0030864338885074,0.00381638774818013,0.00767210680468121,0.00387901112503068,0.00434433358293127,0.00552827063166679,0.0027796167772253,0.0065427677371527
0.00290311565452618,0.000875412391743352,0.00570016292879601,0.00716049621574315,0.00697928182578557,0.00170399412377365,0.00307753528638831,0.00647567441691461,0.00902472844636945,0.00855853153612141,0.00265774928645528,0.00435958992581544,0.00308316275787989,0.00381548316365207,0.00767464506805445,0.00387776299750183,0.00434376335463625,0.00552325278637231,0.00277987537149386,0.00654277900544913
0.00290480576652075,0.000876709783798309,0.005705204617128,0.00716652756383513,0.00697706758881054,0.00170526702617517,0.00308241665443761,0.00647885756391355,0.00903074165060467,0.00856175632772793,0.0026584550804192,0.00435895806299819,0.0030836882731493,0.00381576652962751,0.00767098416585044,0.0038803070882595,0.00434876839579772,0.00552889311559387,0.00278171678613954,0.00653886470037715
0.00290643889476694,0.000876134533785953,0.00569933885567602,0.00716342463829363,0.00697928993653302,0.00171082558816888,0.00307581469622385,0.00647777999155458,0.00903216953103744,0.00855640307626829,0.00265836236678461,0.00435826051628661,0.00308411352409095,0.00381389979800693,0.00766901946062165,0.00387989730020506,0.00434660986538897,0.00552429837913612,0.00278201209456058,0.00654053362752788
0.00290476900735118,0.000875914478375756,0.00570455740927838,0.00716910947156864,0.00698281392720567,0.00170580439836058,0.00308260413693466,0.00648181920390817,0.00903113935344842,0.00856162477902521,0.00265855275721875,0.00436049519149052,0.00308349941912053,0.00381838690446158,0.00767891638241666,0.00388003775468537,0.00434654199665729,0.00553135952821545,0.00278032942678961,0.00654311585996318
0.00290441889477697,0.000875848941261888,0.00570174887657649,0.00716186808638561,0.00698142298236193,0.00170476236247396,0.00308005482818411,0.00647432384715691,0.00903556286451338,0.00855864265320025,0.00266565899344787,0.00435800072923649,0.00308318492861738,0.00381773671159699,0.00767868724716975,0.00387853130524058,0.00434870561666752,0.00552078358089055,0.00277914596123396,0.00653981186119309
0.00290577784318692,0.000876157884795432,0.00570175579083032,0.00716391786602561,0.00697779174286472,0.00170368474688301,0.00307677234900824,0.00647654700176709,0.00903637666343053,0.00856732593266509,0.00265858181961532,0.00435973435074946,0.00308387137710328,0.0038150222052553,0.00767372178531227,0.00387653709861039,0.00434529954261219,0.00551851650338141,0.00278258954005159,0.00653971806178389
0.0029022254798065,0.000874758221266135,0.00569899260415899,0.00716281310676025,0.00697865527215779,0.00170134995618451,0.00307577073537606,0.00647112903589157,0.00902900988993476,0.00855448070285686,0.00266271341788723,0.00435731972877803,0.00308517169532035,0.00381792933965995,0.00767159130391285,0.00387439081806596,0.0043398852565157,0.00551854953755711,0.00277873526434427,0.0065396227578159
0.00290090893720002,0.000875728874942244,0.00570093704708043,0.00716753461867698,0.00697753685228588,0.00170403100099802,0.00307720063086245,0.00647881782065347,0.00903020229868697,0.00855854879233936,0.00265650257759547,0.00435734662824574,0.00308517164296678,0.00381459919616189,0.00767863753049135,0.00387920001711952,0.00434527780246811,0.00551815926941997,0.00280996963122765,0.00654249588314281
0.0029073327151962,0.000875407590057146,0.00570264803173584,0.00716026599760239,0.00697856741051998,0.00170394532901391,0.00307809781910808,0.0064847767387933,0.0090242900036609,0.00856488048114613,0.00265790224861677,0.00435698029197298,0.00308226345642892,0.0038153658081716,0.00767290265781764,0.00387978390150314,0.00434882220092323,0.00551807787082852,0.00277931963980691,0.00654801983191579
0.00290342186867651,0.000876405910756004,0.00570445036522559,0.00716433762658769,0.00697792957950592,0.00170509230580196,0.0030771254060213,0.00647721555635998,0.00902756091625065,0.00856093394830295,0.00265561715278994,0.00435801921575443,0.00308484854593492,0.00381674603743789,0.00767433534891539,0.00387917383631928,0.00434462791625507,0.00552034890907142,0.00278037638943521,0.00654198235170847
0.00291029978786902,0.00087641345721253,0.00570346503661801,0.00716844638122043,0.00698083447887751,0.00170413895153922,0.00307884526634785,0.00647844099951843,0.0090328505557987,0.00856512328308569,0.00266158843414486,0.00435826347974932,0.0030851897962028,0.00382347867047047,0.00767823691654742,0.0038790101180787,0.00435082847316305,0.00552617175508774,0.00278455138186692,0.00654161258502299
0.00290728923227204,0.000875466518131534,0.00569554332959945,0.00715964902575569,0.00697500136325513,0.00170282850835305,0.00308034491111476,0.00647424524786711,0.00902345611083284,0.00856857818560366,0.00265329737252549,0.00436033644043257,0.00308577663714625,0.00381905464233638,0.00766328868328842,0.00387799713721578,0.00433986363557547,0.00551190909125466,0.00277703396014482,0.00653459574446272
0.0029029213396588,0.000876570819043901,0.00570855372527457,0.00716767030125329,0.00697774560407897,0.00170588799543246,0.00308184566812342,0.0064808093134658,0.0090353264369208,0.00856547533749458,0.00265906447530684,0.00435997246390657,0.00308489179292339,0.00381738830185309,0.00767780658619519,0.00388032994894313,0.004347413538001,0.00553323604013874,0.00278049562087001,0.00654557815538257
0.00290414729779708,0.000876354510875825,0.00570451348786221,0.00716123399712336,0.00697816719374397,0.00170544265961029,0.00308328485506132,0.00648104380248947,0.00903304269525978,0.00856499953564624,0.00265731371507866,0.00435820130519478,0.00308381040023393,0.00381613537858771,0.00767523239812197,0.00388040838478666,0.00434546208054127,0.00552670387285203,0.00278068293375978,0.00654327572378798
0.00290128191710602,0.000874894235580934,0.00570154211417126,0.0071608656159374,0.0069711917882332,0.00170359945868904,0.00307633171579183,0.00647316603920879,0.00902357851576419,0.00855734297532739,0.00265282628487951,0.0043551378788003,0.00308255292551096,0.00381239462424543,0.00766918052493704,0.00387666833073321,0.0043405612312762,0.00551633262221998,0.00277882667354492,0.00653735113905848
0.00290789211398842,0.000876342324499698,0.00570710374247739,0.0071664295361558,0.00698539808635375,0.00170500110311108,0.003079549092503,0.00647933100875264,0.00904174292002365,0.00856975201151728,0.00266057346949132,0.00436349931337232,0.00308547222348094,0.00381679778211906,0.00767688174934784,0.0038847940428303,0.00435174434975614,0.00553000126232875,0.00278066322560646,0.00654245495300377
0.00290539358787071,0.000875270243129314,0.00569792544344094,0.00716488331596379,0.00697329408610757,0.00170418032230341,0.00308407174950597,0.00647312556964688,0.00903160335114977,0.00855326883700428,0.00265492857591632,0.00435803735961572,0.00308389158594579,0.00381275779778836,0.00767698376199072,0.00387936949051433,0.00434440282076447,0.00552047316879217,0.00277848815950705,0.00654198633283486
0.00289949302815471,0.000875395382139517,0.00569690701440649,0.0071575647752859,0.0069740111249654,0.00170205707680892,0.00307384356147652,0.00653056063510816,0.0090149606273161,0.00855076114293157,0.00265779312078491,0.00435265767112834,0.00308257198162217,0.00381187364400108,0.00767221162683399,0.00387630747197012,0.00433979688723836,0.00551395225512024,0.00277807429722826,0.00653778568182577
0.0029025734463798,0.000875865225770686,0.00570583309309254,0.00716619474829276,0.00698166123951166,0.00170449449282911,0.00307857742987845,0.0064776813787826,0.00903070842090599,0.00856226864496769,0.0026550465966506,0.00435642111914072,0.00308358257736289,0.00381540019184473,0.00767427041780461,0.00387832868905144,0.00434520765349792,0.00552164698576965,0.00278136726772746,0.00654324843156745
0.00290287497698289,0.000876410253564256,0.00570740542070539,0.00716717235444818,0.00698274282958442,0.00170620801908772,0.00308118774143858,0.00648093289222256,0.00903435503551357,0.00856358721507277,0.00265784284974851,0.00435917676313521,0.00308450651226311,0.00381765272422682,0.0076770638577967,0.00387925154096474,0.00434660335323379,0.00552784029295926,0.00278110896431905,0.0065423147881265
0.0029091658482839,0.000876119846399632,0.00570380322402339,0.00716733034663565,0.006985202176761,0.00170625664506931,0.00307936113459456,0.00649272405833834,0.00904928128675827,0.00858480390904819,0.00265817327919674,0.00436287603202,0.00309203398202356,0.00382547318016276,0.00768464488471476,0.00388225824050357,0.00434798032585797,0.00552300435106385,0.00278266419850104,0.00654478693381179
0.00290759875691979,0.000876109049977143,0.00570481905274135,0.00716666705775479,0.00698025133529145,0.0017045055635485,0.00308209913219119,0.0064781358982742,0.00903141622756319,0.0085653145375758,0.00265576140360177,0.00435733566056184,0.00308334948689815,0.00381684549016101,0.0076829386532609,0.00387910800786845,0.00434544821243674,0.00552791413149488,0.00278049417667923,0.00654192500544669
0.00289811617944008,0.000874610410423261,0.00569610864339164,0.00715130376001748,0.00696705825811262,0.0017017788883324,0.00307127815994601,0.00646950689162729,0.00901676286993328,0.00854840848720301,0.00265185134658418,0.00434922999784107,0.00307842069817266,0.00380957673017402,0.00766545171661699,0.00387283744667584,0.00433799566039299,0.00551070142008121,0.00277493967541679,0.00652909982390452
0.00290474668318879,0.000875976110483847,0.00570259892574156,0.00716309569706569,0.00697747645168476,0.00170333497810901,0.0030781829765836,0.0064738824800912,0.00902889430993903,0.00855566037426296,0.00265556711011676,0.00435953898744796,0.00308726799676626,0.00382014849819651,0.00767019346342781,0.00387836900297664,0.00434235068687584,0.00552063387015506,0.0027831885632468,0.00654645618531526
0.00290390384416253,0.00087643664115276,0.00570425750915532,0.00717042712653339,0.00697762488390814,0.00170706630998312,0.00307917936899504,0.0064793836401016,0.0090358652427942,0.00856953632602442,0.00265706086439202,0.00435804397390595,0.00308628852209297,0.00381740578514553,0.00767573154907156,0.00387984714637754,0.00434440455292779,0.00553240353253501,0.00278297112269848,0.0065482564656499
0.00289788203870462,0.000875240877717738,0.00569713779769763,0.0071558072468646,0.00696908303169208,0.00170422630987456,0.00307541351718886,0.00647267229758817,0.00901835352103606,0.00856045156199501,0.00265333366005896,0.00435393383023016,0.00308208212999551,0.00381342465386112,0.00767289683131031,0.00387688354569492,0.00434141706007871,0.00551548469538793,0.00277695569919705,0.00654041182391104
0.00290316962527503,0.00087533708739612,0.00569765987326154,0.00716133744249578,0.00697307903935713,0.00170631824777879,0.00308053762968464,0.0064746935005673,0.00902898302949739,0.00856066720479842,0.00265560533646773,0.00435675859704949,0.00308185241964448,0.00381510342773499,0.00767342935845648,0.00387862198666363,0.0043446689196682,0.00552274532717604,0.00277951318106394,0.00653700341544692
0.00290175599030758,0.000876067050501094,0.0057027943191898,0.0071671383363307,0.00697792243501051,0.00170475483594028,0.00307674610424298,0.00647451320638733,0.00902775216661935,0.00856287695077302,0.00265469841630192,0.00435839820891907,0.00308299825560924,0.00381477306380204,0.00767268391027382,0.00387860005265662,0.00434241398853232,0.00551730297715572,0.0027794091508375,0.00653894243906838
0.00290441505995489,0.00087633814663592,0.00570326818288368,0.00716707440288643,0.00697757527345437,0.00171148968078084,0.00308089010793733,0.00647849425611404,0.0090325872411165,0.00856101961426691,0.00265821792013823,0.00435722556310409,0.00308489457964078,0.00381665351038361,0.00767832629060523,0.00387690722087881,0.00434697752296821,0.00552631217268338,0.00278169219820418,0.00654274510073411
0.00290469859032559,0.000876707687647749,0.00570666093325173,0.0071672149392527,0.0069819868433487,0.00170585693049083,0.00308192858685436,0.00648372884786126,0.00903843986794079,0.00856425799384327,0.00265799635337108,0.00436095153879348,0.00308547098164297,0.00381840370632144,0.00767803714031387,0.00388142534072015,0.00435200911678481,0.00553003513451228,0.00278144656761558,0.00654492298883029
0.00290168884547295,0.000875670123345728,0.00570237623753939,0.00716049867226671,0.00697571426416391,0.00170553436949938,0.00308275260523613,0.00647934004290448,0.00903650791004877,0.00856601732155778,0.00265700108151871,0.00435910515118618,0.00308167770951545,0.00381095935503819,0.00767850223064634,0.00387971188466967,0.00434486570209188,0.00552575302985289,0.00278106212887644,0.00654117264048212
0.00290426691144679,0.000876048439851467,0.0057020160902718,0.0071645578569953,0.00697728274544664,0.00171013269326781,0.00308110675703244,0.00648087402243577,0.00902743713580457,0.00856165249637639,0.00265656572592838,0.0043582821706115,0.00309322636484815,0.00381390063228369,0.00767256583846905,0.00387694453911901,0.00434642117013914,0.00552056028109786,0.0027903140751475,0.00654015878529123
0.00290240366549281,0.000875729586421668,0.00570337198747186,0.00716673196784004,0.00697927231043654,0.00170415595179706,0.00307877022899266,0.00648007308975004,0.00903222409444363,0.00856157464755277,0.00265740052021139,0.00435867668042157,0.00308400434527041,0.00381546379950441,0.00767328273022046,0.00388059368998744,0.00434394491229092,0.00552378288464925,0.00278131877062493,0.00654118133882081
0.00290533698550104,0.000876199896635395,0.00570500009713795,0.00716923710903446,0.00698169691884434,0.00170418575214086,0.00307921337912059,0.00648312804183312,0.00903841669721045,0.00856603908655885,0.00265557328037668,0.00436094894548254,0.00308603043648153,0.00381496071794427,0.00767948104712984,0.00388103405829902,0.00434756191001263,0.00552211621214596,0.00278246378955417,0.00654584742674311
0.00290301276960205,0.000876447916922642,0.00570476489534377,0.00716898631864587,0.00698178589113319,0.00170427353954922,0.00307657219441206,0.0064770313373577,0.00902586431916458,0.00857054817337598,0.00265505309166233,0.00435654423217601,0.00308444844999552,0.00381480848550485,0.00767484669676966,0.00387903793869985,0.00434587980789983,0.00552246433520458,0.00277975694208478,0.00654205379424776
0.00290312526959775,0.000875618138683598,0.0056997004639616,0.00715786641571062,0.00697538493993012,0.00170622867806809,0.00307634711121313,0.00647449128407048,0.00902235914704793,0.00855070188125773,0.00265401005659157,0.00435382783107004,0.00308110741848632,0.0038120128607188,0.0076684194976037,0.00387570072306384,0.00433977245770871,0.00552410506834291,0.00277818422962882,0.00653577572651226
0.00290768326506083,0.00087680516559343,0.0057102663395531,0.00716978328457757,0.00698427868247116,0.0017048706297167,0.0030824270224167,0.00647995717380081,0.00903473605654703,0.00857106055719847,0.00266027117179469,0.00436002621078186,0.00308631088541409,0.00381854963545147,0.00767818994470138,0.00388186908324787,0.00435041197448414,0.00552975157864916,0.00278022856178062,0.00654748411175224
0.00290274199075626,0.000876537617783418,0.0057069213777997,0.00716697391365072,0.00698024989471828,0.00170521020983864,0.00308127582058998,0.00647901903418796,0.00903248138480193,0.00856255318494426,0.00265851237558588,0.00435758278695718,0.00308395263413959,0.00381553519046408,0.00767873848040172,0.00387957179250194,0.00434412392196239,0.0055293487676177,0.00278081314286718,0.00654359269814458
0.0029057251387059,0.000876269079873329,0.00570306403914344,0.00716414724347923,0.00698230244697644,0.00170550230962273,0.00307811710217694,0.00647833057136737,0.00902738107786863,0.00856853552950306,0.00265798344928891,0.00436210364534738,0.00308409409048332,0.00381762193199182,0.00767786692843494,0.00388020892800523,0.00434828247634734,0.00552439200872301,0.00278135967703075,0.00654371437528935
0.00290503121598067,0.000875061730734348,0.00569635693805778,0.00716233218423781,0.00697592350857839,0.00170263169103436,0.00307621403282397,0.00648165596454182,0.00902149480337516,0.00855405581984315,0.00265363948266277,0.00435431271546857,0.00308069426287714,0.00381195165887442,0.0076669916636115,0.00387569219116664,0.00434194866264126,0.00552123932263482,0.00277820074021681,0.00653809097971678
0.00290299798667344,0.000876163106574485,0.00570175844454426,0.00716334446843562,0.00698142331483242,0.00170458027714051,0.00307902416488832,0.00647863374695642,0.00903370769510385,0.00856252298210594,0.0026548089868516,0.0043572815026593,0.00308371357750003,0.00381526285485958,0.00767627776989835,0.00387842066426074,0.00434396282080609,0.00551793594681917,0.00278059312471882,0.00654411196608447
0.00290501602244836,0.000876258222190883,0.00570586583604447,0.00716766749336324,0.00698138774209201,0.00170491266915381,0.00308163693877579,0.00647832958476522,0.00903138847386336,0.0085702016659127,0.00265871240956742,0.00435822351225227,0.00308435896746519,0.00381612287969227,0.00767621748002572,0.00388005322844981,0.00434642344117699,0.00552930283095719,0.00278083024173111,0.006542794940647
0.00290145929037475,0.000874990717011745,0.00570385637762444,0.00715948311261738,0.00697806494713218,0.00170505163091509,0.00307546949524772,0.00647647040887649,0.00902845698222165,0.00855917753679337,0.00265453871081137,0.00435638798263601,0.00308384714086034,0.0038159188067069,0.00766952500370713,0.00387647253081158,0.00434008967670144,0.00551704813915708,0.00278085527027731,0.00654052848669935
0.00290448675080115,0.000875931464224605,0.00570271061497843,0.00716857157959569,0.00698346694304191,0.00170623254501585,0.00308164232930463,0.00648443285286904,0.00903572367140438,0.00856779733329623,0.00265973123870231,0.00436016361041527,0.00308463373556775,0.00381668963963514,0.00767713922338153,0.00388165268456601,0.00434840051901428,0.00553090842089618,0.00278296825125651,0.00654182127367654
0.00290166313643873,0.000876123415406359,0.0057013309686336,0.00716253036184856,0.00697539589116408,0.00170482432394993,0.00307885525122495,0.00647553259979017,0.00903009216375716,0.00856237109346347,0.00265697831078248,0.00435753400733142,0.00308410997921653,0.00381509433511737,0.00767017338603164,0.00387933680246118,0.00434558431241779,0.00552639222006136,0.00278177907105073,0.00654020723940337
0.00290687605144044,0.000875463205045224,0.00570468717432497,0.00716065404083107,0.00697628824591889,0.00170342439114857,0.00307695388788601,0.00647020336334443,0.00902856719263612,0.00855885818696584,0.00265530898099503,0.0043540558427521,0.00308387990921316,0.00382053947264507,0.00767715506431473,0.00388430748554242,0.0043509115963046,0.00552104161288309,0.00278326817781425,0.0065443104160034
0.00290009935801935,0.000875462556290993,0.00570005322482949,0.00715682323151992,0.00697097493484448,0.00170287745697287,0.00307702490346776,0.00647205578734914,0.00902191441741791,0.00855472010746823,0.00265225927137349,0.00435323877293705,0.00308237395086061,0.0038127439168493,0.00766860402436146,0.00387533796081341,0.00434140554167975,0.00551724027627721,0.00277725164962481,0.00653446575978948
0.0029057482104586,0.00087638292455554,0.00570794546040589,0.00717044210875897,0.00698506984588467,0.00170546754385768,0.00308241042235945,0.00648178688994805,0.00903721702398065,0.00856373261702222,0.00265919785904827,0.00435680981513135,0.00308614762335196,0.00381653060842357,0.00767694420339796,0.0038784662704527,0.00434452684908866,0.00553320726558069,0.00278071916200667,0.00654540695135292
0.00290458269900311,0.000876516385709794,0.00570575760226429,0.00716590117205889,0.00697936137262938,0.00170576446666648,0.00308162339712702,0.00648230991342217,0.00903091560911537,0.00856207718509918,0.00265835350574265,0.00435979744538791,0.00308463875107043,0.00381710219356061,0.0076784451080524,0.00388060849545154,0.0043444064107459,0.00553043466394501,0.00278141016932144,0.00654427434797409
0.00290576756087128,0.000876471869965626,0.00570652681488681,0.00716678517188126,0.00698465257180233,0.00170686183762446,0.00308153865694813,0.00648063786293123,0.00903671200678292,0.0085641685022562,0.00265918457382802,0.00436266729779318,0.00308446814737019,0.00381773190545624,0.00767788510183858,0.00387987674883569,0.00434776229807322,0.00552994731528458,0.00278359719253597,0.00654348177548277
0.00290007319548334,0.000875862365721457,0.00569942580846428,0.00716001359819982,0.00697358083969042,0.00170287924876291,0.00307591273404318,0.00647336817696865,0.00902270930140251,0.00855191418405837,0.00265518240097007,0.00435443922043976,0.00307986717110737,0.00381126965041951,0.007667530324281,0.00387428942392601,0.00434128691757286,0.00552326890520445,0.0027784824502866,0.00653307004470834
0.00290424645765331,0.00087638807241349,0.0057051255672187,0.00716242484072971,0.00698121260753833,0.00170656910779495,0.00308070315925227,0.00647964387094331,0.00903485196507072,0.00856077134998635,0.0026591203494696,0.00436089839236313,0.00308520251812011,0.00381814079291077,0.00767606990694249,0.00387939727397645,0.00434804212575691,0.00553137991162323,0.00278107300651183,0.00654136222915526
0.00290422909558793,0.000875608703186931,0.00570125634443965,0.00716171750155633,0.00698076502290414,0.00170625963394412,0.00308011277279603,0.00647746003207723,0.00902899242281401,0.00856177666420753,0.00265709824865942,0.0043583166708232,0.00308395279168038,0.00381588466458986,0.00767530308360759,0.00388207452759339,0.00434834093000826,0.00552988754751066,0.00278034225605869,0.0065406976940748
0.00290031137689844,0.000875590570435006,0.00570154255810268,0.00716025769830364,0.0069774476989659,0.00170350409276522,0.0030753735087591,0.0064731877219406,0.00902818249426703,0.00855689757865815,0.00265287163226158,0.004355330678743,0.00308224884473857,0.00381489921584312,0.00766909358244992,0.00387736918071109,0.00434299874520823,0.00551724232872305,0.00277853524007158,0.00653844618482683
0.0029059168198106,0.000875173232727953,0.00570003820576767,0.00715906012200326,0.00697593154003796,0.00170761246406047,0.00308216581003362,0.00647481250180433,0.00902117419209175,0.00855673131087922,0.00265976889680521,0.00436152571872283,0.0030892830586496,0.00382258809089413,0.00767176944700436,0.0038761794244271,0.00435305139427646,0.00552128266189196,0.00277777033045051,0.00653695645377535
0.00290438995434353,0.000875861023180392,0.00570327979034256,0.00716424404199899,0.00698159576859279,0.00170569450302706,0.00307861737213036,0.0064766460871988,0.00903028361125793,0.0085607222266358,0.00265544836212148,0.00435990246081605,0.00308422659374089,0.00381552973745749,0.00767553402139032,0.00387775652036946,0.00434388854665568,0.00552040635726956,0.00277926704447511,0.00654729249803002
0.00290558392470553,0.000876104317708838,0.00570360006903238,0.00716514374901312,0.00698131685006008,0.00170436244529627,0.00307810765593474,0.00648602673457406,0.00902809046398131,0.00856435064444521,0.0026584886810421,0.00436345479666802,0.00308435871601434,0.00381686641517788,0.00767328925211872,0.00388068428004207,0.00434926083095791,0.00552673265527379,0.0027815360273803,0.00654080321776128
0.00290087650346225,0.000875073020540308,0.00569759496289987,0.00715721961419722,0.0069729692113338,0.00170205021348668,0.00307395351108332,0.00647397946831619,0.00902074492176492,0.0085608003849118,0.00265406218170293,0.00435196751414111,0.00308032131240254,0.00381171359029254,0.00767515469510497,0.00387592178019499,0.00433897232577277,0.00551602023716673,0.00277701785347328,0.00653254092697821
0.00290416290301259,0.000876059538114256,0.0057025174958684,0.00716128708275648,0.00697851232671048,0.00170373719154025,0.00309137319621024,0.00647321612568407,0.0090329123555369,0.00856206568543708,0.00266690694549245,0.00437226167489361,0.00309713871165882,0.00381475984037003,0.00768115786952224,0.00389580184915409,0.00436407325057256,0.00551603144170137,0.00278005867541011,0.00654003970952721
0.00290633757369403,0.000876331782682562,0.00570217166600284,0.0071645161063407,0.00697964299567257,0.00170432780247798,0.00307911375630428,0.00647684377780121,0.0090269110261491,0.00855904987843783,0.00265663192921105,0.00435855389786495,0.00308511162981667,0.00381793240409825,0.00767451117446994,0.00387832668972549,0.00434860954757814,0.00552353556383279,0.00278113478313783,0.00654847795833895
0.00290614513972565,0.000875874421378547,0.00570668935992946,0.00716883697011525,0.00698699740093966,0.00170506484333265,0.00307835755214955,0.00647162051173194,0.00903980523709637,0.00857994943467452,0.00265650489713092,0.00435962289386935,0.00308557837420958,0.00381323253780009,0.00768667710184328,0.00388496205822344,0.00434799292864643,0.00552849625478688,0.00278280925870487,0.00655479916323097
0.00290278504890625,0.000875842034130121,0.0056969975526287,0.00716081732599209,0.00697659313266738,0.00170436041723165,0.00307855141922382,0.00647553104905491,0.00902942998229362,0.00855948154788431,0.00265556532315628,0.00435554613826537,0.00308138559037038,0.00381234459071314,0.00766999065776112,0.00387644703761036,0.00434331256203232,0.00552642132766481,0.0027804923910153,0.00653668053841023
0.00290312292880396,0.000875889073997287,0.00570589587990574,0.00716823595198824,0.00698128561923705,0.00170878430817523,0.0030812883970017,0.00648051412210127,0.00903455054531806,0.00856453773095658,0.00265872872754938,0.00436104244395188,0.00308330742301163,0.00381731777651398,0.0076758890655002,0.00388104847326718,0.00434635957646227,0.00553126906879165,0.0027810502701247,0.00654344365197919
0.00290330469524165,0.000875617620448953,0.00570115716425156,0.00716171275627289,0.00697770347624198,0.00170407682554288,0.00307647089326072,0.00647168022911469,0.00903656898287873,0.00855747043036242,0.0026535425349015,0.00435496510644938,0.00308183021706129,0.00381723686189141,0.00767684299303331,0.00387516099242511,0.00434227857250622,0.00551707487162469,0.00278117756618616,0.00653559018778907
0.00290072945801054,0.000875438540400668,0.00570010906188689,0.00715959592970432,0.00697263672595367,0.00170275594059058,0.00307474413403088,0.00647169512661846,0.00902082380665782,0.0085545875842259,0.00265209942045391,0.0043556403158435,0.00308312593614945,0.00381255637293393,0.00767173078703742,0.00387549023554296,0.00434073756160983,0.0055166507758591,0.0027773605228733,0.00653641543581076
0.00289785007433494,0.0008745929186696,0.0056962990692036,0.0071545632503914,0.00696887159647595,0.00170173756733712,0.00307574381536142,0.00646828755780827,0.00901819365043818,0.00854829064802166,0.00265070735740965,0.00435527076532304,0.00307889346930055,0.00381042301409137,0.00766439809794286,0.00387508088614639,0.004338341445487,0.00551172310429047,0.00277535807538922,0.00653205445940959
0.00290754297488203,0.000876269093935079,0.00570559884857285,0.00716590917898574,0.00698376092944141,0.00170603675453781,0.00308120352283907,0.00647972247017666,0.00903670509368577,0.00856601725714586,0.00265746670723749,0.00436179273448179,0.00308357054337276,0.00381889659812984,0.00767537668043694,0.00388045781261966,0.0043470186533724,0.00552776900689609,0.00278166164455615,0.00654241517939294
0.00290106579049943,0.000875133275758229,0.00569775978958708,0.00716009503949067,0.00697718996458354,0.00170356770193387,0.00308005619658099,0.00647319726322203,0.00902543664071417,0.00860430528124751,0.00266062069508456,0.00435713561948647,0.00308178664763662,0.00381490058594238,0.00767037495196635,0.00387739134712558,0.0043426304864456,0.00552255560680197,0.00277874057682213,0.00653700376354929
0.00290202218958379,0.000875923414311041,0.00570135965546585,0.00716416062258784,0.00697644926832286,0.00170404803503192,0.00307676761774336,0.00647595747287214,0.00902797304257588,0.00855880945024319,0.0026540427446488,0.00435664588286687,0.00308309722668856,0.00381468352741715,0.00767261831816351,0.00387845940219675,0.0043432941592679,0.00551720518903956,0.00277970369968794,0.00654087533590193
0.0029048206711563,0.000876058574354313,0.00570779521570975,0.00716559513691709,0.00698325086811139,0.00170604857273869,0.00308108273353042,0.00648046432300219,0.00903336288017796,0.00856374045087068,0.00265788616424554,0.00435866702433721,0.00308444173996201,0.00381732207981533,0.00767584310505596,0.00388156304396623,0.00434678583771904,0.00552935084996426,0.00278166959421155,0.00654195124779139
0.00290228963078314,0.00087534792810714,0.0056993965262446,0.00716174224552718,0.00697344519546561,0.00170955757329963,0.00307515536031731,0.00647442851586966,0.00902268878271077,0.00855527126390636,0.00265553490139949,0.00435298753318095,0.00308036818276816,0.00381368667317192,0.00766706204743775,0.00387907791900753,0.00434086789194243,0.00552328368067682,0.00277868505672321,0.00653705717977505
0.00290080775057415,0.000874971328221281,0.00569825230063922,0.00715839496786572,0.00697276013187982,0.00170340888978068,0.00308303822825095,0.00647695896818299,0.00902514639466778,0.00855614075330236,0.00265613012477395,0.0043556617493803,0.00308863205463467,0.00381208497328312,0.00767110088230007,0.00387735653951256,0.00434291562319995,0.00551941352679289,0.00277738268479072,0.00653800664177464
0.00290134529900814,0.000875049241394686,0.00569791279208042,0.00715935017048199,0.00696907936251784,0.00170388590968655,0.00307710461143388,0.00646729806897352,0.00902310774661392,0.00855329715340894,0.00265748244755082,0.0043526951461391,0.00308089155436999,0.00381203289058698,0.00766000672617437,0.00387829333819947,0.00434325850099038,0.00552630862164721,0.00277790544511744,0.0065346741865109
0.00290672012786095,0.000875784900874277,0.00570350023185341,0.00716182154208047,0.00697870931591448,0.0017031806127892,0.00307661382631459,0.00647271178659601,0.00902971990597864,0.00855869023295848,0.00265293408574581,0.00435437129066889,0.00308316562409804,0.00381421379627663,0.00767207051054239,0.0038771947817496,0.00434376980441032,0.00551718458638802,0.00278214444969567,0.00653821536669012
0.0029045424327435,0.000875586123607918,0.00570210118788968,0.00716534222824042,0.00697927141662043,0.00170538248575138,0.00308031737968584,0.00648069939341001,0.00903171758331806,0.00855969130674318,0.00265826888972864,0.00435961007990954,0.00308322681868711,0.00381733684805089,0.00767503456108999,0.00387835200621803,0.00434520939139377,0.00552818763712247,0.00278214768427697,0.00654052935977761
0.00289973898453965,0.000874973189680769,0.0056972006412796,0.00715596756280441,0.00697066906242152,0.00170358940874739,0.00307930080154799,0.00647401622685852,0.00902497617756437,0.00855425292847229,0.00265573000308905,0.00435625302917502,0.00308134053928951,0.00381306501056544,0.00767374062659611,0.00387908217299031,0.00434233427173747,0.00552294885733983,0.00277845843083364,0.00654329167027988
0.00290434172474007,0.000875480719726939,0.00570027950591713,0.00715885635995384,0.00697978865402314,0.00170488793904094,0.00307624021437388,0.00647408608649762,0.00902574175956913,0.00855437850637722,0.00265621747805169,0.00435780146817022,0.00308150152782376,0.00381371224985888,0.0076755840928961,0.00387608791665637,0.00434103008330242,0.00551734550023983,0.00277791865204271,0.00653612741655605
0.00290511417754621,0.000875364132757368,0.00570514966457337,0.00715813272154929,0.00698059894361663,0.00170513949409968,0.00307984084364436,0.0064801894137558,0.00903132694801864,0.0085553984958826,0.00265582510541653,0.00435737400941809,0.00308531976762993,0.00381690453849019,0.00767898621248948,0.00388077569576825,0.00434543087248592,0.00552259495999145,0.00277879460972239,0.00654247097907789
0.00290071562064918,0.000875685149229189,0.00570046790465062,0.00716203647767514,0.0069770634637242,0.00170387466809843,0.00307603170737635,0.00647402283472347,0.00902660818698437,0.00855640357053707,0.00265241479005749,0.00435425734741905,0.0030848777957065,0.00381324027106487,0.00766951077012851,0.00387749798417123,0.00434175919485973,0.0055174606255896,0.00277834906139354,0.00653809093968308
0.00290349722128605,0.000876492686168718,0.00570239478523228,0.00716715088405147,0.00698307106067138,0.0017054259583001,0.00308098755434022,0.00648128479086289,0.00902811689220676,0.00856461178805256,0.00265830385725838,0.0043588027272528,0.00308450714660463,0.00381561209823492,0.00767689355997951,0.0038797306841368,0.00434867767182493,0.00553004985199358,0.00278340402453445,0.0065425032646969
0.00290603471412265,0.000876275875229242,0.00570948464106824,0.00716872601851439,0.00698218915247509,0.00170674674373047,0.0030822666664528,0.00648234244788523,0.00904331084088766,0.00857499452598457,0.00266663407071125,0.00435817869458262,0.00308741412102143,0.00381792562526028,0.00768432174109017,0.00388004491459487,0.00434868751294909,0.00552409521684451,0.00278406095327475,0.00654841779722196
0.00290798662004346,0.000875252776998237,0.00569691450282595,0.00715980457724973,0.00697357534073051,0.00171295145730575,0.00307680540021865,0.00647167886863051,0.00902133781686146,0.00857045574745252,0.0026539890382934,0.00435478047613742,0.00308135851233083,0.00381363398383079,0.00767005359254073,0.0038824462518693,0.00434847697298563,0.00551582441792518,0.00277858660029798,0.00653569392016852
0.00290479051327835,0.000876353781269628,0.0057045009413807,0.0071679841661544,0.00697799707828781,0.00170561741359494,0.00308144460262269,0.00647895401874253,0.00903477323120689,0.00856045559112712,0.00265928213841187,0.0043602380894722,0.00308481187584688,0.00381751898000264,0.00767162465163438,0.00387910369597084,0.00434614846602849,0.00552914817921724,0.00278294236157488,0.00654018837464348
0.00290314032248527,0.000876082886345563,0.00570509628321816,0.00716338771552833,0.00697841743724474,0.00170423632581324,0.00307636552387543,0.00647452913900435,0.00902383694874866,0.00855930148559283,0.00265394385417406,0.00435858358485517,0.00308310274854885,0.00381617006247095,0.00767126869272916,0.00387904923714382,0.00434360273054999,0.0055199149586767,0.00278060869664898,0.00653830869179581
0.00290145612923313,0.000875843379007204,0.00570226261175067,0.00716232610264577,0.00697681375368236,0.00170476948504425,0.00307969972960675,0.00647702050134166,0.00903187776884376,0.00856039381581941,0.00265704235756694,0.00435636672823041,0.00308261978169084,0.00381556115360294,0.00767096849124108,0.00387825746296738,0.00434468842501048,0.005527946388392,0.00277990043621528,0.00654015704751295
0.00290591128981971,0.00087587463258666,0.00570858997975936,0.00716778735446857,0.00698226498996004,0.00171532640437113,0.00308499788798093,0.00648124845215997,0.00908757055428657,0.00856209153237089,0.00266454187789148,0.00436005892203234,0.00308795006938741,0.00382145261204877,0.00767960075049184,0.00388086121938097,0.00434901984314038,0.00552458469516975,0.0027826935606181,0.00654990952439209
0.00290172176895658,0.000875273348811949,0.00569891772519643,0.00715721165129368,0.00697420564194811,0.00170789465672343,0.00307439025521563,0.00647004950969534,0.00901925835061812,0.00855025248717018,0.00265276320732277,0.00435233121916361,0.00308169592383811,0.00381441577503983,0.00766701834897711,0.00387606755354629,0.00433963770466438,0.00551367012881716,0.00277669269087029,0.0065403761029646
0.00290528877196124,0.000876237087692034,0.00570340703586177,0.00717131688323912,0.00698054260906377,0.00170646151906478,0.00308280836038042,0.00647974725707804,0.00904048887071606,0.00856202039452254,0.00265657002768378,0.00435716394417824,0.00308557120576733,0.0038162298365643,0.00767938125878852,0.00388054113079755,0.00434564681094478,0.00552803554776416,0.00278067036714046,0.00655550471849641
0.0029038059385845,0.000876343897138637,0.00570261737886296,0.00716620109877881,0.00698695952887299,0.00170513520889838,0.00308220634411772,0.00647913935009717,0.00903778034662907,0.00856567376338092,0.00265563540022171,0.00435850724922842,0.00308463429167051,0.00381814759301346,0.00767449649410939,0.00387970280886782,0.00434588584006442,0.00552508565766536,0.00277911026227967,0.00654217902056072
0.00289920732939681,0.000875183365905956,0.00570054969876819,0.00715989329341908,0.00697484957749815,0.00170522264857817,0.00307494183443416,0.00647171389203189,0.00902794338050717,0.00855631778564823,0.00265203406899246,0.00435381009276568,0.00308488067135287,0.00381178830720835,0.00766746984937675,0.00387527064703042,0.00434320787088567,0.00551804402282677,0.00278235822538674,0.00653520001214481
0.00290243537531388,0.000876266813694857,0.00570218179390476,0.00716253514297625,0.00697884518447553,0.00170422926817208,0.00307722215335328,0.00648941539743934,0.00902565121673257,0.00858047096031714,0.00265383564853832,0.00435575077882449,0.00308265231670196,0.0038154989272625,0.00767360797190111,0.00387788631609222,0.00434409738629987,0.00552200123637253,0.00277892010453406,0.00655359041497591
0.00290377682110169,0.000874710079757647,0.00569785416967194,0.00715396349955374,0.00697301904644329,0.00170243737809424,0.00307682477627806,0.00646610526173371,0.00902429950736049,0.00855790116833397,0.00265574297461703,0.00435428443263945,0.00308128751343066,0.00381329548898628,0.00767832316226931,0.00387273278528562,0.00434224128681846,0.00552034584016216,0.00277834035559699,0.00654063594607969
0.00290492456612376,0.000876095106930011,0.00570538428956346,0.00716549290152464,0.00698143333039186,0.00170483109467654,0.00307815424693104,0.00647873517291859,0.00903209682651126,0.0085612790679433,0.00265734458461532,0.00436061405849211,0.00308320562904518,0.0038153154756597,0.00767517729072422,0.00387811353547841,0.00434471035998179,0.00552241420143617,0.00278037358071064,0.00654049310632861
0.00290410076751937,0.000875747032244664,0.00570276725581048,0.00716114299245585,0.00697641849113271,0.00170505750789619,0.00307946409903473,0.00647591397350378,0.00902877598529381,0.00856617817386412,0.00265460432079142,0.0043548878121057,0.00308521365565268,0.00381327089435386,0.0076730578419581,0.00387703223803815,0.00434690669048058,0.00551916534090976,0.00277967039790944,0.00654342009023786
0.00289835665218734,0.000874813682474316,0.00569652297204165,0.0071574399762854,0.00696898298959273,0.00170193869626924,0.00307311011368738,0.00646923979062241,0.00901732089891723,0.00854811164955206,0.0026512968357777,0.00435046887754991,0.0030801471185947,0.00381081920628045,0.00766406074610155,0.00387432305472545,0.00433893271914422,0.00551308993751447,0.00277517659641013,0.00653500882575094
0.00290548308269579,0.000876342006229457,0.00570476207734099,0.00716714340950413,0.00698197302118487,0.00170490209557808,0.00308069606586833,0.0064818740739539,0.00902636449386685,0.00856519347563731,0.0026586762361806,0.00435817032054435,0.0030838471070964,0.00381632926424219,0.00767416235591372,0.00387924983758686,0.00434239266289902,0.00552978252830917,0.00278030812875314,0.00654217365411873
0.00290519688966174,0.000876204892931533,0.00570438501926174,0.00716431144944426,0.00698109932503068,0.00170568843067063,0.0030772537901587,0.00647772562227383,0.00903173108877902,0.00856367591645146,0.00265516406973433,0.00435639518249476,0.00308624375058787,0.00381619602553323,0.00767426362557684,0.00387806613767311,0.00434543706047029,0.0055206712786803,0.00278036348053456,0.00654358866543974
0.00289903009193093,0.00087493029018655,0.0056974226944395,0.00715509345010301,0.00697371990640416,0.00170284887098869,0.00307469053457364,0.00646863176806988,0.00901903812669981,0.0085536047682604,0.00265108424755549,0.00435089120733427,0.00307911295000137,0.00381087647574574,0.00766689625462421,0.00387320136597564,0.00433893131544457,0.00551454647283714,0.00277729369159898,0.00653447872893414
0.00290402029140007,0.000875608321950318,0.00570085060249407,0.00716657835956358,0.00697686269110566,0.00170398395290842,0.00308831030395757,0.00647558188945907,0.0090300937482132,0.00856010536020195,0.00265844324648311,0.00435456720659733,0.00308263370756653,0.00381391206299798,0.00767008560391558,0.00388046808559653,0.00434176038580982,0.00552498808843368,0.00277913562421833,0.00653452377021199
0.00290417113896585,0.000875818376031524,0.00570555945224561,0.00716851160320695,0.0069824695323167,0.00170529833939405,0.00308039288931399,0.00648120788756236,0.0090357928902959,0.00856354800026902,0.00265851677758234,0.0043585817022112,0.00308442584749657,0.00381759689298201,0.00767630657927374,0.0038807538253633,0.00434689093625123,0.00552957841238639,0.00278093907564694,0.00654501486839884
0.00290313282190797,0.000876466938192104,0.00570327761858292,0.00716647351487655,0.00698118061437189,0.00170546235110848,0.00308185917108734,0.00648235547476057,0.00903928176146105,0.00856353746939181,0.00265884326669536,0.00435820425289822,0.00308389555770423,0.00382028423367452,0.00767921483128528,0.00388329565910099,0.00434895867402674,0.00552980092281844,0.00278200316210314,0.00654229952785889
0.00290408015937354,0.000875928065614845,0.00570164730352762,0.00715850554448774,0.00697843243671691,0.00170348404801614,0.00307988729565148,0.00647571276649763,0.00902943524823324,0.00856707415684139,0.00266475053957054,0.00436010953825725,0.00308340950675566,0.00381841882139069,0.0076735558158983,0.00387697105609937,0.00434268115248804,0.00552007672087197,0.0027891293828805,0.00653947415046494
0.00290952409177671,0.000876657551567639,0.00570421504423514,0.00716612712638513,0.00698130478051282,0.00170454408658568,0.00308221654623372,0.00647825283611908,0.00903056015416273,0.0085653324012942,0.00265623390176059,0.0043583340446371,0.00308320681474395,0.00381685280225405,0.00768564837414862,0.00388097703427131,0.00434377763121108,0.00552199707908647,0.00278193007567311,0.00653931215680256
0.00290365284045099,0.000876104463078032,0.00570527560757395,0.0071668072562507,0.00697976435987412,0.00170598650878632,0.00308208462634921,0.00647625189838313,0.00903227000997193,0.00856460534738549,0.0026588512626523,0.00435972793921975,0.00308376537711261,0.00381586195097056,0.00767649655567205,0.00387982280239428,0.00434667860291664,0.00552865507809358,0.002780446733267,0.00654140264536601
0.00290312367667932,0.000876327097415395,0.00570515271460492,0.00716500507720709,0.00697954376608402,0.00170633977220765,0.00308043636868682,0.00647926055894092,0.00903230195356991,0.00856143467397109,0.00265815109408516,0.00436009804498188,0.0030833194875765,0.00381780495720198,0.0076767956344139,0.00388084987599469,0.00434765250368536,0.00552825209755618,0.00278214623349767,0.00654220985876876
0.00290001106105327,0.000875554112198289,0.00570081393586535,0.00715968679700001,0.00697419981614618,0.00170389520577942,0.00307616324914119,0.0064733070507066,0.00902260103207673,0.00855598950004472,0.00265298929237113,0.00435445101237955,0.00308211174142107,0.00381558631979271,0.00766718294717658,0.00388309191861553,0.00434219557930223,0.00551862691781302,0.00277892384193335,0.00653728453413339
0.00290607438006626,0.000876154104449905,0.00570596676491029,0.00716499588160258,0.00698006993069057,0.00171170211973715,0.00307909932961482,0.00647843588932166,0.00903570821174531,0.0085662624107049,0.00265575897020971,0.00435977514095585,0.00308421738658725,0.0038205927531156,0.00767373004241634,0.00387930395882974,0.00434326700873436,0.00552225778482188,0.00278304238203715,0.00654345654305184
0.00290367583087204,0.000876348856229168,0.00570072993212701,0.00716084738735466,0.00698187771932278,0.00170481985569912,0.00307629516661429,0.0064784088068475,0.00903110125594773,0.00856235850027096,0.00265445268773056,0.00435584700505537,0.00308356785428073,0.00381491601129307,0.00767116980863115,0.00387702821084953,0.00434331006462272,0.00552010366690384,0.00277914525600699,0.00654109668553237
0.00290093363891007,0.000875833602410652,0.00569864012729685,0.00715671916215078,0.00697733019657316,0.0017054900981064,0.00308001080786033,0.00647378884670216,0.00902955989084839,0.00856157317930209,0.00265974648922247,0.00435963554380467,0.00308357325548529,0.00381380339905518,0.00767253431743919,0.00387804074763418,0.00434434858462133,0.00553107625158859,0.00277978659435847,0.00654012594262204
0.00290158376668153,0.000876355340458703,0.00570786164835569,0.00716669391898462,0.00698234399332356,0.00170556059186479,0.00308387685787945,0.00648125828652837,0.00903173122987207,0.00856348385894536,0.0026576158423953,0.00435880266642664,0.00308548591202858,0.00381792873314802,0.00767810096763287,0.00388059242427626,0.00434791667796234,0.00552666706423865,0.0027813153876894,0.00654637712696868
0.0029053007123282,0.000875505792453332,0.00570059911311444,0.00715778267355395,0.00697597915897266,0.00170249186786607,0.00307464415918778,0.00647206769024057,0.00903540801110193,0.00855837353805082,0.00265220637337733,0.00435468389286571,0.00308164212782965,0.00381310388938183,0.00766906129177091,0.00388107147564545,0.00434118513254971,0.00551558483573598,0.00278168763309263,0.00653508126172992
0.00290731657254125,0.000876550741901209,0.00570546774286645,0.00716907997642073,0.00697796963556809,0.00170598061286721,0.0030819166976201,0.00648156506047295,0.00903604040017341,0.0085633394411143,0.00265841417213945,0.00435939946218822,0.00308553067005248,0.00381680567503494,0.00767788761896423,0.00387784532418958,0.00434692593076863,0.00552966901037328,0.00277973675953723,0.00654667380506849
0.0029034400743047,0.000875783875211305,0.00570306842795371,0.00716285509146912,0.00697471190719149,0.00170460244940365,0.00307814731779904,0.00647818883640066,0.00902869550645314,0.00857061747010212,0.00265586594337045,0.00435727522681698,0.00308337622494741,0.00381470910413697,0.00767163146126936,0.00387722382940052,0.00434698234493188,0.0055251424982862,0.00278015359624959,0.00654023199357621
0.00290027120203518,0.00087533689228523,0.00569557823014113,0.00715357317719057,0.0069709590200702,0.00170174671563472,0.00307533633216452,0.00647066639857461,0.00901678359863571,0.00854833756396356,0.00265364330750798,0.00435427215046822,0.00308098741132592,0.00381280433880474,0.00766123793373526,0.00387261806317299,0.00434088197384248,0.00551996218565001,0.00277736555289776,0.00652982455042218
0.00290691300521374,0.000875858745511239,0.00570248933062293,0.00716615569713095,0.00698354442201172,0.00170502321757065,0.00307874767725985,0.00648226243297335,0.00905035099649898,0.00856206976539988,0.00265950979805002,0.00436098701785562,0.00308600224601911,0.00381676664035224,0.00768205017659007,0.00388326992207646,0.00434575052672906,0.00552564378420012,0.00278379894726538,0.00654209751532627
0.00290580610649799,0.00087651602170677,0.0057024999403538,0.00716205622535139,0.00697689528390374,0.00170402969362772,0.00307714813218473,0.00647727412723047,0.00903957723122447,0.00856405596652778,0.00265483527971125,0.00435758003675329,0.00308362071225515,0.0038171724436065,0.00768201185025532,0.00388238147762232,0.00434425964749303,0.00552412193980639,0.002779880665183,0.00653932594622481
0.00290759653772669,0.000875972586004425,0.00570488104859343,0.00716214922677399,0.00697750684781332,0.00170613280085807,0.00308012646834753,0.00647830075727468,0.00903016858983843,0.00856015358515331,0.0026567523149119,0.00435996511912375,0.00308370056433367,0.00382152015200653,0.00767775877641187,0.00388176395327899,0.00434426860603125,0.00552332314910561,0.00277978996498888,0.00654821218729329
0.00290330443423277,0.000875722412383539,0.00570056765795641,0.00715831501726407,0.00697751985301747,0.0017048754311707,0.00308711077625135,0.00647212678798724,0.00902425008172916,0.00856463586466303,0.00265309198435793,0.00435796567556638,0.00308037997824369,0.00381591232902524,0.0076690199641838,0.00387668380951498,0.00434056611029352,0.00552216598828113,0.0027804184711972,0.00654332291986101
0.00290308536510922,0.000876826058447802,0.00570430466051548,0.00716581763266479,0.00698015292429096,0.00170456685084945,0.0030814310341974,0.00647890131435674,0.00903414301449586,0.00858428618767627,0.00265776462448632,0.00435637694763426,0.00308489682762745,0.00381763209485813,0.00768099839236711,0.00387896882900476,0.00434606693593398,0.00552181358644627,0.00277948333563118,0.00654209789710707
0.0029041340243029,0.000876170223933498,0.00570083315483696,0.00716581428692184,0.00697726506217141,0.00170524894307492,0.00308211878086476,0.00647873152899623,0.00903364616483824,0.00856206265826091,0.00265718568836968,0.0043573333412995,0.00308362608520602,0.00381718567601714,0.00767583932489789,0.00388058263168986,0.0043469989845719,0.0055260714748369,0.00278136853990867,0.00654130075300125
0.00290545174306955,0.000875747316435132,0.00569941962806209,0.00715576436399697,0.00697587381604187,0.00170339559472262,0.00307679175634622,0.00647205744964318,0.00902367636123894,0.00855693684926795,0.0026544839136495,0.0043537355609518,0.00308213467602193,0.00381176491642082,0.00766938291155168,0.0038756175513817,0.00434106287755184,0.00552405480338208,0.00277822719466639,0.00653561732858446
0.00290255819675116,0.000875904656545378,0.00570514161977359,0.00716035161407827,0.00697548788310511,0.00170552134891816,0.00307927702749049,0.00647768355623169,0.00903461760091582,0.00856618367582433,0.00265693403543275,0.00435829124812524,0.00308379428619224,0.00381455929007743,0.00767285688080476,0.00387754201680366,0.0043437474694495,0.00552832923513983,0.00278030281315681,0.00654019905305294
0.00290873578911594,0.000875963930382207,0.00570352159399637,0.0071667809921794,0.00698242548263421,0.00170496622603618,0.00308334713046558,0.00647877285986579,0.00903126543580417,0.00856662856473304,0.00265618442960789,0.00436053579993147,0.00308420832287049,0.00381641346180766,0.00768792761653124,0.00388125867825641,0.00434632072304265,0.00552357285399171,0.00278150691977774,0.00654332476090237
0.00290225323229006,0.000875080230602563,0.0056989059405728,0.00715706164909752,0.00697357065257969,0.00170360116014886,0.00307553143087062,0.00647111871204832,0.0090213374613373,0.00856264066265512,0.00265238431892912,0.00435317133371989,0.00308087152096387,0.00381422333596245,0.00766564101400706,0.00387543492116288,0.00434123402396557,0.00551778016404471,0.00278732389581956,0.00653972850223543
0.00290198325030186,0.000875832816028555,0.00570347084549221,0.00716506856595111,0.00697725690129463,0.00170385359424956,0.00308338767275915,0.00647659880085068,0.00902675982191343,0.00856010029890667,0.00265434976528275,0.00435840218151837,0.0030922126919864,0.00382383681344234,0.00768981247199833,0.00388741957427194,0.00435207987650489,0.00552054866429189,0.00278084719129422,0.00655175629508792
0.00290338342457019,0.000876300471007678,0.00570390898304205,0.00716242652925565,0.00697828065341444,0.00170418282538555,0.00307746648360943,0.00647975591082717,0.00903575846152502,0.00855914781369853,0.00265548030470549,0.00435791893477806,0.00308229881854984,0.00381571187176408,0.00767278335236789,0.00387756167167897,0.00434484692380051,0.00552424949581304,0.00278100515682718,0.00654118213614216
0.00290696879958358,0.000875929829861549,0.00569836166853249,0.00715858470676843,0.00697775013795978,0.00170499712794351,0.00307686101669892,0.00648310733831256,0.00903181546577093,0.00855781926961704,0.00265489169436579,0.0043588956589285,0.00308531607455199,0.0038159608006615,0.00767140716555787,0.00387676759173254,0.00434244031677546,0.00552883654299531,0.00278011780513027,0.00653709505020321
0.00290132691510578,0.000875831214228274,0.00570098043946989,0.00716227500904179,0.00697945792026432,0.00170413551330636,0.00307614967793229,0.00649054765648366,0.00903074772576706,0.00856095705345405,0.00265301405160779,0.00435679804616786,0.00308417646591455,0.00381541029005645,0.00767296950101144,0.00387718257384105,0.00434397354918008,0.00552023916687751,0.00277952552401867,0.00655125594427814
0.00290283256979464,0.000875997362412629,0.00570279374635718,0.00715785359765361,0.00697452664505616,0.00170560009984893,0.00308142921846691,0.0064780175037556,0.0090283306959687,0.00856286987085694,0.00265787277881004,0.00435518939761017,0.00308266269116808,0.00381341178396288,0.00767023209997851,0.00387872655307591,0.00434299197468349,0.0055287838013833,0.00277941123926039,0.00653681314009982
0.00290309759410726,0.000875766106539986,0.00570011491591351,0.00715966972887284,0.00697532137072283,0.00170758897463934,0.00307924681061153,0.00647438939778257,0.00903194691557864,0.00856645801576523,0.00265652559171884,0.00435934857116552,0.00308231613094881,0.00381539758945636,0.00767066105509941,0.00387687131833753,0.00434282635881253,0.00552285692404612,0.00278844096649846,0.00653932772300782
0.00290626822446152,0.000876254029279863,0.00570302826744231,0.00716592851791725,0.00697969727686544,0.00170564977311162,0.00307946317341729,0.00647979131192802,0.00903429528188178,0.00856042845467115,0.00265727284659657,0.00435764859929131,0.0030838741634971,0.00381926942131134,0.00767429350912518,0.00388290012810643,0.00434729489432877,0.00552289365797379,0.00278356413589534,0.00654933306368681
0.00290359608044758,0.000875073588666301,0.00569957750553312,0.00716114904767387,0.00697242104200649,0.00170485004172888,0.00307809765745018,0.00646988354676395,0.00902911579701806,0.00855165776083076,0.00265510322347385,0.00435203751581914,0.00308413142173523,0.00381200894451507,0.00766752172533357,0.00387461118081967,0.0043411785205164,0.00552223706831724,0.00277985219758925,0.00653256594290862
0.00290326725840219,0.000876425869046293,0.00570259262502788,0.00715891534565782,0.00698084037087126,0.00170368399882426,0.0030752418556728,0.00647405405685131,0.00902986735003351,0.00855650759666829,0.00265475104643312,0.00435513042292761,0.00308182786124707,0.00381469033431313,0.00767122349002224,0.00387782014183295,0.00434651247463881,0.00551810683324703,0.0027805375845923,0.00653785251138905
0.00290569832386872,0.000876060473405384,0.00570445437683176,0.00716603378790553,0.0069802629014531,0.00170697936904568,0.00307929236555922,0.00648170842685294,0.0090366629085465,0.00856928869892567,0.00265617006127637,0.0043586615114312,0.00308415687843125,0.0038172929064698,0.0076733312561525,0.00388015724475037,0.00434782360150103,0.00552841117312355,0.00278035885388979,0.00654264483943161
0.00290265122841799,0.000875577803991738,0.00570075692597667,0.00715882416539154,0.00697315016191371,0.00170490067261907,0.00307827745627039,0.00647541045274236,0.00903124125799356,0.00855851821881963,0.00265602754667857,0.00435635370816789,0.00308197944374195,0.00381313500367618,0.00766971738013273,0.00387734182675941,0.00434440512176327,0.00552503093820096,0.00277928535207552,0.00653589666871083
0.00290431265665145,0.00087648187099904,0.00570582715799609,0.00716514273920992,0.00698060435174164,0.00170541367321083,0.00307921009860518,0.00648292708476746,0.00904614333395315,0.00857246947803278,0.00266529351715228,0.00436220362398489,0.00308316991090238,0.00382010107710827,0.00767285176737053,0.00388256789517053,0.00434768640414799,0.00552514123505348,0.0027814391965572,0.00654657193642148
0.0029017821670794,0.000875646457586787,0.00570134216260399,0.00716037200168282,0.00697662456634668,0.00170399083461374,0.00307694521589334,0.00647616656806758,0.00902262793575395,0.00855631887439538,0.00265499719400113,0.00435415182293824,0.00308134687354895,0.00381308096025422,0.00766652163201804,0.00387643974167899,0.00434450152495571,0.0055225561267386,0.00277816362420819,0.00653726115404616
0.00290554848546254,0.000876098128785438,0.00570124306679522,0.00716630149864305,0.00697894064501972,0.00170475083269379,0.00307795716223577,0.00647903881918147,0.00902418040386928,0.00856059037181136,0.00265739798033667,0.00435497018222401,0.0030834545264281,0.00381495615589342,0.00767410632432155,0.00387803695594861,0.00434416068471566,0.005527447288256,0.0027800579528085,0.00653735178581321
0.00290446747367223,0.000875708682890076,0.0057021008041304,0.00716230908656821,0.00698127226966347,0.00170354283679549,0.00307998921620903,0.00647680493399248,0.00903275531555435,0.00856961092401444,0.00266509107282364,0.00435514615374854,0.00308358226248928,0.00381615152309256,0.0076710387193892,0.00387887277800486,0.00434724563505821,0.00551961022822894,0.00278966270889607,0.00653867040461354
0.00290238916520485,0.000874965498976305,0.00569956324900289,0.00716121161970454,0.00697217680652449,0.00170601773813567,0.00307660883251385,0.00647152328976486,0.00902665941469104,0.00855871176829258,0.002654400873533,0.0043541332665162,0.00308253519252225,0.00381059860976229,0.00767138352718983,0.00387797522134811,0.00434195126125963,0.00552090795406307,0.0027807041864784,0.00653577479168364
0.00290413381254476,0.00087535222257561,0.00570207095928528,0.00716433458537057,0.00698014617373005,0.00170400242066739,0.00307842344327425,0.00647583073005593,0.00902703066358561,0.00855985667412828,0.00265611909868126,0.00435753968589264,0.00308231878888354,0.00381475906902018,0.00767042571103775,0.00387796688468824,0.00435090180979582,0.00552338126599567,0.00277921884972896,0.00653828990584749
0.00290166501705799,0.000875745538880275,0.00570108524655811,0.00716210635765978,0.00697727401089346,0.00170326608586878,0.00307532173002375,0.00647920027420421,0.00902385278829704,0.0085566466703035,0.00265316658336563,0.00435867405085293,0.0030812879825446,0.003816447401273,0.00766969181806703,0.00387561421969759,0.00434190021811609,0.00551943929758943,0.00277854126678889,0.00654043836425971
0.00290365687031932,0.000876513987816562,0.00570796114766325,0.0071649971001572,0.00698127660098268,0.001705856399175,0.00308104320986568,0.00648151193846944,0.00903818170007825,0.00856568747969272,0.00265906398197823,0.0043604605988333,0.00308501074837342,0.003818141156435,0.00768233131568697,0.0038795675092952,0.00434598110059583,0.00553297829783943,0.00278184425605779,0.00654237446590195
0.00290234600119912,0.000876279523358659,0.00569529725740859,0.00715734578551491,0.00697919530840882,0.00170387910347038,0.00307806553020224,0.00649083221914819,0.00902098071579994,0.00855695701349416,0.00265491441844756,0.00435399635283619,0.00308223242863451,0.0038167404846149,0.00767423699135034,0.00387628718568712,0.0043431545575198,0.00552219407303751,0.00277908197177762,0.00654210851390149
0.00290668757909323,0.000875758361165403,0.00570160885100305,0.00716363185987012,0.00698134345049113,0.00170375611568855,0.00307738865903714,0.00647613882633472,0.00903446410990097,0.00855914859291755,0.00265380997574237,0.00435619564273261,0.00308320657662102,0.00381437735831776,0.00767123489274349,0.00387747914642904,0.00434250416991272,0.0055200415648949,0.00277916147553489,0.00654050357118754
0.00290523053907079,0.000876480610866351,0.00570490662467335,0.00716857132620009,0.00698349883767669,0.00170608924346299,0.00308451596785192,0.00648141262017406,0.00903689092115458,0.00856409569334037,0.00265998390970789,0.00436142057865922,0.00308519087369195,0.00381919555905869,0.00767768066843538,0.00388239965158385,0.00434672559694717,0.00553249548497006,0.00278149216404507,0.00654462050518141
0.00290390601323332,0.00087516881611448,0.00569943074706908,0.00715492837228325,0.00697304825470561,0.00170462489723675,0.00307678764475784,0.00647062138554248,0.00902366036936705,0.00855789182838147,0.0026543802672654,0.00435620375241871,0.00308343782093928,0.00381531054294971,0.00767068798040149,0.00387722629152503,0.00434362242369352,0.00551661354872482,0.0027778739445959,0.00653583260339438
0.00290378783761002,0.00087616821483322,0.00570282834409716,0.00716856142361652,0.00698043274531104,0.00170708861184031,0.00308304358698135,0.00648181162989071,0.00903771827621657,0.00856837173413755,0.00265787629103056,0.00436058057852427,0.00308501165777167,0.00381901947179506,0.00767827151213136,0.0038811608585429,0.00434887655361795,0.00552782868012596,0.00278159506716734,0.00654969936963407
0.00289978305941124,0.000875634361408822,0.00570024437776433,0.00716021474006232,0.00697588754928442,0.00170410657074841,0.00307641907382686,0.00647509865106647,0.0090255077415826,0.00855595812620824,0.00265417627778467,0.00435484396630846,0.00308138085451347,0.00381261274420772,0.00767013889619604,0.00387681252104029,0.00434299253724998,0.00552501643081079,0.00277877258534094,0.00653642257258971
0.00290205874869456,0.000875448787028161,0.0056988683212359,0.00715827134508075,0.00697396325863362,0.00170328703666354,0.00307930366548998,0.00647208996388115,0.00902090724004178,0.00855097829601031,0.00265457687894098,0.00435563909949833,0.0030804938120521,0.00381278254500286,0.00766758103157291,0.00387443340493148,0.00434182971374135,0.00552397664554043,0.00277962586257699,0.00653446588811898
0.00290708176077048,0.000876007105953126,0.00570719030139543,0.00716681249414074,0.0069813421861696,0.00170634522084866,0.00307871814580503,0.00648499067306504,0.0090354206902629,0.00856574447598509,0.00265879851884933,0.00435835402321459,0.00308495879533179,0.00382070385942795,0.00768505648898204,0.00388024295550888,0.00434271941249705,0.00552070806859008,0.00278108666069056,0.00654294983138747
0.00290337499161256,0.000876435398290507,0.00569855384444407,0.0071664881302704,0.00697608656579421,0.00170400265244456,0.00307582914479831,0.00651988580528762,0.00902721533299866,0.00855663377028226,0.00265922563194364,0.00435572387352824,0.00308388122818437,0.00381360566265605,0.00767559264417665,0.00387479968941421,0.00434214091866969,0.00552554348331757,0.00277803254273434,0.00653813643327731
0.00290406827157093,0.000875858535767221,0.00570583924025406,0.0071636893931402,0.00697777537431193,0.00170489889344959,0.00308127882016521,0.00647958414746659,0.00903777524583611,0.00856353261102481,0.00265766542665419,0.00435750577642696,0.00308463498280385,0.00381548759721266,0.00767972009632984,0.00387864599688291,0.00434727340307954,0.00552755379470939,0.0027819103628061,0.00654397560436021
0.00290540499079799,0.000875884743859201,0.00570233447091717,0.00716508160630219,0.00698228111811103,0.00170360062190304,0.00307899477670246,0.00647491188585021,0.00902896554835129,0.00856115280856722,0.00265427246092964,0.0043583543544388,0.00308300783838866,0.00381517201839173,0.00767347567799349,0.00388045463706093,0.00434600567420077,0.00552024827644119,0.00277896424550841,0.00654373557412209
0.00290643302403905,0.000875815393688045,0.00569983815418872,0.00715976617183172,0.00697463525909046,0.00170255281939994,0.00307886489905273,0.00647140909368059,0.00903597127665913,0.00855591783731813,0.00265288388449507,0.0043595256023542,0.00308159094845936,0.00381271914758463,0.00766823509144766,0.00387924626539165,0.00434077675743217,0.00552045250691391,0.00279115392619959,0.00653475341651244
0.00290403350710186,0.000876010229939948,0.00570265611439222,0.00716857197470615,0.00697254751647439,0.00170736394560247,0.00307542293837281,0.00647408593838936,0.00902297708513614,0.00855268132410238,0.00265605956406663,0.00435815215771457,0.00308183428690018,0.00381531242416162,0.00767636978272697,0.00387744497669516,0.00434408609217762,0.00551898207055495,0.00277825008205589,0.00653788638941411
0.00290773994436063,0.000876066439523155,0.00570513532643821,0.00716425771700209,0.00697900472796997,0.00170438661023464,0.00307726627295014,0.00647678349850949,0.00902724974832985,0.00856356256216341,0.00265546335195046,0.00435910567748239,0.00308355156489248,0.00381600959169038,0.00767623094449471,0.00388171165270067,0.00434435461844284,0.0055262156952648,0.00278350767973354,0.00654735754036575
0.00290322717551578,0.000876161019100669,0.00570644041701263,0.00716658813783708,0.00698004583809792,0.00170452693367601,0.00308101928254539,0.00647616958176752,0.00903253226264974,0.0085635441547183,0.00265222067907384,0.00435448965321266,0.00308272504542032,0.00381671834271447,0.00768793947541324,0.00387577248450184,0.0043450479876405,0.00552328808178033,0.00277822866875239,0.00653775949847182
0.00290672234878187,0.00087566638381551,0.00570459545165929,0.0071657440346757,0.00698117412611197,0.00170397526727359,0.00307924746901211,0.00648136459101049,0.00902688440024116,0.00855802357784278,0.00265547073600714,0.00435579912922236,0.00308450301537669,0.00381712391327476,0.0076752000596904,0.00387787285821125,0.00434388883382033,0.00552140856026008,0.00278186669788996,0.0065474780266038
0.00290218171924347,0.000875618369867639,0.00570083215310242,0.00716173498388016,0.00697439520669487,0.00170448367009121,0.00308018592963998,0.00647642149311551,0.00902788596617301,0.00855421608685631,0.00265697226552807,0.00435683297049576,0.00308202373412236,0.00381465099408622,0.00767311981099946,0.00387997497428802,0.00434714810239566,0.0055232824713808,0.00278034114860814,0.0065409043567436
0.0029009588717168,0.000875967928280449,0.0057008837032463,0.00715965359449515,0.00697521350844901,0.00170353741811079,0.0030760767460558,0.00648908191357854,0.00902307145438044,0.00855792342558266,0.00265284766556123,0.00435447452991664,0.00308201199086148,0.00381372861469595,0.00767293929390737,0.00387615350804951,0.00434114646111925,0.00551798552017633,0.00277817257137904,0.0065372816359245
0.00290258727083002,0.000876248478493583,0.00570294104314314,0.00716348053004233,0.0069772499208717,0.00170505311088585,0.00307921616878639,0.00648063681302048,0.00903264219257413,0.00855812450385212,0.00265629016806297,0.00435611602980083,0.00308442682705307,0.00381490472254863,0.00767483197832262,0.00387862583349809,0.00434358357854691,0.00552739130406211,0.00278334631000859,0.00653772847228263
0.00290286172580426,0.000876314502221033,0.00570420003619882,0.0071659649863547,0.00697835360371776,0.00170429602475855,0.00307677252921121,0.00647673637259133,0.00903130610226085,0.00856260799674712,0.00265750194031997,0.00435746957174963,0.00308451313939044,0.00381611240113542,0.00767277860667203,0.00387834043388344,0.00434501790997961,0.00552136224777345,0.00278017921206324,0.00654300476936124
0.0029028602381666,0.000874937743523511,0.00569623286177244,0.00715468115363135,0.00697042559965045,0.00170240073858396,0.00307738802982487,0.00647817596141478,0.00902171429168393,0.00855233444940411,0.00265261029242274,0.00435370440783155,0.00308127169153184,0.0038112920911439,0.00766867987794855,0.00387443967887807,0.00433896561994729,0.00551920219629585,0.00277617138344191,0.00653297564440432
0.00290515666044627,0.000876240973575832,0.00570444823684155,0.00716464972041262,0.00698484072707558,0.00170492409571064,0.00307866062032182,0.00647869155992505,0.00903074593479395,0.00857051379750585,0.00265823860025567,0.00436007879472631,0.00308579926831336,0.0038179677419288,0.00767803015459021,0.00387827163596371,0.00434631860197862,0.0055289313192318,0.00278093762196325,0.00654495585464864
0.00290373731550651,0.000876263563391563,0.00570587992603263,0.00716627077546334,0.00698365538061189,0.00170579931996763,0.00308040150434112,0.0064812419007884,0.00903162937215306,0.00856320830105993,0.00265735995122754,0.0043584125443076,0.00308447127943872,0.00381637749655133,0.00767844377001752,0.00387962068286013,0.00434573514069456,0.0055309066766108,0.00278186062620718,0.00654219104768067
0.00290646559312072,0.000876399584255298,0.00570475762839076,0.00716556168361968,0.00698149279304681,0.00170618506096972,0.00307764060089139,0.00648625928172002,0.00903401607632112,0.00856324977013291,0.00265837512843217,0.0043622619836563,0.00308415566184278,0.0038168659245,0.00767737857304113,0.00387940180791605,0.00434839918850181,0.0055215254620971,0.00278043552558139,0.00654373916213658
0.00290095880299065,0.000875000446292183,0.00569775432183267,0.00716099640118138,0.00697527998481249,0.0017037554464987,0.00308015420823926,0.00647520256504445,0.00902812670876583,0.00855901439479004,0.0026565064388949,0.00435861438975056,0.00308355427361451,0.00381386381175626,0.00767053639926356,0.00387790241698942,0.00434209715146017,0.00552372841129547,0.00277857375940671,0.0065433103154859
0.00290471475242119,0.000876119001721503,0.00570014156113881,0.00716524381812005,0.0069836425218358,0.00170510161442225,0.00308422437898843,0.00647754190548489,0.00903598764796801,0.00856518812927166,0.00265845635478306,0.0043592301114835,0.00308474765385677,0.00381628793469361,0.00767885727770817,0.00387810816702032,0.00434597945541606,0.00552800361568375,0.00278195452177753,0.00654616696832487
0.00290784800332362,0.000876543904649662,0.00570622425775639,0.00716912611665663,0.00698417244793512,0.00170689995118489,0.00307864000559604,0.00648759137564334,0.00903445380386966,0.0085655138663724,0.00265907620787249,0.00436511636321768,0.00308791798146666,0.00381826984049936,0.00768801092827325,0.00388431865171619,0.00435272221232398,0.00552356869820595,0.00278189161936473,0.00654419662614973
0.00290628835908497,0.000876269921496934,0.00570461759654361,0.00716088508891829,0.00698024353509057,0.00170508317182956,0.00308042956262865,0.00648116532834797,0.00902862517252045,0.00855916105105828,0.00265710081662724,0.00435774541039113,0.00308332245715636,0.00381419954891034,0.00767511721944569,0.00387733160338151,0.00434460668866947,0.00552938305481574,0.00277980669229991,0.00653942568154546
0.00290698961165844,0.000876108821147289,0.0057042801145478,0.00716460374822583,0.00697994092463143,0.00170443904781937,0.00307655946366206,0.00647953774514156,0.00904411735077104,0.00856488602841332,0.00266028030760656,0.00436018264852713,0.00308927048682916,0.00382171560195584,0.00767653807113962,0.00388169579775559,0.00434415655272658,0.00552103179968591,0.00278447917291938,0.00654262032059161
0.00290141500760505,0.000875119281512313,0.00569784779769152,0.00715603551024896,0.00697026858843677,0.00170190581578412,0.00307633458141444,0.00646829969985625,0.00902121086174452,0.00855766307316592,0.00265336846362797,0.00435476722047234,0.00308263647761102,0.00381326430791343,0.00766481304868438,0.00387718073785,0.00433874122230401,0.00551238842425273,0.00277616163808272,0.00653277457035259
0.00290314398314714,0.000874556364560841,0.00569718601308312,0.00715209906757931,0.00696639427146314,0.00170129268353852,0.00307009053157687,0.0064716822039581,0.00902601484630037,0.00854658384533255,0.00265184752405797,0.00434935926708788,0.00307706988850613,0.00381159648170075,0.0076601618694462,0.00387142043315656,0.00433985669892438,0.00552007032323743,0.00278595968341445,0.00653225353995081
0.00290119645592272,0.000875335443694104,0.0057023800418038,0.00716096121251297,0.00697999400725391,0.00170467893552882,0.00308122206227075,0.00647653935927205,0.00902897614017176,0.00856400582565937,0.00265573368257182,0.00435678696624703,0.00308401148302391,0.00381569529096803,0.00767296622264372,0.00387938320964621,0.00434422201216369,0.00552430470387966,0.0027804958196663,0.00654371212051133
0.00290765271860194,0.000875466102230911,0.00570067735944876,0.00715788694738174,0.0069764878715152,0.00170425169461304,0.00307528758180688,0.00647799699921624,0.00902409648474608,0.00855478740951429,0.00266292761409492,0.00435488874432848,0.00308103031565167,0.00381240997572843,0.00766760382099414,0.00387469753247557,0.00434059195469151,0.00551901989983827,0.00277670989093488,0.00653480828244775
0.00290612973222575,0.000876045702260919,0.00570216657346716,0.00716257652247406,0.00701860123209006,0.00170698818555634,0.0030798840937473,0.00647649653054699,0.00903886175190401,0.00856282984854473,0.00265961594453439,0.00436087705317007,0.00308623383225245,0.00381919449556598,0.00768142557520204,0.00387905201633302,0.00435094333337162,0.00552013503489594,0.00277928020279338,0.00654696592398649
0.00290728679928732,0.000876184250335277,0.00569773607149211,0.0071611030902176,0.00697505189381447,0.00170343431171467,0.00307712859643465,0.00647380461200548,0.00904346452190669,0.00856333022272162,0.00265496023527659,0.00436335530035878,0.00308393984721033,0.00381531653738593,0.00767505015439962,0.00387735823582999,0.00435049570046689,0.00551947972894279,0.00278344160749905,0.00654237467012776
0.00290483267754134,0.000876269291548079,0.00570553274588962,0.00716517921625576,0.0069841139570252,0.00170485553473321,0.00307842938272577,0.00648031646931929,0.00904235608471558,0.00856525684127039,0.00265615009929796,0.00436334582902286,0.00308736445634014,0.00381638075531376,0.00767738335305671,0.00388361413415811,0.0043482012807588,0.00552588601288043,0.00278069975046037,0.00654319133927375
0.00290284236110672,0.000876116646696522,0.00570317344387945,0.00716262219308401,0.00698163241835838,0.00170559774993281,0.00307924443426382,0.00648242476126849,0.00903000610407315,0.00856108212255803,0.00265598290560341,0.00435885945583633,0.00308451434090958,0.00381527064702089,0.00767402063880604,0.0038796582060754,0.00434514154795543,0.00552739853945227,0.00277985020249699,0.00654073504234419
0.00290495809408433,0.000876190941880576,0.00570234959106811,0.00716430123953577,0.0069750522893222,0.00170455833436147,0.00307942942615655,0.00647656561461746,0.00902978948610184,0.00856588820639598,0.00265573571315485,0.00435900720753235,0.00308279518463415,0.00381497799535411,0.00768421737017637,0.00387900580915575,0.00434299372140248,0.00552094787605903,0.0027803294338439,0.00654164436197014
0.00290308514205584,0.00087615327073971,0.00570376894965315,0.00717043687569284,0.00697831622315408,0.00170601575935089,0.00308320308076088,0.00648015808152022,0.00903384085483541,0.00856329507122598,0.00265969504970889,0.00436238203773236,0.00308572868724634,0.00381713627643289,0.00767481570287331,0.00388022045638046,0.0043471754845992,0.00552903357778113,0.00278127899793626,0.00654363083765645
0.00290615833620667,0.000876156493124009,0.0057057637184677,0.00716397670333572,0.0069818353674349,0.00170339990834776,0.00307682347043896,0.00647747079288537,0.00902894869298882,0.00857163188826422,0.00265501614762296,0.0043552738757908,0.0030821112958153,0.00381636017556319,0.00767428320172793,0.00388200869588653,0.00434631596063629,0.00551924145073426,0.00278005619331715,0.00654321041799452
0.00290037623658371,0.000875793815951283,0.00570211265254588,0.00716011019744722,0.00697782093836259,0.0017113528953203,0.00307778890013801,0.00647371130530554,0.00902520745425128,0.0085599830066453,0.00265736275022956,0.0043572648616277,0.00308275663469017,0.00381589180730399,0.00766894809779944,0.00387809419965537,0.00434550267764284,0.00552667613705475,0.00278054897379865,0.00653641454986099
0.00290199450247413,0.000875893679847004,0.00570318188057609,0.00716296168901051,0.00697798194205944,0.00170417302527597,0.00307686799539602,0.00647475712132893,0.00903185193445479,0.00856033085616817,0.00265400390608816,0.00435575655685923,0.00308464002202868,0.00381431061917544,0.00767502728872497,0.00387745403963063,0.00434274350597771,0.00551976628135694,0.00278000392807999,0.00654000918970105
0.00290216509255193,0.000875030751558515,0.00569601031953575,0.00715998950447827,0.00697023039188617,0.00170303202081937,0.00307532558633834,0.00647287670195428,0.00903130351916662,0.00855294636216182,0.00265171267113594,0.00435131015188834,0.00307954285897809,0.00381180785295333,0.00766746158296298,0.00387852471546342,0.00433982902189054,0.00551574313508526,0.00277735826179376,0.00653488879257463
0.00290372543105099,0.000876101049904047,0.00570255674746129,0.00715875712988241,0.00697737206086125,0.00170440186708415,0.00307895298762318,0.00647874379466305,0.00902793092707688,0.00855901567871428,0.00265405646131072,0.00435891783590883,0.00308272918830817,0.00381649219236404,0.00766993401677734,0.0038808681844329,0.0043424128886846,0.00551828099687127,0.00278144105853497,0.00653855429376152
0.00291026751766455,0.000876703012259885,0.00570635961432779,0.00717007819089976,0.00698840183707057,0.00170454504789732,0.00307849179461755,0.00648465690491405,0.00903704327344731,0.00856615789975726,0.00265778219251365,0.00436386773821745,0.0030858257293976,0.00381857545208309,0.00767832886983766,0.00388190450523976,0.00434833712093411,0.00552435619743275,0.00279067666899201,0.00654627715891129
0.00290145690794235,0.000875224115788313,0.00569576790952098,0.0071564950813881,0.00697380943616282,0.00170407373318212,0.00307903043518273,0.00647067421277679,0.00902652562062668,0.00855828682472139,0.00265384923414246,0.00435207838584543,0.00308035636522292,0.00381211125945074,0.00766550701481784,0.00387303417198569,0.0043414684191411,0.00551809193528105,0.00277828609891432,0.00653510968445763
0.00290254305545464,0.000875176614407862,0.00570343043585111,0.00716236993530407,0.00697237559990557,0.00170451446275316,0.00307925788901923,0.0064732867808037,0.009020558747743,0.00855321626133388,0.00265516443893728,0.00435851720251772,0.00308491616479145,0.00381503027108946,0.0076669987213515,0.00387993142451213,0.00434252600420022,0.00551754921603262,0.00277934456805833,0.00653508322428752
0.00290630843809792,0.000874788097986192,0.00569560956434724,0.00716089353777748,0.00696981811759203,0.00170239051706888,0.00307517986374398,0.00647072844839128,0.00901665458016372,0.0085661719062784,0.00265289245278112,0.00435316957983327,0.00308484058855469,0.00381170746255386,0.00767649671086672,0.00387574987177728,0.00434017035617004,0.0055149728167259,0.00277874562803445,0.00654331366793437
0.00290392848356205,0.000876177520189297,0.00570106394193641,0.00716050247419415,0.00698440805378162,0.00170479508228506,0.00307819158943574,0.00648065228036865,0.00902423344654875,0.00856330163515848,0.00265624330292893,0.00435854749014611,0.00308372072223519,0.00381457985353003,0.00767560278106006,0.00387844847251923,0.00434370403392695,0.00552332614613665,0.00278134735089538,0.00654067676259976
0.00290200941296952,0.000876330666317643,0.00570299771666717,0.00716539301047617,0.00697870509412341,0.00170520178465866,0.00307902674530144,0.00647684231122037,0.00902993932436402,0.00855999493297417,0.00265720130146626,0.00435805092479659,0.00308328673262128,0.00381408805104274,0.00767209880546903,0.00387813331936994,0.00434503764026713,0.0055292744001529,0.0027800314500469,0.0065397618975316
0.00289929310049245,0.000875367900638405,0.00569529559928177,0.00715167436512064,0.00696987786723824,0.00170294568539278,0.003079200426553,0.00647560286385075,0.0090199235973042,0.00855431898808862,0.00265602501407114,0.00435279371756044,0.00307975623351193,0.00381034266150599,0.00766501714252053,0.00387277098340949,0.0043398071619373,0.00552281088374376,0.00277646778285932,0.0065358057899862
0.00290829324652443,0.000875857855873415,0.005705308213143,0.00716887667323882,0.00698561268661595,0.00170781995139499,0.00308122350748022,0.00648708445265678,0.00904298823081148,0.00856906373170725,0.00265927748179092,0.00436084615964085,0.00308879883406908,0.00381791993882262,0.00767899155414786,0.00388567096266847,0.00434516563504495,0.00552849274447362,0.00278476201429366,0.00654527851491016
0.00290392961155483,0.000876032492276503,0.0057013592442088,0.00716100934606257,0.0069772045950391,0.00170451443806778,0.00307892554088538,0.00648029393822785,0.00903544767047615,0.00855794814125801,0.00265608134309109,0.00435440892437602,0.00308336823468697,0.00381375281141526,0.00767811645408427,0.00387927892360259,0.00434352740769015,0.00551696422960736,0.00277820621790857,0.00654591287541232
0.00290688360833497,0.000875287078286228,0.00569900532628394,0.00715829579830621,0.00697478064214182,0.00170385535427592,0.00307526466670988,0.00647218954362017,0.00902037188759338,0.00855440311646449,0.0026529280478572,0.00435457521403774,0.0030805376989103,0.00381383145672393,0.00766906873396711,0.00388042357602699,0.00434085730192519,0.00551470579584561,0.00277930127070161,0.00653670018258278
0.00290755246516323,0.000875894801092144,0.00570798993237425,0.00716246800076269,0.00698081111719331,0.00170623702677969,0.00307745424833187,0.00648035818441064,0.00903544093841374,0.00856750242552148,0.00265521109961649,0.00436108245503642,0.00308634541235875,0.00381660594590801,0.00767406968757965,0.00387896236648831,0.00434619619322176,0.00552124907859435,0.00278137746799886,0.00654947119958408
0.00290247457371858,0.000875954111758037,0.00570147047172627,0.00716174029495799,0.0069756660517612,0.00170606017425552,0.00308455120602118,0.0064798651952692,0.00902940681163319,0.00855594009945644,0.0026621192988095,0.0043591540647757,0.00308962934738336,0.00381621644776926,0.00767167395945962,0.00387945000688546,0.00434557176596725,0.00552706921872927,0.00278608125105533,0.00654076768145062
0.00290930932148083,0.000876544452101341,0.0057061419895008,0.00716992345706481,0.00698586135488201,0.00170677105546401,0.00308189145423645,0.00647927854027265,0.00903829064055078,0.00856323938793094,0.00265750152990821,0.00435981466437846,0.00308543280736515,0.0038163137100989,0.00767933625301267,0.00388327801044904,0.00434737666550589,0.00552496424521013,0.00278180210156405,0.00654581240308208
0.00290729826132413,0.000875632169207543,0.0057003084403063,0.00716738069114604,0.00697697355399704,0.00170317531143188,0.0030803002992748,0.00647463572628349,0.00902619543950737,0.00855991666078781,0.002652524284676,0.0043574857593067,0.00308302616673739,0.00381790752281054,0.00767281821280594,0.00388431577294176,0.00434656776969254,0.00551967193502901,0.00277807582277545,0.00654729692020809
0.00290576773534549,0.000876107520157615,0.00570339693580481,0.00716497349088596,0.00698115484716915,0.00170479215985437,0.00307840249379065,0.00647948303856331,0.00904272933353517,0.00856926918925825,0.00265567597637695,0.00435729969730581,0.00308749405070124,0.00381855525388652,0.00768134880269839,0.00387885838291397,0.00434450838417257,0.00552090807505642,0.00278209016429093,0.0065430319158141
0.00290595182729124,0.000875564178358031,0.0057079428324598,0.0071641538424679,0.00697939437196165,0.00170377031884747,0.00307667091466041,0.0064767472806429,0.00902911217020681,0.00856193231717751,0.00265632805241455,0.00435695007357269,0.00308791754331565,0.0038144720566837,0.00767453926199093,0.0038788225995639,0.0043498111079976,0.00551875508730671,0.00277928989260405,0.00655215303535134
0.00290375708609457,0.000876490304283841,0.00569505247312426,0.00716246697381256,0.00698002345888954,0.00170827985405856,0.00307834496571742,0.00647960537277349,0.00902642494814105,0.00855695468591832,0.00265495416068673,0.00435740574963266,0.0030831931276009,0.00381497694921658,0.00767158972439556,0.00387928603801291,0.00434399225340298,0.00552251055375236,0.00278008890245479,0.00653979851493456
0.00290520117806609,0.000876028849868956,0.00570364594329754,0.00716618059062555,0.00698079058239232,0.0017059558494327,0.00307846921710998,0.00648372985045043,0.00904384547044073,0.00856485539612851,0.00265807424304492,0.00436307093168011,0.00308706275509242,0.00381716746607269,0.00767725159264504,0.00388050937884768,0.00434598678593299,0.00552804051676272,0.00277812665565358,0.00654707273518022
0.00290590112108216,0.000874719282559561,0.00569662462419053,0.00715455806824948,0.0069711199395261,0.00170517841770291,0.00307520777207079,0.00647064536247474,0.00901877720901797,0.00855614403606043,0.0026530298308675,0.00435396848428429,0.00308561213956987,0.00381406384128684,0.00766429965443959,0.00387711225780954,0.0043408357383547,0.00551209030445039,0.00277777330155988,0.00653823129619504
0.00290626098400433,0.000875232007690414,0.00570010328178458,0.00715905368379723,0.00697281843672643,0.00170832285877932,0.00308826933834663,0.00647386530792333,0.0090249865263602,0.00855771778091999,0.00266119796449534,0.00436770513481813,0.00308128672418186,0.00382551874665642,0.00767643101359885,0.0038749154968184,0.00434194558615572,0.00551583363752833,0.0027867606617092,0.00653614828622718
0.00290151584628495,0.000875216042481418,0.00569802372621743,0.00715995810588057,0.00697281427735284,0.00170195183483765,0.00307389546804985,0.00646961506982019,0.0090201563336414,0.00855359463636684,0.00265180719373963,0.00435450653519113,0.00308350485526787,0.00381101454829781,0.00767375586636633,0.00387895821018928,0.00433850231403194,0.00552083769577964,0.00277708958659238,0.00653484902765246
0.00290163460741159,0.000875049979904478,0.00569531207239101,0.00715528990542846,0.00697464633443747,0.00170149730444584,0.00307272762250391,0.00647223926879344,0.00902839322377418,0.00857455362239924,0.0026529438598338,0.00435408413814188,0.00308015204692294,0.00381180381848058,0.00767081210192848,0.00387942831243224,0.00434336268525919,0.00551674248480648,0.00277743735722099,0.00653184073688854
0.00290331005133282,0.000876206848050189,0.00570009406669432,0.00716348716296309,0.00697794999345032,0.00170550380529539,0.00308065622302153,0.00647683184482432,0.00903092798965443,0.00855866738018831,0.00265660384565588,0.0043598383504535,0.00308351872610909,0.00381502400944531,0.00767168422752049,0.00387954507885197,0.00434994838062976,0.00552544561092547,0.00277956662619442,0.00653856334664924
0.00290190886809333,0.000875177578414615,0.00570199430803787,0.00716371003756212,0.00698101798985173,0.00170375599160849,0.0030773506274201,0.00648994246030529,0.0090289222090867,0.00855787007294613,0.00265474851655935,0.00435852139184494,0.0030833449004869,0.00381544740552695,0.00766585028052112,0.0038801147905825,0.0043455150460584,0.00551637390420117,0.00278090177947673,0.00653931905866506
0.00290430950422862,0.000876574607028805,0.00570713761998919,0.00716766854441158,0.00698198173708563,0.00170614363862949,0.00308367727800411,0.00648250666482911,0.00903532161326203,0.00856521797558534,0.00265843641440706,0.00436163388991084,0.00308630305190971,0.00381870271260929,0.00767907233617381,0.00388194971418342,0.00434729408621003,0.00553189449912042,0.00278272604417957,0.00654322785719976
0.0029005924627958,0.000875592691559176,0.00569981088211754,0.00716130945270832,0.00697480474548825,0.00170328940727062,0.00308121781148069,0.00647179973911821,0.00902165944435274,0.00855441101387824,0.00265200892211758,0.00435376089339578,0.00308090635559812,0.00381261827857826,0.00766766106586197,0.00387576847624971,0.00434004421245801,0.00551511053528926,0.00277784334534447,0.00653526142233709
0.00290661684214714,0.00087602208442464,0.00570374017889045,0.00716448546521094,0.00697793619903497,0.00170372873796717,0.00308107536139278,0.0064861712835992,0.00903009371193987,0.00856122345465953,0.00265772486430709,0.00436214743816667,0.00308291581029002,0.00381832851555315,0.00767499827141934,0.00387813134366288,0.00434413742687582,0.00551953041125291,0.00277991464583704,0.00653996343284971
0.00290473989445827,0.000876114083060182,0.00570678502427691,0.00716848439667457,0.00698204471282409,0.00170560667280261,0.00308121315880778,0.00648135298508319,0.00903560969554143,0.00856416592742034,0.00265804580591632,0.00435901521742981,0.00308577545047599,0.00381712836593626,0.00767646911753562,0.00388141833485483,0.00434805564282307,0.00553024183605958,0.00278104801607603,0.0065430879821989
0.00290176828117578,0.00087557964460104,0.00570054751566464,0.00716450150559531,0.00697099911861199,0.00170372921886095,0.00308036972507481,0.00647521796427724,0.00902641407474084,0.00856731564341207,0.00265669598481954,0.00435643930294915,0.00308139425572208,0.00381671318642288,0.00767180709464404,0.00387628207789037,0.00434603159495545,0.00552374133090962,0.00277867241932996,0.00653516258561989
0.00290385773282293,0.000876080469796852,0.0057014186884315,0.00716065609596252,0.00697706873614333,0.00170598769895039,0.00307627001729593,0.00647562991547828,0.009037592476035,0.00855812717344654,0.00265710694951693,0.0043548997040058,0.00308318813209767,0.00381798180067687,0.00767719869524137,0.0038778646387547,0.00434340568050826,0.00552014723308021,0.00278027591294693,0.00654560387550546
0.00290531612390232,0.000875931342058191,0.00570266674825297,0.00716528746682593,0.00697611984250396,0.00170513855471491,0.00307779668644829,0.00648422173036987,0.00902239228888376,0.00855856944080576,0.00265442701817016,0.00435662394335977,0.00308239391121875,0.00381507742706719,0.00767061209482647,0.00387681733786251,0.004349340850783,0.00551921366557243,0.00277826415896148,0.00654091322327007
0.00290219574405363,0.000874835063857109,0.0056987704418607,0.00715550652329468,0.00696890815186178,0.00171052188200129,0.00307687187977859,0.00646891390513568,0.00902809487717458,0.00855009269583966,0.00265403753126954,0.00435104508758631,0.0030806102909345,0.00381376624344746,0.00766402430221595,0.00387729061030708,0.00433983624689442,0.00551371143970358,0.00278656407128409,0.00653673189125766
0.00290941948329751,0.000876187275952843,0.00570553850712531,0.00716593480351073,0.00698212434606251,0.0017054596399163,0.00308052485031154,0.00647750461718964,0.00903351782503693,0.00856333369762889,0.00265611465766944,0.00436147167537042,0.00308547146431579,0.00381900362904641,0.00767526241464454,0.00388215171964644,0.00434566497125631,0.00552734123674845,0.00278042463463345,0.006546676223655
0.00289721923329173,0.000875694422682258,0.00569665444212696,0.00715559238679299,0.00697224853431393,0.00170179457077196,0.00307485858739902,0.00652678868162644,0.00901616428249708,0.00855484502181314,0.00265699494738893,0.00435579909777547,0.00308084721910992,0.0038128362562805,0.0076738646271596,0.0038782746038223,0.00434123678721003,0.00551509328032363,0.0027794015087208,0.0065369043005097
0.00290775397276108,0.000876094465414205,0.00570177197448355,0.00716400955797269,0.00697693431796111,0.00170370295461767,0.00307666737981941,0.00647579323070196,0.00902693312735533,0.00855851103834539,0.00265940402346015,0.00435649558982972,0.00308795628373451,0.00381431884566701,0.00767240881174357,0.00387772697730812,0.00434489394409345,0.00551918533903175,0.00278367181104072,0.00653940557325094
0.00290544828353409,0.000876256116243027,0.00570267788616193,0.00717192537588608,0.00698618685151651,0.00170639585935533,0.0030814581339183,0.00648006788981035,0.00903229852549653,0.0085656317585771,0.00265783305665426,0.00436132349176724,0.00308399511962642,0.00381692286063438,0.00767631379792273,0.00387925507119764,0.00434701887536444,0.00552612705124596,0.00278121967457504,0.00654313709812916
0.00290640417245256,0.000875944967147707,0.00570118537560052,0.00716345966134653,0.00697749658723523,0.00170511478143696,0.00308635782004156,0.00648066269661907,0.00903149929885661,0.00855984318803757,0.00265448434639239,0.00436989972243397,0.00308873524353329,0.00382282454440633,0.0076785837113495,0.00387664991862328,0.00435673214322974,0.00552469499662399,0.00277882783275953,0.0065384887074862
0.00290720763601556,0.000876048650810579,0.00570402490561533,0.00716303240458791,0.00697950416012101,0.00170768149026808,0.00308193536871039,0.00647681737691905,0.00903997907866308,0.00855764944767549,0.00266034280792044,0.00435680621373422,0.00308807419609788,0.00381812023046727,0.00768551346612851,0.00387738367366798,0.0043476770829424,0.0055295823362686,0.00277972609370681,0.00653908684256202
0.00290087683072779,0.000876064113275811,0.00569947671863279,0.00716236935001773,0.00697605329350926,0.00170469790087749,0.00308054172553092,0.00647274290928151,0.00902945448899246,0.00855800007301208,0.00265556678520428,0.00435726249191431,0.00308090504065136,0.00381450879530159,0.0076705625013544,0.00387565123933575,0.00434354854286113,0.0055250981780851,0.0027792464023172,0.00653829185778778
0.00290243414201366,0.000876122193831603,0.0057032452491125,0.0071648606561215,0.00697783358819591,0.00170502737621323,0.00307978890074617,0.00647490305231904,0.00903132813085854,0.00855989202398252,0.00265677612195033,0.00435626501836978,0.003082248164308,0.00381737826798506,0.00767205687695064,0.00387969022791229,0.00434320765585137,0.00552541521774911,0.00278075645772377,0.00653959774616644
0.00290125335086834,0.000875498307761084,0.00570428568044127,0.00716016575408073,0.00697751696811753,0.00170516213623378,0.00307962281666256,0.00647695145534072,0.00902657304744513,0.00855984553600128,0.00265582337527537,0.00435559408252794,0.00308338875087886,0.00381619171651396,0.00767297182420291,0.00387912727741301,0.0043448415853135,0.00551746307355594,0.00277833912996204,0.00653670261169349
0.00290596720680231,0.000876258056705312,0.00570645321547072,0.00716197936530347,0.00698187279962709,0.00170503934937942,0.0030794378604934,0.00647984577166568,0.00903287914469362,0.00856231038539471,0.00265708766235237,0.00435874461592904,0.00308469802544918,0.00381561111845332,0.0076758058681102,0.00387996563033652,0.00434700490550054,0.00552949905129764,0.00278039719806589,0.00654362053924028
0.00290453595747817,0.000876162523176799,0.00570171908689217,0.00716077116990643,0.00698225452674978,0.0017053160766213,0.00308262774380541,0.0064791845038155,0.00903486398029564,0.00856361483212813,0.0026567869697275,0.0043582387506591,0.00308302707246016,0.00381480343649005,0.00767400737543984,0.00387792638205298,0.00434633300898591,0.0055258400294789,0.00278103451768911,0.00654155377327635
0.00290204337125774,0.00087572285076891,0.00570234753692861,0.00716370825072573,0.00697872580192273,0.00170419691248273,0.003078773051445,0.0064776020207799,0.00902899893849646,0.00856088341402124,0.00265759650917168,0.00435645119495051,0.00308379717293389,0.00381558059632638,0.00767148324060219,0.00387722393869282,0.00434330246578711,0.00552782436701893,0.0027817805396178,0.00653864054708339
0.00290504233720845,0.000875258702484819,0.00570207730928228,0.0071653789293189,0.00697301642838635,0.00170315088165947,0.0030763405147969,0.00647225773591946,0.00902657028632883,0.00855391000148286,0.00265358008528901,0.00435300235703218,0.00308529092940902,0.00381563907779609,0.00767651640628293,0.00388036226083277,0.00434532479621013,0.00551798677789797,0.00277923044887164,0.00654172575052847
0.00289851553748791,0.00087555670594708,0.00569556941732111,0.00716342841946305,0.00697056970484394,0.00170561292981262,0.00308184761127599,0.0064750619781081,0.0090286249559555,0.00855594992422599,0.00265959425648075,0.00435795791111669,0.00308183733626084,0.00381442305452042,0.00766190076940594,0.0038775552291314,0.00434204346854308,0.00552625405064677,0.00277861088815907,0.00653973419640609
0.00290113197976008,0.000875443902848922,0.00570135888512737,0.00716082073823723,0.00697504004616557,0.00170322305462898,0.00307612518163662,0.00647540040473671,0.00902188781365662,0.00855507439860676,0.00265290651455477,0.00435361720761227,0.00308230418839343,0.00381339244999487,0.00766745994559691,0.00387681333239636,0.00434059006415525,0.0055189488593235,0.00277967499667269,0.00653659117770858
0.00290698904710084,0.000876743796885866,0.00570307688407487,0.00716068887826012,0.00697745019805242,0.00171062142812023,0.00308348767386229,0.00648061724053341,0.00902751234669961,0.00856842456342259,0.00266113785369246,0.00436113011940893,0.00308193602788758,0.00381595083189991,0.00766961815795527,0.0038789722401203,0.00434417816692246,0.00552581540738663,0.00278054645402625,0.0065376663107428
0.00289915428518935,0.000874629734889986,0.00569733680345429,0.00715769543262113,0.00697266762819275,0.00170304311308173,0.0030764426067557,0.00647120170228414,0.0090213059375452,0.00854804712114898,0.00265459163622424,0.00435623066209852,0.00308027798856787,0.00381138958687023,0.00766616136688658,0.00387578385858509,0.00434532413815592,0.00552098162390044,0.00277883019037399,0.00653401464469557
0.00290320141306165,0.000875411924218414,0.00570355538938183,0.00716349659620414,0.00698005811018581,0.00170465485899849,0.00308072144398692,0.0064774501082805,0.00903053193257444,0.00856073167602098,0.00265869270571965,0.00436020595993376,0.00308475390959967,0.00381313040833083,0.00767469974374257,0.00388143403488792,0.00434628551994752,0.0055273141821112,0.00278103348422863,0.00653972323009477
0.00290292029674212,0.000876478648895705,0.00570182767976911,0.00716374902582065,0.00697729166831539,0.00170416321680047,0.00308249442668778,0.00647660675163648,0.00903044800671101,0.00856200626358274,0.00265684348490571,0.00435773121211426,0.00308855250645727,0.00381432700375059,0.00767590694499449,0.00387755111005214,0.004343900898664,0.00552640803083499,0.00278012959316934,0.00653971547060553
0.00290159019456485,0.000876279321851699,0.00570165440110404,0.00715779135592694,0.00698038344728633,0.00170366088744599,0.00307619902951598,0.0064767105447435,0.00902687392130136,0.0085622098617428,0.00265313309637558,0.0043567258886443,0.00308887017840153,0.00381583725518889,0.00767873659271066,0.00387833575444406,0.00434145293463388,0.00551713609798572,0.0027797988246547,0.00653936724701397
0.00290365348082593,0.000876188960581848,0.00570187285763423,0.0071636954689971,0.00697800556916161,0.00170586514323784,0.00307602292108397,0.00647700346805609,0.00903936025942056,0.00856056817288708,0.00265747977022706,0.00435891424383036,0.00309532518679011,0.00381449072329681,0.00767339163515801,0.00387857602893597,0.0043477958351687,0.00552624387005262,0.00278198689237014,0.00653728164344778
0.00290506968693857,0.000875281126435726,0.00570344803142604,0.00715899251897735,0.00697395139810222,0.00170314614165652,0.00307651498985522,0.00647235204134207,0.00902181568207174,0.00856872155728326,0.00265333404132576,0.00435445473257749,0.00308148689355396,0.00381409264423678,0.00766875454651269,0.00387913163626491,0.0043458333851757,0.00551678117676062,0.00277809110532685,0.00653657610170064
0.0028988714429989,0.000874871808591738,0.00570025666459347,0.0071600232597744,0.00697338473552553,0.00170290058662497,0.00307541683912194,0.00647328959608737,0.00902221174350691,0.00855708723117668,0.00265229660424118,0.004355354346875,0.00308115765980295,0.00381315405523339,0.00766687501407123,0.0038761103535601,0.00433990465411782,0.00551871495498312,0.00277871903926649,0.00653505001689399
0.00290692570378801,0.000876260126286548,0.00570460846442322,0.00717165689848083,0.00698377195193188,0.00170508570022792,0.00308206679906454,0.00647976349682509,0.00903858536471004,0.00857279909898181,0.00265920653695656,0.00436175660256298,0.00308623992129922,0.0038170418339466,0.007677635951352,0.00388231284991822,0.00434948688870875,0.0055257511647242,0.00278212883617046,0.00654475823294542
0.00290173564335417,0.000875624356957095,0.00570134188935988,0.00715627697488125,0.00697789255875503,0.00170604245902487,0.00307742663135682,0.00647484867547141,0.00902721686181854,0.0085577020120068,0.00265958000651195,0.0043543323354003,0.00308360547444192,0.00381851510931312,0.00766931588844614,0.00387554934423329,0.00434273919885779,0.00552517274852801,0.00278000645116395,0.00653231439698645
0.00290527137984404,0.000875620882914658,0.00569968956139119,0.00715851581604737,0.00697345228433217,0.00170288925974865,0.00308082858355798,0.00647124373608508,0.00902250712951641,0.00855457765013466,0.00265434954181558,0.00435622501203094,0.00308636237057179,0.00381175498020329,0.00767189426546205,0.00387750821030792,0.00433994011423248,0.00551609403340537,0.00277758851659172,0.00653779988381951
0.00290107711346037,0.000875883351448963,0.00570189027126647,0.00716154414682704,0.00697565870641326,0.00170416599646457,0.00307546762698363,0.0064734755406734,0.00903015906972454,0.00856267876005415,0.0026537208314173,0.00435441624683727,0.00308169155788316,0.0038135079104582,0.00767192633938497,0.0038752349583934,0.00434148849608018,0.00551742313739219,0.00277803415908823,0.00653864873039627
0.0029024174831893,0.000875405290532102,0.00569784405826586,0.0071569592528923,0.00697730837329677,0.00170456047994343,0.00307847879174681,0.00647452591501932,0.00902433431438322,0.00855684679680533,0.00265597926204117,0.00435583872102682,0.00308217709081962,0.00381193872937076,0.0076676221671882,0.00387461132388834,0.00434482313060258,0.00552472692309678,0.00277769241972622,0.00653739184483144
0.00290336251035862,0.000875468979573419,0.00570157658423805,0.00716217131986002,0.00697413254430988,0.00170546538953707,0.00307887697625427,0.00647604537899842,0.00903206774432227,0.00856472116050526,0.00265655277491835,0.00435707861175972,0.00308315532671498,0.00381584750016835,0.00767871380474075,0.00387777322957484,0.00434555564136051,0.00552901428257085,0.00277974802557222,0.00654137134914079
0.00290167617907435,0.000875771129192888,0.00570148616079501,0.00716081614357486,0.00697750688962194,0.00170342331759133,0.00307696705241074,0.00647610057582575,0.00902447262240095,0.00856235336633037,0.00265449313638763,0.00435681425446576,0.00308200421164173,0.00381406513180494,0.00767137226915151,0.00387772733306717,0.00434286513578891,0.00551555189559387,0.00277967376130321,0.00653741808969641
0.002906301429748,0.000876859030999336,0.00570117246411702,0.00716137470598035,0.00697904534548988,0.00170476534799426,0.00307856774353187,0.00647539394889172,0.0090376688562096,0.00856155675110655,0.00265651306424285,0.00435907403839678,0.00308283113156808,0.00381655211838984,0.00767750532489623,0.00387916890867211,0.00434477573732713,0.00552393826238682,0.00278289087594566,0.0065423861547767
0.0029022245005763,0.000875604612135104,0.00570446378532124,0.00716201755724946,0.00697981430364765,0.00170372671169115,0.00307770738698969,0.00647677954990003,0.00902542196388022,0.00856141856456828,0.00265305605789589,0.00435376396710449,0.00308236571525338,0.00381502554001138,0.00767010286272106,0.00387795876633087,0.00434287551958037,0.00551780531568548,0.00278238614373162,0.00653868221673594
0.00289903864716041,0.000875411914767628,0.00569857483841065,0.00715931993626759,0.00697299768677164,0.00170266770344303,0.00307466754797943,0.00647126556576624,0.00902308291724292,0.00855435115046917,0.00265227642413461,0.00435191650847104,0.00308105942272438,0.00381398332821284,0.0076668956887603,0.00387458120028551,0.0043404691250737,0.0055155310125843,0.00277877482582096,0.00653716744194371
0.00290558080888937,0.000876473122699741,0.00570638859277256,0.00716765011955289,0.00697778068649956,0.00170864217995532,0.003080535471749,0.00648113745119094,0.00903096029753167,0.0085637728251934,0.00265915494022737,0.0043584658973438,0.00308524759566864,0.00381678658302485,0.00767417298157651,0.00388067953436524,0.00434748229252117,0.00553035135111714,0.00278191589583475,0.00654246159164624
0.00290560695162309,0.000876393856217154,0.00570394911927057,0.00716739266123615,0.00698289194359321,0.001704832793648,0.00307998483549922,0.00647840831247601,0.00903305390152318,0.00856023566737913,0.00265921042547677,0.00435951875235002,0.00308337298558649,0.00381548274460391,0.00767415499200829,0.00387829625224883,0.00435211317425237,0.00552552933391386,0.0027817899220802,0.00654323108594003
0.00290639255185198,0.000876097703876057,0.00570388720575374,0.00716446075433796,0.00697852430351979,0.001704366639703,0.00308048583126759,0.00648407385602757,0.00902888071700522,0.00856255570488872,0.00265499894693008,0.00435821973678502,0.003087633488592,0.00382221772423005,0.00767891440048673,0.00388199844544429,0.00434967909564021,0.00552946891393328,0.00278132223021977,0.00654919752463462
0.00290478877671903,0.00087594989440896,0.00570673361285837,0.00716611754786265,0.00697803020819702,0.00170625399274504,0.00307747601061951,0.00647679350095078,0.00904188635688444,0.00856014974376622,0.00265714947567404,0.00435914828452502,0.00308746331695987,0.00381913815287592,0.00767659141453254,0.00388298977923976,0.00434855685827313,0.00552670315120234,0.00278002117896076,0.00654785187173013
0.00290187554468332,0.000876089307277622,0.00570444862855412,0.00716481767423374,0.00697441343579079,0.00170428949512134,0.0030786261752868,0.00647901393443557,0.00902989939786446,0.00855869227318967,0.00265545302932361,0.00435687336645715,0.00308289627942568,0.00381432971334929,0.00767116707816612,0.00387764764639768,0.00434459223150209,0.00552507352158809,0.00277977187448529,0.00654090040395271
0.00290641860358517,0.000876614564029781,0.00570277108478407,0.0071620366366894,0.00698179302372752,0.00170381748286355,0.00307739825470029,0.00648301766346862,0.00902844277975658,0.00855804625394394,0.00265447896237764,0.00436378910170778,0.0030866305459302,0.00381457665360625,0.00767396959890647,0.00387816579460272,0.00434263350881085,0.0055250505939042,0.0027801865418454,0.00653969515767241
0.00290196411326938,0.000876227121184632,0.00570504934474773,0.0071633620252892,0.00697897478681395,0.00170606085494684,0.00307919795583302,0.00647786308055432,0.00902860162827808,0.00856136139542777,0.00265628278808172,0.00435944325736501,0.00308400953438813,0.00381551575402974,0.00767561135759394,0.00387873385867484,0.00434484887359959,0.00553041526518038,0.00278012823057273,0.00654280920601891
0.0029084589043038,0.00087623533937529,0.00570470276321166,0.00716732426213299,0.00698039068583405,0.0017072913730387,0.00307828870390605,0.00648862827444448,0.00904663183427983,0.008564569964181,0.00265579367252787,0.00436452809330537,0.00308455805636092,0.00382239175330187,0.00767817209687385,0.00388178219143191,0.00434608186295505,0.0055307239397274,0.00278158569662362,0.00654488740048577
0.00290170471740824,0.000875452692972388,0.00569840704476393,0.00715635408004637,0.00697330607726987,0.00170276852680395,0.0030755370657791,0.00647237822603513,0.00903125030596319,0.00855288314293558,0.00265286105065139,0.00435427280675072,0.00308205970816109,0.00381317224319991,0.00767392498753641,0.00387479193523128,0.00434166772086845,0.00551646452739399,0.00277693580671787,0.00653500506400687
0.00290377692698324,0.000875718565725314,0.005703052986097,0.00716108771382118,0.00697773126853347,0.0017056553286198,0.00307704108894161,0.00647570283187621,0.00903651130823354,0.00856245450465316,0.00265453122095482,0.00435890386101587,0.00308234326154152,0.00381737006805974,0.00767229304284089,0.00387805489027836,0.00434472611564468,0.00552786081057273,0.0027813648844799,0.00653856201282588
0.00290832317158953,0.000876353834419918,0.00570543021550698,0.00716698796569351,0.00698063117132583,0.00170484527893275,0.00307685262333557,0.00647967565667004,0.00903292743692282,0.00856615986507148,0.00265620359211525,0.00435662112785969,0.00308465449484283,0.00381781230143134,0.00767714898239201,0.00388043949826317,0.00434481980710589,0.00552240530254984,0.00278272520936794,0.00654274199140432
0.00290318896110139,0.000875951317919839,0.00570179191732579,0.00716364849757428,0.00697710738698418,0.00171182727114423,0.00308103327433679,0.00647816638068015,0.00902890682445251,0.0085584916425129,0.00265712727601721,0.00435743266302583,0.00308333452340633,0.00381821728338811,0.00767450063391702,0.0038779922862927,0.00434438835051953,0.00552768040980152,0.00277990825668185,0.00654089780757933
0.00290554234938085,0.000876009608076917,0.00570408713390367,0.007167779275034,0.00698356917881758,0.00170625735751325,0.00308373471432908,0.00647698262642663,0.00903678475785527,0.00856779851823167,0.00265994193586833,0.00435996135876666,0.00308436655835926,0.00381827964005693,0.00767784680217808,0.00388001831088866,0.00434614028621906,0.00553097836054758,0.00278111189619604,0.00654113290319802
0.0029068832009806,0.000876268107457039,0.00570214390770316,0.00716373290503046,0.00697860823672261,0.00170955813466898,0.00307609032453858,0.00647707649754012,0.00903054567566902,0.00855881559636727,0.0026657864934005,0.00436987425969929,0.00308698988003976,0.00382812646735063,0.0076709478145732,0.00389471300609283,0.00435004235885049,0.00552614614656623,0.00278882406888585,0.00654982570893394
0.00290833221604736,0.000875842543192987,0.00570419274177444,0.00716599538338184,0.00698019811119885,0.00170495647023715,0.00307900763859548,0.00648719489776485,0.00903195631283007,0.00856214549017963,0.00265544136104179,0.00436554738356871,0.00308597728766983,0.00381639577559766,0.00767571871554198,0.00388411758572591,0.00435065064808407,0.00552889359881733,0.00278039135496794,0.00654313888009722
0.00291074054519873,0.00087557651146091,0.00570511629421535,0.00716785710883112,0.00697623086903027,0.00171210052756221,0.00307738997829672,0.00647829952708193,0.00902397315227204,0.00856441066999176,0.00265917299429495,0.00435978933082981,0.00308588933726734,0.00381740443924362,0.00766963621806535,0.00387978825580406,0.00434708518505148,0.00552130523413941,0.00278122775243298,0.00654221091834578
0.00290455970491387,0.000876271183860242,0.00570355605778878,0.00716321067959825,0.00698079144655222,0.00170477120041328,0.00308160705585066,0.00648020944545603,0.00903522361201559,0.00856391170370149,0.00265688723232925,0.00435940474023119,0.00308534780853348,0.00381641561379507,0.00767370055046385,0.00388025858777963,0.00434594427231574,0.00552730297741749,0.00278094895556364,0.00654364103085584
0.00290424911390207,0.00087623121425265,0.00570450367235181,0.00716752501260603,0.0069805147494449,0.00170541885847561,0.00308121700680762,0.00647901243027036,0.00903244033861119,0.00856054080845646,0.00265675496901859,0.004358362873357,0.00308352392534666,0.00381593247232433,0.0076750514849117,0.00387969812607369,0.0043499510706485,0.005529274178519,0.00278102009894032,0.00654346361459192
0.0029045845861734,0.000876412933787034,0.00570336416114235,0.00716379784616207,0.00698304292510854,0.00171207144703374,0.00308012523787646,0.00647981985196997,0.0090349999654566,0.00857528504659235,0.00265702111952023,0.00435874054962826,0.0030833704440839,0.00381472329928265,0.00767911079171454,0.00388276737268777,0.00434584723168249,0.0055234918534624,0.00278137096725383,0.00654434579311494
0.0028982844539245,0.000875257543629686,0.00569788739028136,0.00715658900037375,0.0069727605238492,0.00170242684982985,0.00307291843434307,0.00647307490064525,0.00902199224240776,0.0085527307017612,0.00265297656400364,0.00435558106005505,0.00308159881813366,0.0038116859380454,0.00766750740688412,0.0038746086780199,0.00434007357245203,0.00551417540131193,0.00277888166716813,0.00653456943223537
0.00290839918779169,0.000876109053871836,0.00570382129872286,0.00716796932690125,0.00697942472331243,0.00171466277890281,0.00309586948334271,0.00647752185133057,0.00902851816869547,0.00856654560039482,0.00267130017344455,0.0043819545919642,0.00310533768636964,0.00383812589767394,0.00767438089748195,0.00390745261521573,0.00436936804594113,0.0055215438892882,0.00278053986593202,0.00654279272390344
0.00290240441053937,0.000875850827934928,0.00570099696475008,0.00716160251043827,0.00697618888484015,0.00170422027081245,0.00307898104692396,0.0064783972354639,0.00902753350597222,0.00855915693645373,0.00265546192437109,0.00435707355681943,0.00308351809104404,0.00381314138045246,0.00767215016483897,0.00387924084567808,0.00434395529181128,0.00552418221656883,0.00277921147807159,0.00653917462916582
0.00290544376951734,0.000876017369166591,0.00570212139609237,0.00716291472060496,0.00698288830727807,0.00171091559405074,0.00308080043732261,0.00647722051762965,0.00902888120181823,0.00856505103080912,0.00265783152770373,0.0043597833845473,0.00308308458108422,0.003817731158213,0.00767526937104286,0.00388021929837614,0.0043470102797142,0.00552800152594765,0.00278138930039637,0.0065401319286327
0.00290270237166253,0.000876002894659174,0.0057039397947418,0.00716206371318921,0.00697935005141124,0.00170523067799123,0.0030803515264941,0.00647821845194791,0.00903597299591956,0.0085599415418041,0.00265759240345907,0.00435886328782256,0.00308408098869796,0.00381555246623659,0.00767516812980131,0.00387839451046502,0.00434596408159405,0.00552631254952536,0.00277972968455639,0.00653852544291168
0.00290589504555662,0.00087603207103438,0.00570233397004694,0.00716258344562123,0.00697933165548892,0.00170446454876658,0.00308090830684756,0.00647704100618874,0.00902815967841804,0.0085649791739003,0.00265613537863952,0.00435837156953974,0.00308294110207462,0.00381826385636011,0.00767678760306444,0.00388096278498076,0.00434435154968917,0.00552195012236472,0.00278245646060504,0.00653887090300948
0.00290026565833531,0.000875866507475011,0.00570084352369609,0.00715928953808726,0.00697553969875644,0.00170385346442795,0.00307877818201387,0.00647337718732648,0.009025731034365,0.00855697805494584,0.00265686966646495,0.00435592587295477,0.00308209363587686,0.00381497057666607,0.00766820387616512,0.00387766166246146,0.00434780752241701,0.0055242141456925,0.00277983576848767,0.00653997597413655
0.00290035549404909,0.000875337369765528,0.00569805792960596,0.00715669504100265,0.00697244068306981,0.00170266207712304,0.00307574755487333,0.00646842614538807,0.00901953885358583,0.00855448255707121,0.00265106125791867,0.00435038540520407,0.00307988598994688,0.00381108939452259,0.00766712800632993,0.00387529773354702,0.00434054546388565,0.00551540483411744,0.00277621748897408,0.0065329643062935
0.00290636162495789,0.000875858749873932,0.00570131417080002,0.00716392362791202,0.006977341386932,0.00170445975048742,0.00308130159130793,0.00647817986614202,0.00904229070285389,0.00857019127717388,0.00265803098190783,0.00435605174862827,0.00308456277248027,0.00381974632766411,0.00767066573509566,0.00388328884585043,0.00434369485399667,0.00552729489351411,0.0027829270245239,0.00654974188665687
0.00290134864788185,0.000875257549870317,0.00570048883361399,0.00716112293903058,0.00697676053635025,0.00170469306563372,0.00307853768371094,0.00647566161820372,0.00902566723328992,0.00855466637799438,0.00265621163972003,0.00435639134047128,0.0030814726905638,0.00381328357855702,0.00766936667419843,0.00387711298727525,0.00434226833662855,0.0055229430409689,0.00277909399391379,0.00653668163464149
0.00290229905689601,0.000875106846955082,0.00569726936161417,0.00715573700687068,0.00697128946915074,0.00170230152689879,0.00308509349582698,0.00646938646189841,0.00902505816761393,0.0085512311419079,0.00266366531670974,0.00436677408169772,0.00309049211347182,0.00381565212865771,0.0076645678165815,0.00387479318249887,0.00433824138738998,0.00551495664848715,0.00278588084857998,0.00653313362295719
0.00290186030797879,0.000875136288349609,0.00569703901787821,0.00715652084641402,0.00697353307852012,0.00170233119676233,0.00307791377268804,0.00646847219913668,0.00903053279251638,0.00856199233665451,0.00265446957066917,0.0043514427075539,0.00308361547957578,0.00381511110045323,0.00766632375029186,0.0038741785752523,0.00434343313778464,0.00552071735044779,0.00277603776940908,0.00653417082888413
0.0029086750018183,0.00087712060424946,0.00570480158159027,0.0071649911575173,0.00698092176340356,0.00172054229802904,0.00308127434654333,0.00648207159777242,0.00902892744539487,0.00856038011825768,0.00265810325952747,0.00435897083404488,0.00308660356008926,0.00381840137542733,0.00767807161256038,0.00387978744029266,0.00434536864352809,0.00552406918020805,0.00278468433006569,0.00654301132792422
0.00290472805358505,0.000876227605324904,0.00570582879933327,0.0071679696156486,0.0069805407016308,0.0017057585093504,0.00308055538080527,0.006482099737765,0.00903527799398588,0.00856432731702582,0.00265820538561258,0.00435866243064821,0.00308447303049047,0.00381759735900178,0.00767643875233671,0.00387985893091923,0.00434621656486049,0.00553167702996486,0.00278086513540399,0.00654405425506668
0.00290403006571383,0.000875834180466717,0.00570536648877212,0.00716583303473554,0.00698096770303469,0.00170596373231282,0.00308170800108739,0.00648091913550589,0.00903422667740244,0.00856327700504206,0.0026577712362822,0.00435982524981663,0.00308538389662067,0.00381630287683636,0.00767642507334968,0.00388020837977531,0.00434785909767359,0.00552876985655195,0.00278049526268628,0.00654179583787097
0.00290223297738101,0.000875603874530002,0.00570098217844322,0.00716144627343738,0.00697614042870786,0.00170427488566762,0.00307884053929979,0.006477056370565,0.00902836953206984,0.0085562759630611,0.00265545313665086,0.00435645243234189,0.00308308622078428,0.00381402247273186,0.00766897691049157,0.00387686356134751,0.00434202033511938,0.0055251701024076,0.00277823917879435,0.00653799119287139
0.00290446631834084,0.000874893553419314,0.0056985803593055,0.00715480525792553,0.00697485857447089,0.00170236101795025,0.00307414152051115,0.00647119088539683,0.00902217158740222,0.00855249879657713,0.00265221956809709,0.00435228152782721,0.00308049855199085,0.00381238014662887,0.0076659700325466,0.0038743839610767,0.00434061994098334,0.00551401887381916,0.00277653926803255,0.00653467363469326
0.00290547018904296,0.000875863585907233,0.00569995382761488,0.00715931052957174,0.00697529599064527,0.00170588712352949,0.00308067252902435,0.006476457779327,0.00903299625089789,0.00855573607865766,0.00265765232253481,0.00435679885043071,0.00308449992082709,0.00381377630242361,0.00767276208508984,0.0038769445974925,0.00434353184707,0.00552409558342294,0.00278066633861443,0.00653924140628025
0.00290227270614605,0.000875707642297071,0.00569852761615655,0.00716402261032137,0.0069773488642261,0.0017040734944265,0.00307875502436078,0.00647788562654232,0.00902848671336798,0.00855445806357576,0.00265616146710338,0.00435628841116576,0.00308267460796192,0.00381282661431761,0.00767259661081041,0.00387661252507215,0.00434289984733034,0.00552542918852377,0.00277915684306143,0.00653837260230542
0.00290526307070412,0.000876336889112468,0.00570539934023152,0.00716468726801934,0.00698048974922759,0.00171078086286867,0.00307914296129571,0.00647870663863888,0.00904054767457468,0.00857041787455802,0.00265570084396847,0.00436154085697551,0.00308447966205322,0.00381612604101393,0.00768209134694646,0.00388223439750354,0.00434991482740276,0.00552209564121578,0.0027907055361893,0.00654160992536083
0.00290715616432075,0.000876313022551373,0.00570405796236674,0.00716409516215644,0.00697606723691116,0.00170625444668583,0.00308123238906663,0.00647707272576766,0.00902823947887987,0.00856048528196711,0.0026561964753701,0.00435712328250422,0.00308358206900232,0.00381993322883819,0.00767183177238746,0.00388153468146219,0.00434445121702726,0.00552692072414137,0.00278010400875583,0.0065412706944964
0.00289929032345848,0.000875736118140611,0.00569945250757914,0.00716128517683484,0.00697507954771678,0.00170374307172976,0.00307811350565826,0.00647253668486078,0.00902730080477667,0.00855592759758041,0.00265575566388543,0.00435543946948028,0.00308164624542293,0.00381503786575267,0.00766725839001897,0.00387573589605349,0.0043418406132036,0.00552394953955129,0.00277882722660679,0.00653654858016091
0.00290630603993628,0.000875973225735686,0.0057035512099986,0.0071642467116652,0.00697931623970056,0.00171022235489356,0.00307730104987087,0.00647704946770901,0.00902674051468299,0.00856444160374502,0.00265493232163809,0.00438247266701967,0.00308622835193184,0.00381487268261852,0.00767516525101346,0.00389414866609941,0.00434483425022069,0.0055214651268808,0.00278036643700845,0.00654888172496517
0.00290505240541663,0.000876334330415318,0.0057055614158974,0.00716719172806974,0.00697991542928678,0.00170433244151862,0.00307916828512674,0.00648053036693434,0.00903344653000322,0.00856320937689011,0.00265580925237683,0.00435723202521257,0.00308368189406084,0.00381732214811566,0.00767457858860014,0.00387994442743955,0.00434771593576309,0.00552432915819165,0.00278280636410521,0.00654220541044493
0.00289781317818952,0.000874756668329076,0.00569570014701624,0.00715380455604545,0.00696910559399911,0.00170261256876959,0.00307413580308873,0.00647148353744128,0.00901915750942441,0.00855288338447713,0.00265195814076192,0.00435232068084214,0.0030797198533739,0.00381328541722368,0.00766452015386846,0.00387483069032489,0.00434115291024002,0.00551719701932957,0.00277698272895885,0.00653195256186562
0.00290529604233878,0.000875406714624955,0.00571142932397857,0.00715688461413756,0.0069763540626756,0.00170340909605882,0.00307568516908494,0.00647303129564567,0.00902443128820619,0.00856798378852809,0.00265365744200769,0.00435636381358242,0.00308193916702565,0.00381645409296192,0.00767053460659286,0.00387735519207383,0.00434321605131605,0.00551631753325431,0.00278403527814044,0.0065371440518745
0.00290759392938561,0.000876462532430038,0.00570614328010667,0.00716719957530384,0.00698105756363224,0.00170481449732464,0.00307881157262108,0.0064808934901392,0.00903330401257421,0.00856398917558768,0.00265600095423699,0.00435944232503287,0.00308458103022961,0.00381636109951295,0.0076778312015941,0.00387961479834029,0.004347375100888,0.00552885337440091,0.002784391265,0.00654207244403507
0.00290521546877488,0.000876737346573202,0.0057081840912908,0.00716828274827749,0.00698018768819997,0.00170554237367436,0.00308131131127289,0.00648389612778111,0.00903791732872348,0.00856328586267326,0.00265809341745837,0.00436196661416229,0.00308506914774244,0.00381755575368668,0.00767496269229333,0.00387906424825404,0.00435153180790543,0.00553053356857578,0.00278282961028446,0.00654258043934549
0.00290906126309802,0.000876240928900238,0.00570807436268895,0.00716891498070086,0.00698009452695313,0.0017099733780875,0.00307906970229051,0.00648348427333695,0.00904081798238123,0.00856902378878292,0.00265753880444468,0.00435881377580632,0.00308715543597291,0.00381818194745699,0.00768430278078924,0.00387950974683932,0.0043487536559394,0.0055257096479242,0.00278085316280639,0.00654146578058385
0.00290298422262504,0.000875634963496969,0.00570302959546888,0.0071630810699992,0.00697752495970187,0.0017054929517213,0.00308016448074554,0.00647729742379176,0.00903186803693216,0.00855890547197122,0.00265736303998835,0.00435678162201039,0.00308311760281418,0.00381435047618127,0.00767399986214683,0.00387810213607656,0.00434562727539031,0.00552592791482745,0.00278036588706205,0.00654147393008275
0.0029085703100192,0.00087657789256117,0.00570588764584303,0.00716565427737182,0.00698212112231592,0.00170451597487872,0.00307835170275134,0.00647860045714615,0.00902990639779006,0.00857684526572663,0.00265950144994501,0.00435847036449656,0.00308393205615431,0.00381576509985951,0.00767849525803042,0.00388404931664556,0.00435257817519849,0.00552100828902644,0.00278033374560264,0.00654423148768831
0.00289909690318372,0.000875018635182371,0.00569830806214739,0.00715876756580484,0.00697288369829001,0.00170256525977399,0.00307584408096783,0.00647079741461746,0.00901945677572768,0.00855149091620176,0.00265366293756556,0.00435234342054883,0.00307888078986108,0.00381071868786947,0.00766444823570132,0.00387401395140852,0.00434544665738725,0.00552048570400127,0.00277737264797763,0.0065348980462683
0.00290412858796526,0.000875966148675708,0.00570483009568301,0.00716488252635797,0.00697883789632371,0.00170461016741309,0.00307874629587946,0.00647573894141633,0.00904034291542507,0.00856221243471725,0.00265653095516632,0.00435639793073679,0.0030829929952827,0.00381695862759907,0.00768050867267924,0.00388106189152413,0.00434503462294709,0.0055226838690663,0.00278235898099766,0.00654423456418916
0.00290563832817381,0.000875394735227722,0.00569703640143867,0.00715704209520635,0.00697421325661987,0.00170293425115825,0.00307460048216404,0.00647423469580753,0.00902698226610192,0.00857447464034616,0.00265284157848775,0.00435608407442307,0.00308551671484741,0.00381447792382291,0.00766987897757828,0.00387467015591601,0.00434223245383657,0.00551525046208597,0.00277854989654388,0.0065342838150099
0.00290337888090783,0.000876332161454125,0.00570219030591283,0.0071594119483309,0.00698233484523291,0.00170459310830144,0.00308034445026394,0.00648052854133534,0.00903158799698967,0.0085584388677646,0.0026586100930992,0.00435699335275428,0.00308215272682146,0.00381604471636422,0.00767121150798892,0.00387979164057587,0.00434381490187378,0.00553068522704619,0.00278047814524692,0.00654102888956066
0.00290576746038946,0.000876198259300432,0.00570314692372746,0.00716369241594859,0.0069785218772299,0.00170578588865075,0.00307787685583609,0.00647571580949277,0.00903376478677436,0.0085599977009318,0.00265541354044137,0.00435769809060843,0.00308384461487311,0.00381615550841543,0.007682319700033,0.0038785723017473,0.00435656410909253,0.00552939631031636,0.00277950738912365,0.00654071269234839
0.00290190221028484,0.000875774962700892,0.005700879621553,0.00716223422226483,0.00697704912987771,0.00170394953880783,0.00307976076112832,0.00647395916761834,0.00902809655424222,0.00855670318257924,0.00265721115156428,0.00435549483436823,0.00308516113699425,0.00381507129316149,0.00767046714253134,0.00387584893522221,0.00434289914687639,0.0055246351207995,0.0027791097308673,0.00653749875559414
0.00290811499497605,0.000876030661116709,0.00570234436490011,0.00716328052352481,0.00697829877512102,0.00170368005992804,0.00307817271766738,0.00647568209411072,0.00903735448878039,0.00856024281384013,0.00265736073382297,0.00435786881214357,0.00308381422693754,0.00381426357461227,0.0076719700412894,0.00388043792933144,0.00434495620176824,0.00552160897387638,0.00278018290877528,0.00654293487956728
0.00290505434708863,0.000876020996917371,0.00570160070548098,0.00715999623733908,0.00697531602410506,0.00170337490523239,0.00307457855848534,0.00647572597491313,0.00903029233179951,0.00855420345922754,0.00265561971766726,0.00435786250305499,0.00308454564504002,0.0038173017188773,0.00767148036631821,0.00387616209933438,0.00434172019814057,0.00552323818310542,0.00277838827996983,0.00653958874422871
0.00290444359405593,0.000876383460127159,0.00570594231622016,0.00716602633611716,0.00698055156140377,0.00170502042248628,0.00308187615712269,0.00648023327042692,0.00903344662364559,0.00856320941698038,0.00265670129099703,0.00435859411520621,0.00308465492446283,0.00381658352678972,0.00767561607380547,0.00387895683949723,0.0043477946336131,0.00552547696611088,0.00278088700751246,0.00654464349607975
0.00290262099537542,0.000875945927610598,0.00570474232682062,0.00716706835539959,0.00697793730322711,0.00170433165099961,0.0030763795612252,0.00647761538098768,0.00902961731631777,0.00856115932501242,0.0026542443996938,0.00435716937348853,0.00308381576270902,0.00381505620242588,0.00767573453855835,0.00387809424142787,0.00434412204565632,0.00551901379305368,0.00277902906596393,0.00654076463271018
0.00290529124221311,0.000876863103671697,0.00570146520887201,0.0071590088319443,0.00697522256825437,0.00170466443103892,0.00307519702877885,0.00647034854918208,0.00902207956762162,0.00860163817486801,0.00265218343284903,0.0043524612443941,0.00308172156166886,0.00381590121013098,0.0076704755356426,0.00387798746173868,0.00434810016725116,0.0055167936275591,0.00278154850732101,0.00653786896112899
0.00290765772053022,0.000875616123804867,0.00569957078773555,0.00716030071967651,0.00697333277098794,0.00170969877398802,0.00307968923716314,0.00647217791362188,0.00902067885356231,0.00855760415417025,0.00265721279294958,0.00436059344414027,0.00308560330566872,0.00381326853945478,0.0076717414021981,0.00388185019460083,0.00434250456707406,0.0055172202913953,0.00277816352259572,0.00653972472853835
0.00290197896964068,0.000875768551606802,0.0057014370948186,0.00716286486189343,0.00697676660877209,0.00170399528766123,0.00307777143213536,0.00647384497357228,0.0090245079268223,0.00855916756995847,0.00265476000171039,0.00435652535631681,0.00308268175409355,0.00381386783784007,0.00767159346595726,0.00387828028878675,0.00434229669568886,0.00551983128749724,0.00278008303266926,0.00653806801437537
0.00290576394982924,0.000875885859607987,0.00570420051930795,0.00716554632118758,0.00697920903556879,0.00171057714825217,0.00307915195022516,0.00647794648052068,0.00903859051611251,0.0085697610294142,0.00265781759857397,0.00436255909383205,0.00308378815259387,0.00382063133219817,0.00767171849798076,0.00387848726993893,0.00434963145027215,0.0055211466341086,0.00279086816750752,0.00653947475411919
0.00290016901617898,0.000875305177729986,0.00569691663395068,0.00716362680335585,0.00697923434892286,0.00170284166103168,0.0030750720463786,0.00647111971329878,0.00902096591521252,0.00855295939961669,0.00265280393931795,0.00435288351417745,0.00308040254813287,0.00381184885126445,0.00766744533058464,0.00387487847025582,0.00434150279172172,0.00551507189561123,0.00277921163144866,0.00653525429748127
0.00290351428095975,0.000875464828138885,0.00569459873251089,0.00716169935026387,0.00697078259242155,0.00170348507438711,0.00307297076759791,0.00647438783736827,0.0090259803489144,0.00855909815155071,0.00265162770762849,0.00435602183525039,0.00308193276794491,0.00381616813679771,0.00767268491872974,0.00387641467033786,0.00434313715092285,0.0055125460445119,0.00277890015771344,0.00653662025917571
0.00290188484095571,0.000875488553568465,0.0057027819824543,0.00716144092714329,0.00697597962974408,0.00170440325465879,0.00307886782435279,0.00647736063710534,0.00902775778510872,0.00855922721436024,0.00265634490656671,0.00435719740888256,0.00308212015638372,0.00381329404462169,0.00767263795084067,0.00387680368991504,0.00434444872815776,0.00552726573954729,0.00277953849297948,0.00653817499963752
0.00290222295896842,0.000875841351525016,0.00570211001336649,0.0071661720907339,0.00698305206610377,0.00170604138198166,0.00308227123708089,0.0064789628033406,0.00903652566489571,0.00856611292549508,0.00265856658594047,0.00436047128567555,0.00308553307470142,0.00381833504875007,0.00767652231920727,0.00388197323253142,0.00434917894006802,0.0055296369882508,0.00278256708910313,0.00654214982838602
0.00290349383459668,0.000875643027969669,0.00570186058701892,0.00716309888331021,0.00697633350388365,0.00170515581636535,0.00307725587931299,0.00647655762806874,0.00903353383746236,0.00856697559593508,0.0026564892919432,0.00435682389577788,0.00308336131964041,0.00381920323145375,0.00767322034846535,0.00387988102706642,0.00434913404525548,0.00552379020589991,0.00278054683297157,0.00653877075627747
0.00290266859744051,0.000875518323040851,0.00570414967434667,0.0071630452721611,0.00698059785228445,0.00170423385879629,0.00307667132066681,0.00647393271469054,0.00903153648435014,0.0085570544682203,0.00265464893198968,0.0043581975197141,0.00308145049211991,0.00381354358649667,0.00767379909630543,0.00387892210574898,0.0043451336135942,0.00551776494270458,0.00277983837182399,0.00653920225403487
0.00290772088920073,0.000876146609713942,0.00570423329404246,0.0071645401748256,0.00698208965574354,0.00170489368258515,0.00307863916227171,0.00647970320899073,0.00903694198640315,0.00856494502175248,0.00265518223822774,0.00435663272696394,0.00308987836807407,0.00381751942059467,0.00767516225565817,0.00388272615036144,0.00434450180946871,0.00551987164718814,0.00278085333972248,0.00654453162147378
0.00290410169800218,0.000876456968155431,0.00570606437445409,0.00716835539941059,0.00698313367413458,0.00170582587732402,0.00308175347637089,0.00648178911078731,0.009033215631897,0.00856247418525003,0.00265829491361048,0.00436015551914865,0.00308440462733357,0.00381727628303021,0.00767675528933958,0.00388092986748191,0.004347240218734,0.00553096023824846,0.00278097361808602,0.00654410909500023
0.00290046287239143,0.00087536841576217,0.00569700110808882,0.00715334476225291,0.00697301443394401,0.00170339807376262,0.00307841954609306,0.0064709597039734,0.00902374611564925,0.00855342698976943,0.00265452772176605,0.00435210463233147,0.00308067091463,0.00381267739207396,0.00766621157712535,0.00387453384069954,0.00433967789526108,0.00552126918009043,0.00277686897820353,0.00653267179024778
0.00290193724856022,0.000875825777757846,0.00570407594321634,0.00716382519864894,0.00697708054703206,0.00170351248230821,0.00307664576065115,0.00647760114053407,0.00902602402564236,0.00856083115024931,0.00265394981370741,0.00435851020367816,0.00308406100861621,0.00381456301916264,0.00767181275084073,0.0038772183503251,0.0043455919965843,0.00551767471384464,0.00277879410040481,0.00653760364807963
0.00290273711978408,0.000875733423332034,0.00570621645739723,0.00716179341690616,0.00697643771494805,0.00170471860686238,0.00307889541692124,0.00647826277382924,0.00902702977680618,0.00856111488060873,0.0026546705983515,0.00435717344554453,0.00308337656231637,0.00381643602380821,0.00767109001210198,0.00387978548366447,0.00434236423751219,0.00552307812872338,0.00277881757807168,0.0065394552797196
0.00290522480768576,0.000876728284199471,0.00570452329506799,0.00716515660703465,0.00698016977870642,0.0017049407006515,0.00308094336391476,0.00648007587197581,0.00903445904076459,0.00856605274652532,0.0026584215743547,0.00436055407766759,0.00308453934129606,0.00381690723016477,0.00767570365360184,0.00387926447272664,0.0043464189619582,0.00553560873462611,0.00278155484332166,0.00654336042016933
0.00290174708596366,0.000875560683366936,0.00570033746863298,0.00715914440002407,0.00697374506903038,0.00170309833444091,0.00307588215023362,0.00647222360639787,0.00902331217470882,0.00855672501488824,0.00265243841024616,0.00435544316292404,0.00308124172063152,0.00381326408686119,0.00766783855353313,0.00387623093332158,0.00434282387125249,0.00551671232279898,0.00277793435220494,0.00653687524551475
0.00290071680351609,0.000875538350935112,0.00570060392141184,0.00715864142453765,0.00697485961273105,0.00170322268446368,0.00308251032696067,0.00647217812517302,0.00904020911059676,0.0085565990584764,0.00265851598351973,0.004364585331975,0.0030871434635178,0.00381342802153496,0.00767150262899613,0.00387623315490266,0.00435269856696099,0.00551671538116411,0.00278316139634492,0.00654922034191858
0.00290286260597029,0.000875611227512528,0.00570326477535522,0.00716814365541434,0.00697914998200581,0.00170516920605777,0.00308262949640084,0.00648382815605858,0.00903575848723509,0.00856546313947253,0.00265720901740332,0.00435787437959338,0.00308314466771628,0.00381726972882298,0.00767813801765404,0.00388002971038334,0.00434622157266753,0.00552886491973453,0.00278128824530409,0.00654243917803482
0.00290652307109337,0.000876389380216582,0.00570614153920073,0.00716742051623461,0.00698110264165341,0.0017054359758313,0.00308073901294014,0.00648164850913488,0.00903222215074373,0.00856459144619246,0.00265780618511331,0.00435830521578673,0.0030847633111842,0.0038156949553722,0.0076779772293092,0.00388016312947475,0.00434575550063916,0.00552982702293244,0.00278079800455262,0.00654354199442457
0.00290454484883511,0.000876735727548333,0.00570710612197169,0.00716995970477985,0.00698312586356725,0.00170562002113916,0.00308302806092952,0.0064821937470686,0.00903776179340794,0.00856775749077247,0.00265936602442435,0.00436062535399388,0.00308448021889793,0.00381727158869744,0.00767906277973312,0.00388055218309736,0.0043470979512499,0.00553101172986856,0.0027812435306874,0.00654350459239616
0.00290386277239207,0.0008765507157802,0.00570712686307779,0.00716278206215584,0.00698047824261526,0.0017058171036633,0.00308112684813704,0.00648055850504605,0.00903378586246316,0.00856124542602276,0.00265892046681203,0.00435923165576004,0.00308536579092749,0.00381654765982513,0.00767642013586509,0.00388023696522419,0.00434626133595904,0.00553170560206648,0.00278163719031779,0.00654557204808351
0.00290163236436261,0.000875225714303275,0.0056976930959088,0.00715625436868401,0.00697114366489872,0.00170453812382252,0.00307774297686885,0.00647544394779541,0.00902300070491066,0.00855239853224048,0.00265685432054411,0.00435744198843857,0.00308004393368866,0.00381526246590314,0.00767151582145309,0.00387880673467666,0.00434502551404995,0.00551940731707415,0.00277991389374711,0.00653682639536709
0.00290242689819817,0.000875230952513095,0.00569888031345262,0.007158924594049,0.00697500164721961,0.00170303957587211,0.00307745287834506,0.0064710979752464,0.00902214822759533,0.0085567705222655,0.00265667177448531,0.00435832555984444,0.00308089836866363,0.00381304029082671,0.00767290276112402,0.00387968002355933,0.00434615946820766,0.00551839692448901,0.00277835858105092,0.00653760250267825
0.00290218011091017,0.000875693167264332,0.00570131489634393,0.00716016786126968,0.00697662312545075,0.00170491871788249,0.00308149404055151,0.00647550137505225,0.00902654621305157,0.00855597231388675,0.00265542620880622,0.00435777183615901,0.00308165885512843,0.00381448851106574,0.00766966888658033,0.00387725750449508,0.00434434576132243,0.00552536136135216,0.00277862726064375,0.00653777865014274
0.00290166019576083,0.000875623865297663,0.0057009633401918,0.00716029562167963,0.00697586843453766,0.00171259425449481,0.00309354336424611,0.00647594465810031,0.00902377648967221,0.00859933427379549,0.0026688251021966,0.00435476736302664,0.00309807269480045,0.00383316025194513,0.00771049343043164,0.00389621529578991,0.00436926777759957,0.00555176415415267,0.00279248791846335,0.00657049574904552
0.00290489416228794,0.00087623264391953,0.00570586577509899,0.00716620079447408,0.00698418447986983,0.00170532278664395,0.00307971296675125,0.0064846854005663,0.00903464179482529,0.008563526105866,0.00265672771817799,0.00435798052657797,0.00308752316501491,0.00382039758384125,0.00767942655386213,0.00387875322605822,0.004346276001396,0.00552116211701071,0.00278059992233174,0.00654351469917104
0.00290772257833535,0.000875940113746151,0.00570402242459613,0.0071639734042613,0.0069817344186828,0.0017043608852889,0.00307838937244867,0.00647879411501056,0.00902875415389143,0.00857245543751566,0.00265866125863618,0.004361819763208,0.00308349163349898,0.00381765632874157,0.00768191508481478,0.00388299353685454,0.00434545630869768,0.00552187337938399,0.00278042268556302,0.00654233127719796
0.00290396402455215,0.000875652294532325,0.00569787540104354,0.00715900311249169,0.00697525279104564,0.00170266968275526,0.00307828232517296,0.00647075683214186,0.00903511963935318,0.00855349542230176,0.00266351831451592,0.00435382910423426,0.00309291242848575,0.00381559757027179,0.00766696109485886,0.0038780320297893,0.00433939164812893,0.00551566657863391,0.00277725947789274,0.00653855038027122
0.00290545422989234,0.000875785738201196,0.00570155716015678,0.00716159438821527,0.00697712488387792,0.00170378921957372,0.00309267457054802,0.00648086801520143,0.00903628743363168,0.00855620855009463,0.00265349997763732,0.00435542516312365,0.00308272738505754,0.00381586840192784,0.00767195531492223,0.00388249953211757,0.00434309782356296,0.00551910712472443,0.00277972666340772,0.00653972681524836
0.0029062597315911,0.000876172730663303,0.00570611480060972,0.00716690147402279,0.00698197117849432,0.0017055716479968,0.00307686468720815,0.00647833157938501,0.00904400114970761,0.00856381737063984,0.00265580834555815,0.00436217525519401,0.0030882840913547,0.00381641891600448,0.00767603033742572,0.0038786403255473,0.00434522309753769,0.00551999553095058,0.00278026285507707,0.00654682037937049
0.00290366595521391,0.000875928503976169,0.00570333637372464,0.00716779525950928,0.00697821932290112,0.00170460358444977,0.00307697376441646,0.00647783095846316,0.00902527799506839,0.00856085925095942,0.002654688134046,0.00435771156296546,0.00308285537281307,0.00381523156584381,0.00767315344159409,0.00387782253110338,0.00434365427184073,0.00551922457973739,0.00278036747890419,0.00654012921699712
0.00290182063695428,0.000875499048872042,0.00570024675440351,0.00716046842647725,0.00698188949913706,0.00170405541189565,0.00307553907727386,0.00647516197787643,0.00902184876483062,0.00855699593848621,0.00265282995689757,0.00435652099418955,0.00308245751418487,0.00381267585469185,0.00767069738348009,0.00387785209982304,0.00434300088778177,0.00551656664174195,0.00277784043967492,0.00653890218468259
0.0029042390019872,0.000876135336731588,0.00570524458267107,0.00716473228635721,0.00698106402685063,0.00170499810883927,0.0030799461201447,0.00647866802598775,0.00903323575423023,0.00856244771152387,0.00265720016256087,0.00435809548679561,0.0030855735034991,0.00381510320583439,0.00767475602559201,0.00387845748400558,0.00434780728627542,0.00553051170458072,0.0027798945094106,0.00654198342159463
0.00289953086487846,0.000873886646667224,0.00568929926600212,0.00714740092238423,0.00696452879639012,0.00170097998150966,0.00307019990052162,0.00646894734263146,0.00901262353467318,0.00854093269059403,0.00265139137636494,0.00434890778283586,0.00308019871986915,0.00381086536907943,0.00766508753581969,0.00387318803007184,0.00433561568848574,0.00550515450343986,0.00277410357753192,0.00653401252553362
0.00290560681967924,0.000875350344421346,0.00569715585930299,0.00715805784760247,0.00697204712326602,0.00170428409188106,0.00307678029565998,0.00647794118301818,0.00902899217363069,0.00855653029451089,0.00265331353501891,0.00435762164810799,0.00308012086779721,0.00381176171831182,0.00767411213311316,0.00387774871878097,0.00433950687407589,0.00551749477371053,0.00277695371785172,0.00653653113172375
0.00291123784709036,0.000878064233206198,0.00570785792081197,0.00717420968141067,0.00698669917155223,0.00172058511655568,0.0030843277813274,0.0064829586505258,0.00903670946604514,0.00857036903502219,0.00266141478769851,0.00436158021354726,0.00309002639070685,0.00381826408765539,0.00768331782079852,0.00388485387373404,0.0043491027704437,0.00552936111073659,0.0027851959604083,0.00654625063153173
0.00290138816612665,0.000874910931730126,0.00570127852536741,0.00715819324570002,0.00697324090894248,0.00170441459672172,0.00307625291894481,0.00647340094200116,0.00902220962617762,0.00856118247130792,0.00265396098140088,0.00435473102876455,0.00308389880158446,0.00381480732060852,0.00766761375537269,0.00387871180922,0.00434059588935713,0.00551622523428449,0.00278147591982042,0.00653654657545417
0.00290167890504127,0.000875314969660496,0.0056998377008894,0.00715890607215013,0.00697580406736477,0.0017034249967982,0.00307669733913139,0.00646999762336016,0.00901914744347001,0.00855273304684456,0.00265285990183084,0.0043541690582829,0.00308072785216993,0.00381493215344521,0.00766604129109254,0.00387576701742339,0.00433935350487361,0.00551621312464985,0.00277796419800881,0.00653614749464481
0.00290150831803673,0.000875457612418506,0.00569306125386041,0.00715566165730683,0.00697470373488979,0.00170478327265702,0.00308080018749373,0.00648231030752281,0.00902123972861038,0.0085471690308294,0.0026537862548559,0.00435897249321755,0.00308607058941141,0.00381641425875577,0.00766774849113612,0.0038735840506678,0.00434165869636189,0.00550882647894512,0.00277793601372245,0.0065341547401657
0.00290641785771024,0.000875658284685935,0.00570313278301349,0.0071644962001053,0.00697698251256678,0.00170567870681243,0.0030779647345679,0.00647788345883488,0.00902840716094418,0.00856037756163012,0.00265580150379812,0.00436062792955734,0.00308397576450359,0.00381932816308629,0.00767427050838579,0.003885101045333,0.00434902830891184,0.00552521550694485,0.0027792316602292,0.006548608219535
0.00290251277638794,0.000876454607401284,0.0057041324756967,0.00716571791174046,0.0069780756966072,0.00170609918654719,0.00308222930656709,0.00648143340826797,0.00903421632969767,0.00856174719256545,0.00265951709730504,0.0043602267170154,0.00308485633401837,0.00381810528461184,0.00767380186721393,0.00388020842904713,0.00434735116078287,0.00552976610674945,0.00278143592930438,0.00654210569493859
0.00290199399781814,0.000875542381171283,0.00570084972222884,0.00715936843782803,0.00697206408047949,0.00170351321966175,0.00308482451945103,0.00650805418771579,0.00902249831937588,0.00855284720228025,0.00265603882112498,0.00435526595536309,0.00308034560111595,0.0038139924300525,0.00766682994631649,0.003874931531997,0.00434023239903157,0.00551957522095918,0.00277807530697759,0.0065347941865967
0.00289905391927143,0.000874586183818033,0.00569590018775273,0.00715646729410602,0.0069678837622881,0.00170246192625382,0.00307300219285023,0.00646800823887934,0.00901330666429685,0.00854595930914381,0.00265137480584354,0.0043518424266672,0.00307843942089043,0.00381182328538726,0.00766310780469923,0.00387288183511031,0.00433677069922591,0.00551495494224624,0.00277598684639071,0.00652972722666293
0.00290188625504623,0.000876082851518109,0.00570160665173442,0.0071637102416036,0.00697566199581676,0.00170423519215827,0.0030815630417334,0.00647549912482511,0.00903326193900795,0.00855784392539241,0.00265632588964154,0.00435577408155281,0.00308315374182494,0.00381627759963247,0.00767073842408543,0.00387772087443533,0.00434363559346595,0.00552441447937154,0.00277985157506696,0.00653707087630527
0.00290325985050779,0.000876465398435021,0.00570679209275446,0.00716845282921991,0.00698029856990793,0.00170571954079253,0.00308140698586741,0.00648230441148076,0.00903525980153842,0.00856406955336884,0.00265745890738771,0.00435746443204021,0.0030834220547022,0.00381620215868857,0.00767727753934096,0.00388043006046067,0.00434689134503585,0.0055320706388489,0.00278198622653319,0.00654529072196509
0.00290360653068053,0.000875958219731135,0.00570210444662022,0.00716413524296565,0.00697980304850874,0.00170353115726648,0.0030906699185254,0.00647643550513962,0.00902750881484408,0.00855936971792469,0.00265555798452832,0.00435623441694381,0.00308334726756201,0.00381865052536534,0.00767206918134631,0.00387822051656628,0.00434490884596306,0.0055244044142432,0.00278765000433425,0.0065407755203249
0.00290436575746782,0.000876175718726128,0.00570602050790149,0.00716849916642672,0.00698002013495702,0.00170615085591391,0.00308082370397892,0.0064824063827122,0.00903459520876806,0.00856506569853371,0.00265838189785357,0.00436036906252191,0.003084932640491,0.00381652568298092,0.00767663464675796,0.0038796290566774,0.00434648549811099,0.00553110495339661,0.00278131265135227,0.00654321231105715
0.00290472936790046,0.000875739824075415,0.00570361644346063,0.00716629958820781,0.00697262660138916,0.0017035333278995,0.00307647980441628,0.00647608670707973,0.00903485578970949,0.00855167774001866,0.00265328952728936,0.00435600983528339,0.00308649786652939,0.00381496843577753,0.00767146419717715,0.00387787035658307,0.00434568253334967,0.00551875146057028,0.00278151347682272,0.00653362270276555
0.00290220347139189,0.000876603935564365,0.00570379441968257,0.00716152601998134,0.00697969582640782,0.00170484988898899,0.00308110377097057,0.00647833177516229,0.00902766117794378,0.00856576271986634,0.00265836663569931,0.0043571761512338,0.00308601359446573,0.0038152567347167,0.00767560157414265,0.00387666189598796,0.00434439106728086,0.00552153460927242,0.00278128614218045,0.00654256474542225
0.00290036294972272,0.0008761206622416,0.00569901155586303,0.00715511044467927,0.00697389614661677,0.00170443212709309,0.00307759590613005,0.00647636214651786,0.00902847852874511,0.00855336277607095,0.00265488548538144,0.00435525647157261,0.00308494880467375,0.00381259442838747,0.00767414425058553,0.00387501851453381,0.00434283254690426,0.00552132030982409,0.00280512645425121,0.00653363253405401
0.00290466559045562,0.000876331268879086,0.00570466173011275,0.0071685665078462,0.00698180455891716,0.00170706679180791,0.00308243698611587,0.00648003224928879,0.0090344446493854,0.00856298762474745,0.00265982482125063,0.00435928944150445,0.00308439927882435,0.00381592900940228,0.00767570174222372,0.00387831284892886,0.00437158205246678,0.00553132887371234,0.00278118743164409,0.00654335055911414
0.00290553479029381,0.000875104421290069,0.00569795382115662,0.00715800510701591,0.0069716742388649,0.00170581077270282,0.00307639469669657,0.00646937725914928,0.00902672454892188,0.0085595995969836,0.00265718863590636,0.00435205248957262,0.00308688765290189,0.00381473640226799,0.00768175693579951,0.00387660512262526,0.00434688514018811,0.0055216334725552,0.00277891988685654,0.00653519770550935
0.00290342787128074,0.000875694911567936,0.00570432788975532,0.00716123315569992,0.00697947987164044,0.00170458034780429,0.00307913124662534,0.00647991275188733,0.00902844766835596,0.00856100647603171,0.00265548077492282,0.0043570316017557,0.00308127099977807,0.00381613905659619,0.0076727713480663,0.00387864875776069,0.00434793658993792,0.00552949136640538,0.00277997582068646,0.00653690715546114
0.00290211170621842,0.000874797982100301,0.00569859577445578,0.00715848841584007,0.00697244685473431,0.00170431580976236,0.00307668298225949,0.0064742057052306,0.00902461445627191,0.0085546464918667,0.00265635154058531,0.00435539317051869,0.00308051139817301,0.00381392797257801,0.00766597245731953,0.00387667338248445,0.00434293427627979,0.00552379189967389,0.0027791175950635,0.00653591786238061
0.00289702400341866,0.000874340839524871,0.00569195898821326,0.00715433080629914,0.00696844154794182,0.00170186430962703,0.00307231564154544,0.00651707150148,0.0090127416098796,0.00854920401539483,0.00265659906277134,0.00435047843021074,0.00307684791579194,0.00380881214170975,0.00766300918140174,0.00387140134462823,0.00433680280218921,0.0055106776480033,0.00277553334813932,0.00653686536151282
0.00290539207259589,0.000875625753198383,0.00569871561703353,0.00716089091793303,0.00697668949310471,0.00170605677981541,0.00308030333146735,0.00647350129955584,0.00902481704613071,0.00855265416268,0.00265665479917931,0.00435417956333136,0.00308227035230345,0.0038140707128024,0.00767377011880786,0.00387797050835913,0.00434720290963119,0.00552447697603184,0.00277878123973781,0.00653854929242819
0.0029040548349751,0.000875772538373295,0.00570100920540866,0.00716379771809893,0.00697704412887335,0.00170369602732387,0.00308938141064706,0.00647603893327817,0.00902842633689068,0.00855689835625653,0.00265544861736088,0.00435936844479601,0.00308528929553984,0.0038152918899634,0.00767860536149636,0.00387963991182854,0.00434585734433463,0.00552067605315412,0.00277902773449254,0.00653994640294371
0.00290470298031101,0.000876381064126003,0.00570607181787412,0.00716716801524481,0.00698222423453549,0.00170549084592276,0.00308172974369291,0.00648070085699778,0.00903401484599947,0.00856628024242623,0.00265717998665008,0.0043600616637418,0.00308691104364687,0.00381649354067308,0.00767590413726068,0.00387839405345205,0.00435145904459811,0.00553024031666534,0.0027811977396852,0.00654289692112237
0.00290178304119027,0.000876073399934188,0.00569950793736986,0.00716022204938408,0.00697519893435284,0.00170489935013668,0.00308090063754069,0.00647875309566314,0.00902840408579414,0.00856728207017732,0.0026566567665689,0.00435448086728329,0.00308307507478562,0.00381807110274774,0.00767424090375718,0.00387697992910394,0.00434403677132414,0.00552442261655267,0.00277863047455361,0.00653956522275732
0.00290832712904622,0.000876004520836502,0.00570247178178889,0.00716532248276915,0.00697694242054264,0.0017039278126963,0.00307651714636012,0.00647510455481077,0.00902806741668286,0.00855890816947473,0.00265683343774912,0.00435616079099618,0.00308556576450564,0.00381651177832718,0.00767105612356764,0.00388011275299339,0.00434721461114109,0.00552570618835348,0.00277978729068698,0.00654101664370252
0.00290119135835094,0.000876446536908817,0.00570504490571985,0.00716422679391989,0.00697509145022014,0.00170594984167546,0.00308072637205397,0.00647798162670797,0.00903676226782102,0.00856274126715224,0.00265772461231541,0.0043607416331691,0.00308467858497654,0.00381521189523825,0.00767488508012984,0.00387863492770712,0.00434536424179358,0.00552922574540359,0.0027808670963857,0.00654235552487002
0.00290582687110091,0.000875339077978271,0.00569740212918139,0.00715869382463693,0.00697384197669274,0.00170204119671667,0.00307550303764979,0.00647214282521744,0.00902103214065874,0.00855079923390616,0.00265167766455511,0.00435301378689399,0.00308070161590265,0.00381514281853728,0.00766760661074816,0.00387415371222801,0.00434309508022586,0.00551443253301649,0.00278018792191542,0.00653638130654784
0.00290472717965981,0.000875569825456224,0.00570027808961639,0.0071597544102654,0.00697459491353988,0.00170309295656689,0.00307925740003129,0.00647575763202583,0.00902733577918159,0.00855722980625119,0.00265354567810862,0.00435562360173923,0.00308187821353165,0.00381821028261741,0.00767172397924316,0.0038842084119775,0.00434218829139936,0.00551806952770903,0.00278208268980988,0.00654011138018146
0.00290169487940081,0.000875325920351272,0.00569366383956229,0.00715169849538695,0.00697298630684633,0.00170331109475688,0.0030785984210043,0.00646711480504257,0.00901577326472465,0.00854963980392087,0.00265757235302581,0.00435042457354114,0.00308408169785864,0.00380894706344951,0.00766480498675924,0.00387210732811406,0.00434123137076986,0.00551612463005364,0.0027756824087653,0.00653204981610562
0.00290519164378935,0.000875166425634893,0.00570400463389459,0.00716126089984341,0.00697233659657623,0.00170358982729102,0.00307596465629798,0.006474356224002,0.00902311678219118,0.00855606802972619,0.00265405201092994,0.00435841802911103,0.00308187300066719,0.00381495073237013,0.00767162947438992,0.00387442229767603,0.00434670339716962,0.00552010143891111,0.00277913068865247,0.00654462012556476
0.00290411721437078,0.000876044382235527,0.00570357930826102,0.0071660708127067,0.006981156640136,0.00170538886242868,0.00308035575483719,0.00648411658484134,0.00903677965550931,0.00856795172493841,0.00265742871848835,0.00435735807671166,0.00308485135422974,0.00381816291261152,0.00767341347155747,0.00388102023979611,0.00434412787878044,0.0055253137965823,0.00277923266809787,0.00653916141721933
0.00290112553237212,0.000875328932689958,0.00570099876699963,0.00715945943559433,0.00697296952211434,0.0017035001693595,0.00307666342307593,0.00647244721092844,0.00902225711988383,0.00856093559426683,0.00265300682320766,0.0043564607626282,0.00308196872185516,0.00381387330761349,0.00766971536010128,0.00387616851035578,0.00434062027119026,0.00551862430536155,0.00277829731427089,0.00653774942852348
0.00290341987936348,0.000874925319546521,0.00569869366832427,0.00715623225217728,0.00697152169114468,0.00170281833287292,0.00307412701506949,0.00647643651608128,0.00902838658181638,0.00855378357218857,0.00265582753556874,0.0043549763035755,0.00308222373468039,0.0038118674688267,0.0076674324367377,0.00387416927436761,0.0043428238877475,0.00551524238884242,0.00277994627457759,0.00653248047470974
0.0029055521219874,0.000876363424832203,0.00570442043212732,0.00716685818744299,0.00698205636968976,0.00170476391096548,0.00309428085924299,0.00648141829773546,0.00903516571950711,0.00856419653006272,0.00265836319970102,0.00435969652832341,0.00308772288407814,0.00381767868204855,0.00767647214495758,0.00388333424221815,0.00434724246711859,0.00552143176920272,0.00278069799131412,0.00655008373097982
0.00290006554250852,0.000874907272934895,0.00569582009041552,0.00715572207330248,0.00697210111342813,0.00170360550076848,0.00307480972290391,0.00647457056863042,0.00901960711347373,0.00855583669713714,0.00265588285393652,0.0043521189089449,0.00308192724959458,0.00381335866415226,0.00766204516598982,0.00387604042763629,0.00434099639873634,0.00551799622976667,0.00277735209977881,0.00653137178450819
0.00289882817942264,0.00087486316346904,0.00569835718195222,0.00715971073986743,0.00697202229969885,0.00170209424673903,0.00307403899256906,0.00646842086865574,0.00901585975846539,0.0085576898327049,0.0026561406440049,0.00435523521312013,0.00307965250704009,0.00381114754020088,0.00766376956713693,0.00387291871511614,0.00434023560309931,0.00551648034742442,0.00277829080775059,0.00653676895486126
0.0029048769174202,0.000875969507678667,0.0057069395427405,0.00716544420762659,0.00698455553349019,0.00170527234095058,0.00308389742831746,0.00647941255761946,0.0090319727745908,0.00856723872138741,0.00265691034410393,0.00436031955243318,0.00308511956814762,0.00381555012298136,0.00767907650644866,0.00388116259568049,0.00434887291047282,0.00552560503876104,0.00278203502849185,0.00654073333665767
0.00290384044264706,0.000875862334105612,0.00570065324558298,0.00716518505667233,0.00697581897256512,0.00170498301392403,0.00308073193458801,0.00647588264251445,0.0090287763953149,0.00856242791516467,0.00265615264432203,0.00435757147045225,0.00308442792734936,0.00381273032121257,0.00766756214996415,0.00387593108712376,0.004342583255479,0.00552124301923242,0.00278031380520728,0.00653760278778231
0.00290371396752989,0.00087611915282028,0.00570354726778944,0.0071624220791299,0.00697939444718578,0.00170325289139692,0.00307577023986592,0.0064759711838404,0.0090270353938658,0.00855754811859766,0.00265518295679965,0.00435911996422781,0.00308294251259209,0.00381448134618477,0.00767312096263391,0.0038817534451442,0.00434350840902726,0.00551922080196887,0.00277930860217982,0.00654197443363614
0.00289998543220889,0.000875620541281223,0.00569916450805438,0.00715900243346178,0.00697610744070239,0.00170271512091728,0.00307558163537146,0.00647093272674374,0.0090213599135298,0.00855218010748541,0.00265197504627608,0.00435278410544187,0.00308097648225883,0.00381279832284001,0.0076676314671644,0.00387583786009763,0.0043403454222987,0.00551490203655053,0.00277808871458522,0.00653455896193268
0.00290470619045211,0.000875494369188626,0.00570331935848784,0.00716332025846346,0.00697810225710166,0.00170332082803032,0.00307597180429862,0.00647463137028122,0.00902833723459711,0.00856075978654829,0.00265364225220352,0.00435509823626723,0.00308269263276924,0.003813951394282,0.00767782632176493,0.00387573037687636,0.00434493646840491,0.00551723390709522,0.00277807440028745,0.00653667128704857
0.00290295703242367,0.000874856095886788,0.0056935692004428,0.00715340222880075,0.0069759096127815,0.00170487833757158,0.00307598288677471,0.006482466913455,0.00902098259802042,0.00855894537185686,0.00265211950341844,0.0043526086953206,0.00308761478468291,0.00381493573965803,0.00767178116708664,0.00387667699059036,0.00433705383119829,0.00551276197658097,0.00277657751443957,0.00653910415626058
0.0029031738956013,0.000876731997976396,0.00570357190626808,0.00716435137139819,0.00698098092228614,0.00170608484483976,0.00308383054222466,0.0064786492635836,0.00903199725653723,0.00856240857461544,0.00265792905241778,0.00436448485029017,0.00308304515155779,0.00381434769562432,0.00767409075577915,0.00388541602272448,0.00435338399852098,0.00552792488441901,0.0027800866795092,0.00654332814988202
0.00290367000890203,0.000874769672976557,0.0057006643977076,0.00716237877615621,0.00697861796942126,0.00170496662691585,0.0030796272112289,0.00647939490178855,0.00902598555097846,0.00855392592238081,0.00265775899778842,0.00435839718341213,0.00308301376508685,0.0038145140659379,0.00766531958532322,0.0038804021904586,0.00434357052124654,0.00552124224884471,0.00277943271142798,0.00653690409400681
0.00290671155825931,0.000876276980813709,0.00570532732638578,0.007167035494745,0.00698395336983193,0.00170602734937494,0.00308042433759999,0.00648639454998072,0.0090453110290039,0.00856587417604816,0.00265761184983878,0.0043595431575707,0.00308563302493136,0.00381785594439636,0.00768284248269178,0.00388055343597378,0.00434699012646695,0.00552821310227817,0.00278333171118609,0.00654537033037141
0.00290284368002061,0.000875252142031618,0.00569865684837481,0.00716054773276414,0.00697197369654782,0.0017025043840364,0.00307571456110103,0.00647243106966686,0.00902414723324637,0.0085531725868006,0.00265499303977406,0.00435328667815453,0.00308222076395117,0.00381335925509275,0.00766894767654513,0.00387602734683742,0.00434023339491649,0.00552019350964766,0.00277778804998398,0.00653631739768228
0.00290501284466253,0.000876683652493672,0.00570479831953044,0.00716596208549498,0.00698229774870155,0.00170507303280024,0.00307871844050845,0.00648051307006513,0.00904067948493996,0.0085633846369526,0.00265568809030446,0.00435861970684642,0.00308383630137312,0.00382088433524393,0.00767968201947594,0.00388234521951652,0.00434654321483944,0.00552514733419292,0.00278143483634912,0.00654772159307694
0.00290569218994666,0.000875448555304062,0.00570280400791455,0.00716046406757238,0.00697643926727005,0.00170330584344382,0.00307625975817278,0.00648265996095285,0.00902564347511178,0.00856704906260939,0.0026532172045181,0.0043557512952389,0.00308259463841815,0.00381440648571737,0.00767240941680659,0.00387686854727996,0.00434238578676564,0.00551760799661532,0.00277887402463457,0.00654473518697105
0.00290834871593154,0.000875245952865392,0.00569888616206817,0.00715873833168428,0.00697670409602827,0.00170352101170989,0.00307409776442806,0.00647666162581015,0.00902937182555274,0.00856230538242675,0.0026548562341408,0.00436151303070317,0.00308317345891388,0.00381635528980489,0.0076784676987779,0.0038832559560949,0.00434436507014973,0.00551912907811923,0.00277942117441705,0.00653631861932497
0.0029020046820567,0.000875789265344815,0.00569789740958748,0.007162493132416,0.00697701135560336,0.00170444257795358,0.00307931556442845,0.00647435677234936,0.00902421766290043,0.00855865379462733,0.00265654686987652,0.0043563469933399,0.0030810135308529,0.00381371543766309,0.00767137351771784,0.00387723236332105,0.00434257192003136,0.00552607543402111,0.0027781965956855,0.00653729888107698
0.00290812388851484,0.000876357733101443,0.00570592908579024,0.00716557933272243,0.00697969685612385,0.00170759746496252,0.00307769460928365,0.00647615983726928,0.00903218269115299,0.00856196929642868,0.00265533890308954,0.00436142208349782,0.00308761134369699,0.00382150598271772,0.00767813771581035,0.00388153712170673,0.00434375732886758,0.0055218403208235,0.00278001161237764,0.00655267252133096
0.00289992549036448,0.000875427946804277,0.00569848138362026,0.00716199892230548,0.00697532147938998,0.0017034463558206,0.00307804367653526,0.00651113981621766,0.00903127693802713,0.00854988581038022,0.00266060450036275,0.00435800676965774,0.00308268107424076,0.00381539297682648,0.00767558389858125,0.00387980612290692,0.00434260812286457,0.0055246906063032,0.00277941471756911,0.00653522330173139
0.00290115255746966,0.000876123855291575,0.00569478321251177,0.00716270764663153,0.00697026539337842,0.00170374875091508,0.0030815134878655,0.00646948169195953,0.00902587521918065,0.00855268470308162,0.00265504617267449,0.00435354177497436,0.00308053777594788,0.00381380030780577,0.00766210669704645,0.00387626791716642,0.00434161270022875,0.00552361467480346,0.00277841687746798,0.00653482471369664
0.00290168067294415,0.000875424528727083,0.00569926408805579,0.00716271892476013,0.00697365517692655,0.00170276142923187,0.00307820667469819,0.00647307268829243,0.00901696479884971,0.00855586585281953,0.00265018028605224,0.00435637587091323,0.00308383432831627,0.00381506618583684,0.00767030792042284,0.00387632231226539,0.00434477174471403,0.00551719740109698,0.00277539062815838,0.00653111279211468
0.00290494651313128,0.000876818317233069,0.00570252232168722,0.00716526550203447,0.00698467275036701,0.00170551407321195,0.00307990328474115,0.00648630234698637,0.00903346635866292,0.00856840844388461,0.0026602050957427,0.00436470299329507,0.00308564507547936,0.00381602653162695,0.00767695533666481,0.00388218122286333,0.00434494824009119,0.00552048817421935,0.00278014262630729,0.00654396501954177
0.00290291893255559,0.000875901875655248,0.00569910408531383,0.00716565145176721,0.00698072590288817,0.00170397594447089,0.0030772503429459,0.00648038356315125,0.00903171872345248,0.00856762812001595,0.00265563225444079,0.00436088687068535,0.00308376186566888,0.00381515284424475,0.00767155309409865,0.00387704809071887,0.00434445861566164,0.00552180528978062,0.00277849783165419,0.00653832610383081
0.00290230754175314,0.000876241781768081,0.00570410855884627,0.00716734097486592,0.00698131532448364,0.00170447455123035,0.00307742859869333,0.00647801058255201,0.00903338386935501,0.00856162148263864,0.00265495361647681,0.00435824208243992,0.00308397877489937,0.00381693075121841,0.00767605411395327,0.00387953042917697,0.00434479213051331,0.00552155287830729,0.00278074193420894,0.00654376402895471
0.00290538244790726,0.000875900330931485,0.00570179974239462,0.00716193370136979,0.00698237893152611,0.00170371455927266,0.00307596313003293,0.00647573588819736,0.00902595757498906,0.00855865327788111,0.00265500588834723,0.00435574075726508,0.00308270565872191,0.00382020459565416,0.00767375874450517,0.00387797928239498,0.00434430077873387,0.00551692720195842,0.00277823048946825,0.00653966936953971
0.002903793892797,0.000876131053145055,0.00570476048304597,0.00716699077837035,0.00697756262692998,0.001708307366529,0.00308422168540175,0.00647805373451744,0.0090370670331464,0.00855961277297273,0.00265736717694216,0.00435560044597732,0.00308434611644426,0.00381654024376954,0.00767627318996988,0.0038775873589211,0.00434521205345407,0.00552594319063528,0.0027803923241231,0.00654070210732072
0.00290688519959213,0.000876427909105293,0.00570052855988133,0.00716922070064109,0.00697634406885027,0.00170563142240911,0.00308132647006339,0.00647470533434262,0.00903691712162117,0.00856438575679547,0.00265807298591019,0.00435986006551609,0.00308607968126559,0.0038163336563244,0.00767627078270531,0.00387879494811035,0.00434746040209627,0.00552270782476574,0.00278093030259039,0.00654521516220281
0.00290803033496629,0.000876359778588453,0.00570609373345642,0.0071642221848981,0.00698292185571469,0.00170749105224488,0.00307914547473982,0.00648944918302752,0.00904541702073409,0.00856320598996579,0.00265693558059135,0.00436583016989672,0.00308580328893702,0.00381846202090497,0.00767860600319413,0.00388448296615588,0.00434992417022052,0.0055230145657537,0.00278475927285702,0.00654509471597573
0.00290419796252819,0.000875302513324214,0.00569834290628514,0.00716308881154936,0.00697934254053461,0.00170725019198473,0.0030902636606829,0.00647596450918372,0.00903206130359237,0.00856212735461804,0.00265590320527525,0.00435606269962118,0.00308324779766761,0.00381413894868545,0.00767099573964599,0.00387818129909461,0.00434320392684173,0.00552128236329934,0.00277999995072767,0.00653917152816446
0.00290237544854883,0.000875974057189005,0.00569954035940026,0.00716323844248395,0.00697957409344774,0.00170466551827123,0.00307912598967052,0.00647595031206004,0.00902732163224444,0.00856285858484162,0.00265672742723248,0.00435634460237511,0.0030821217618128,0.00381424835716941,0.00767372613122838,0.00387783923120134,0.00434341256447914,0.00552471504277588,0.00277944877065801,0.00654121130317751
0.00289837532006969,0.000874981679501169,0.00569647886292914,0.00715758463209606,0.00697459002957705,0.00170288866495726,0.00307380057376405,0.00647224348851511,0.00902226147610581,0.00855610888150493,0.00265206083397188,0.00435380835922653,0.00307967231259409,0.00381344422501464,0.00766620754727037,0.00387496663177815,0.00434074783608201,0.00552770871508577,0.00278330554361484,0.00653527690096331
0.00290515411241186,0.000876463573916854,0.00570371979734545,0.00716510111365632,0.00698297756805633,0.00170511822227161,0.00308052525191599,0.00647816673352542,0.00903659554641657,0.00856449694962686,0.00265815419154975,0.00436218238769926,0.00308554442145001,0.00381629484194627,0.00768502007879206,0.00387840574247965,0.00434871814019906,0.00552579891674985,0.00278273003376745,0.00654283507312706
0.00290450778253582,0.000876370971527843,0.00570605834207931,0.00716978512619032,0.00698142673980673,0.00170724732619642,0.00308271663999573,0.00648093974540619,0.00903460476589254,0.00856584159674733,0.00265741555878599,0.00436249854017932,0.00308671197109225,0.00381930055710892,0.00767522322175234,0.00388260440583171,0.0043491940827213,0.00552957729072113,0.00278136435286795,0.00654509552365528
0.00290062198573158,0.000875347743085833,0.00570232342374478,0.00716214942274008,0.00697727870545772,0.00170350067583231,0.00307588492516854,0.00647454965387061,0.00902618135972165,0.00855944559374075,0.00265352278570691,0.0043554254683163,0.00308239984163212,0.00381388450984185,0.00767289366086385,0.00387678227186598,0.00434221003041017,0.00551836389228164,0.00277869159235354,0.00653899690680019
0.0029048066121916,0.000875663859852934,0.00570609019853743,0.00716553141320826,0.00697808223891915,0.00170530687312776,0.0030781715583492,0.0064776415402287,0.00903609760694649,0.00856046941224078,0.00265657453625049,0.00435447648435615,0.00308292038866607,0.00381744336614356,0.00767085054807102,0.00387746761861652,0.00434684147035434,0.00551900769928155,0.00277927647714327,0.00654933297951835
0.00290493543445493,0.000875543651045654,0.00570181124084452,0.00716011689693388,0.00697611639632031,0.00170313242830582,0.00307536128841412,0.00647236694836961,0.00902327561523802,0.00855725911147158,0.0026527511583122,0.00435486928037914,0.00308182360881795,0.00381803222610271,0.00767125538549032,0.00387571810906364,0.00434053487101619,0.0055235947122332,0.00277849174720869,0.00653690896592944
0.00290238124959425,0.000875285036189767,0.00569872867694819,0.00715925704577043,0.00697814022398256,0.00170390266748314,0.00307483309062607,0.00647377972160637,0.00902263993593804,0.00855684791723838,0.00265377915310978,0.00435574739742573,0.00308294288538233,0.0038129188929004,0.00767012821185481,0.00387709654091904,0.00434182809297352,0.00551768870331866,0.0027781763345163,0.00653843933266305
0.00290541287918318,0.000875633787021468,0.00570070752312909,0.00716189968015607,0.00697530536439846,0.00170245091963414,0.0030748393752435,0.00647989243936614,0.00901881828461766,0.00855185325248315,0.00265285465217395,0.00436050633633814,0.00307923347925151,0.00381469100459334,0.00767606714966925,0.00387467866137223,0.00434575350239597,0.00551498177781584,0.00277782677569551,0.00654079505374058
0.00290266676735969,0.000876192009066515,0.0057024988031849,0.00716173695761632,0.00697844710483478,0.00170454697412009,0.00308032269844293,0.00647756077585637,0.00903057922079233,0.0085610973695986,0.00265998413657817,0.00435762879588647,0.00308462266750878,0.00381577670806067,0.00767153927968164,0.00387988299349707,0.00434518637576932,0.00552831166339407,0.00278019320075202,0.00653995424314599
0.0029001280803848,0.000875486060606909,0.00570006642889415,0.00715865580717604,0.00697712387342668,0.00170335161478468,0.00307732195315621,0.00647021968841583,0.00902438110011599,0.00855805085374369,0.00265508459111952,0.00435405773387354,0.0030827469187155,0.00381200268647288,0.00766603903268189,0.00387475889897095,0.00433996776024233,0.00552165844989972,0.00277905049732102,0.00653884270775236
0.00290595643679708,0.000876363791920218,0.00570764630266677,0.0071669443955691,0.00698170495972287,0.0017058759163076,0.0030786128554767,0.00647983199416789,0.00903509374069338,0.0085657326670725,0.00265543954815084,0.00436405680089501,0.00308532683491713,0.00381811342557035,0.00768392446874656,0.00387861714192076,0.00435022032979749,0.00552187900893839,0.00278112429679428,0.00655005196192132
0.00290341255108947,0.000876005757372227,0.0057039407834654,0.00715961594033028,0.00697490047071714,0.00171227754156019,0.00308181161186972,0.00647500784356486,0.00904220117809165,0.0085669256444977,0.00265522218823408,0.00435743051711793,0.00309828628375605,0.00381818808562602,0.00767302520754354,0.00387975331718927,0.00435222678646975,0.00552271545865504,0.0027815788860682,0.00654344289421272
0.00290417695439251,0.000875658136069992,0.0057006816790556,0.00716232439705748,0.00697637164146789,0.00170351779591571,0.00307662854861732,0.0064740299413578,0.00902902442796105,0.0085594973514735,0.00265417235388417,0.00435509863980276,0.00309457280839676,0.0038166369420094,0.00767333482846168,0.00387744122608902,0.00434553683971433,0.00552165297402712,0.00277885442909,0.0065455605580599
0.00290388000723933,0.000875578333929489,0.00570041775628755,0.00716645252209988,0.00697067685010068,0.00170401833370267,0.00308427272624323,0.0064791214452121,0.0090277222948391,0.00856314263311283,0.00265743127411726,0.00436133576995096,0.00308713852256136,0.00381880158919989,0.00766960774481103,0.00388523344323701,0.00434996993765882,0.00552789713737402,0.002780766780555,0.00654142895589797
0.00290626339100407,0.000876057480564013,0.00570241206688119,0.00716462180011209,0.00698067108909414,0.00170753173723951,0.00307981003651755,0.00648332002509693,0.00903605697932611,0.00856250562724322,0.0026547524571791,0.00435972565772014,0.00308709363314546,0.00381994980410567,0.00767407602121875,0.00387575853820594,0.0043434360769406,0.00552585925899331,0.00278266072114831,0.00654257116649525
0.00290655780172843,0.000875590632018977,0.00570155426164304,0.00715903208236928,0.00697760127447444,0.00170518088066197,0.00307750824419591,0.00648173625055448,0.0090324456742022,0.0085649874332185,0.00265613967594989,0.00435937572941267,0.00308511337415056,0.00381627894234811,0.00767356347083033,0.00387587611990316,0.00434192003458012,0.00552873514574395,0.00278244512531597,0.00653637117317382
0.00290411193797481,0.000875564289039419,0.00570011242011296,0.00716063922478404,0.00697450165419048,0.00170287795556734,0.00307477716043792,0.00647908136547229,0.00902897892282287,0.00855556162795298,0.00265530452246224,0.00435414207461681,0.00308273237752827,0.00381793100137766,0.00767201223676081,0.00388300330044067,0.00434574715567706,0.00551718207875646,0.00278056382777289,0.00653834950849208
0.00290370633263738,0.000876158254691205,0.00569941390976762,0.00716314675000153,0.0069846255439832,0.00170412175951314,0.00307542818549381,0.00651848039278541,0.00902595717621128,0.0085560962281853,0.00265943323737389,0.00435764640797887,0.00308484835760147,0.00381454365701158,0.0076731281328679,0.00387894386760702,0.00434352599815457,0.00552039360107349,0.00278146462659255,0.00653972453142552
0.00290451558086366,0.00087584787126047,0.00570532283991713,0.0071645443647564,0.00697958305903403,0.00170563577813432,0.003078345775288,0.00647599808881409,0.00903070094145868,0.00856608922955144,0.00265724785280509,0.00435683695705416,0.00308323620873012,0.00381759667812755,0.00767790643965047,0.00387858907934269,0.00434353169158739,0.00552192696483807,0.00277977141330015,0.00654432528210231
0.00290470271183005,0.000875932938581479,0.00570567234186704,0.00716348102324267,0.00697852796263902,0.00170542114273929,0.00308103419868704,0.00647924423639487,0.0090364012414343,0.00856885832293725,0.00265813263804834,0.00436071386220537,0.00308446153556435,0.00381563052957523,0.00767594829787548,0.00388264750785371,0.00434783867297199,0.00553091488488502,0.0027811633955202,0.00654452807082525
0.00290017447764266,0.000875502421580256,0.00569615777146293,0.00715854455619473,0.00697368167701058,0.00170329001035881,0.00307751427000269,0.00647392084130093,0.00902578098135342,0.00855481433677452,0.00265591813818098,0.00435461459977618,0.00308026447377394,0.00381180599374326,0.00766660649704845,0.00387664709291849,0.0043406463595955,0.00552204071498583,0.00277836077948869,0.00653616188660002
0.00290813126894789,0.000875752787043062,0.0057001889447689,0.00716645413498041,0.00697928308309643,0.00170447783028793,0.00308271942992125,0.00648615710531144,0.00902844612003955,0.00855974750215288,0.00265725092669222,0.00435614360374832,0.00308403440382941,0.00382448827269275,0.00767266523987636,0.00388626364958393,0.00435205732524487,0.00551903116625405,0.00278045406137858,0.00654200594172754
0.00290182660688657,0.000875624755842317,0.0057033439398553,0.00716133687631441,0.00697607767798196,0.00170528106888118,0.0030816007410948,0.00647653523025762,0.00902466764458139,0.00855600439400932,0.00265463402253113,0.00435904518225042,0.00308532651661935,0.0038159141580507,0.00767288826722131,0.00387623948770963,0.00434652248127622,0.00552409946406384,0.00278166390068211,0.00653577447710172
0.00290094170346546,0.000875572558471949,0.00570195933646814,0.0071598908115547,0.00697320940937894,0.00170345484433421,0.00307513054194799,0.00647597451255791,0.00902508493318202,0.00855477117646051,0.00265263844240573,0.00435207296084369,0.00307982459184576,0.00381277154964411,0.00766807817098757,0.00387657120734902,0.00434041192021948,0.00551595029067703,0.00277813086889603,0.00653692677620836
0.00290086242341163,0.000875444005082079,0.0056968613954467,0.00716149863138073,0.00697634154786534,0.00170352804447856,0.00307754526334404,0.00647518195148051,0.00902209808072937,0.00855120811320485,0.00265501134435718,0.00435472783231194,0.00308047998064361,0.00381160115897708,0.00766667256898062,0.00387448093593623,0.00433955782037614,0.00552444423140476,0.00277846457603678,0.00653294529770336
0.00290421448703166,0.000876624352310464,0.0057062071818245,0.00716706154627314,0.0069819806248134,0.00170452462346362,0.00308056950818962,0.0064784739790908,0.00903307218159207,0.00856519600344127,0.00265573324412645,0.00435868265076737,0.00308413588269925,0.00381653679566193,0.00767652756869541,0.00387795738644705,0.00434486499620514,0.00552237862726713,0.002780543790573,0.00654316295145174
0.00290583505572928,0.000876019409199551,0.00570014269209444,0.00716202473218276,0.00697800972086673,0.00170580636754012,0.00307457137077883,0.00647354064779778,0.00903590470942639,0.00856758646616262,0.00265386731518615,0.00435551106978988,0.00308103781014268,0.00381319324848332,0.00767186890149066,0.0038756041105591,0.00434204159533387,0.00552222866891411,0.00277747805839781,0.00653765716885479
0.00290430671952409,0.000876519018883086,0.00570603985668689,0.00716708138534317,0.00698344222738513,0.00170588076875233,0.00308065214501558,0.00648106573059029,0.00903460641402306,0.00856397703769221,0.00265844430639977,0.00435994514055435,0.00308535613236111,0.00381509717906532,0.00767657826749467,0.0038791009403103,0.00434667291583987,0.00553021824752524,0.00278184600164386,0.00654279979635157
0.00290304672605466,0.000876089956384729,0.00570317729256267,0.00716343996224935,0.00697865588910267,0.00170528369416108,0.00308098004469775,0.00647789845850206,0.00903151407207442,0.00856090702533959,0.00265763450126165,0.00435944071189984,0.00308293148946703,0.00381476651148624,0.00767280549655987,0.00387898680477369,0.00434662705935331,0.00552707511262532,0.00278138834120269,0.00653882649924696
0.0029050610124146,0.000875682753518632,0.00570268100288818,0.00716215363049311,0.00697654994721891,0.00170499319923537,0.00308096835461503,0.00647528186379444,0.00903564935963262,0.00855886624338426,0.00265474295704785,0.00435544247493713,0.00308161177998538,0.00381572886392368,0.00767211204284284,0.00388011799183733,0.00434168333349697,0.00551968313377161,0.00278015010622489,0.00653683502198234
0.00290306932854141,0.000875671764733925,0.00570245178542378,0.00716572847773471,0.00697930979304727,0.00170580868833544,0.00308091659556649,0.00647692962147813,0.00903093946282274,0.00856001770432081,0.00265838017655668,0.0043578239578592,0.00308295889479081,0.0038173961914863,0.00767133435603332,0.00387800974292202,0.00434703972036337,0.00552780447639676,0.00278164948002455,0.0065413636017565
0.00290452451357608,0.000875364601586896,0.00569942097617365,0.00715596860668478,0.00697445179728846,0.00170608038759863,0.00307509452651254,0.00648017892561752,0.00903093618335514,0.00855277767717375,0.00265223381944514,0.00435445834656415,0.00308375757413648,0.00381951415468937,0.00766818125617851,0.00387584627675088,0.00434116370820608,0.0055155831111344,0.00277784006474959,0.00653930638919236
0.00290784561909869,0.000876552298923447,0.00570646712573906,0.00716893725708029,0.00698299833835922,0.00170530821353209,0.00307959112150461,0.00647834578674617,0.00903482436315277,0.00856825194715974,0.00265711042323,0.00435974209825824,0.0030857210840808,0.00381677137889933,0.00767820812024536,0.00387987574085972,0.00434701612207104,0.0055294087140519,0.00278232506389212,0.00654523151742155
0.00290150076374651,0.000876085810466451,0.00569617806413155,0.00716370367602367,0.00697474885736049,0.00171167428963365,0.00307507384972246,0.00647447867354659,0.00902104548675397,0.00854960148069609,0.00265440854879909,0.00435484885617464,0.0030820370731374,0.00381374583915436,0.00767018664706653,0.00387628686749455,0.00434214224170834,0.00551871922269914,0.00277870821621553,0.00653876316452961
0.00290259414173821,0.000876330338410796,0.00570414733537431,0.00716611790181769,0.0069796748858309,0.00170417221215528,0.00307724794175562,0.00647829061249997,0.00902955307165311,0.00856354465820349,0.00265992747489387,0.00435718092817609,0.00308363527377578,0.00381633204688865,0.00767486802376748,0.00387979190565026,0.00434412522335146,0.00552106718560051,0.00277965470616964,0.0065413345094052
0.00290351815960949,0.000876535244083589,0.00570527418661789,0.00716487273860951,0.006979736936573,0.00170461980767535,0.00307682197037953,0.00647767291665304,0.0090264349568842,0.00855975292779092,0.00265393435785464,0.00435603071764139,0.0030870938254831,0.00381607352772227,0.00767166787982247,0.00387846924347691,0.004343546940985,0.00551796186512688,0.00278068915776132,0.006542393377938
0.00290778002773875,0.000875459684026113,0.00569808371969104,0.00715809070070842,0.00697516007226018,0.00170309062647236,0.00309458383038048,0.00647196389740242,0.00903128928848378,0.0085547063751805,0.00265252027570557,0.00435375097523542,0.00309300741722805,0.00382412510057681,0.00766965478546258,0.00388794518760521,0.00435667221659856,0.00551627792838234,0.00277957049117526,0.00653486889273559
0.00290050737199053,0.000875659625888772,0.00570443740333804,0.00715751025371454,0.00697404486726841,0.00170387121883367,0.00308144544680176,0.00647792943759539,0.00903023687115541,0.00856067218225356,0.002657935976261,0.00435711731223969,0.00308148199202215,0.00381366739385437,0.00767152404608624,0.00387693299618378,0.00434387378213319,0.00552285602670115,0.0027804546856566,0.00654182419875192
0.00290854328860778,0.000876448600206186,0.00570376255066684,0.00716533384934512,0.00698071976808488,0.0017201865171204,0.00308073063849416,0.00647567234899495,0.00903032811863523,0.00856633720440676,0.0026581478676671,0.00435987242653032,0.00308782743599343,0.00381919292888018,0.00767272109373504,0.00388256387605763,0.00434551810320654,0.005526010986975,0.00278013403256335,0.00653957686143719
0.0029021074039639,0.000875976649307797,0.00570038060858622,0.00715855343082736,0.00697607577917574,0.00171081743106904,0.00307876519352357,0.00647501450636608,0.00902843447935832,0.00856272677585245,0.00265595591233597,0.0043556486631261,0.00308227571090499,0.00381499112908067,0.00767162112450295,0.0038770713564827,0.00434277866731314,0.00552739976012043,0.00277983748390306,0.00653706400659807
0.00290168370246896,0.000874528834362291,0.00569472905237376,0.00716608361023295,0.00698256964796223,0.00171077069907715,0.00308000826050903,0.00648210856715971,0.00903130588917756,0.00856021066465235,0.0026575681201179,0.00435648123203849,0.00308327299552669,0.00381787552712414,0.00767705539441988,0.00387862250184503,0.00434458318441753,0.00551882798548351,0.00278036075186203,0.00654230723490471
0.0029046680720528,0.00087617178966285,0.00570662410424194,0.00716660618096256,0.00698450262466555,0.00170527632657925,0.00307958126351252,0.00648188415501901,0.00903279122848144,0.0085649089841512,0.00265805976717847,0.00435840694305466,0.00308406868907989,0.00381611838002413,0.0076755602417473,0.00388041523230513,0.00434572144461266,0.00553064449504248,0.00277966330100682,0.00654255091075125
0.00290225847159329,0.000875594387204484,0.00570256383815505,0.00716233678758335,0.00698331032052259,0.00170526338995234,0.00307722459340382,0.00647638932540337,0.00902682583023959,0.00856068417318568,0.00265385059669703,0.00435878244868354,0.00308419330914443,0.00381444743196105,0.00767516887834388,0.00387804555578986,0.00434319385106458,0.00551923146882051,0.0027788284410312,0.00654036410471678
0.00290230451647595,0.000875249298111566,0.00570104429397463,0.00715833223176816,0.00697472341269658,0.00170308274658861,0.00307805289604904,0.00647136213564421,0.00902258557393782,0.0085634352521198,0.00265397122888793,0.00435837010340751,0.00308347421602543,0.00381382923711064,0.00767505120914343,0.00387446400937726,0.00434195295087667,0.00552039952357582,0.00277785060606563,0.00653383820814443
0.00290508653945749,0.000876510920062359,0.00570771469591585,0.00716981734274044,0.00698521642103935,0.00170531440608761,0.00308147221780239,0.00648429320881297,0.0090368645023768,0.0085717231532396,0.0026570971180757,0.00435828710033657,0.00308690029740937,0.00381799069616338,0.0076779618378298,0.00388470496574553,0.00434583044411885,0.00552744221514408,0.00278384183650678,0.0065493194002747
0.00290475967122094,0.000876630145393331,0.00570695426764307,0.00716869290442511,0.00697939865939603,0.0017069155017421,0.00308278115040977,0.00648209321067855,0.00902868813816354,0.00856585264981984,0.00265883789290385,0.00436058005671073,0.00308446121269163,0.00381702707035666,0.00767830469979701,0.00388385295650416,0.00434689067450534,0.00552821680885806,0.00278229957249309,0.00654419222662459
0.00289895305916566,0.000874750581690585,0.00569726305986162,0.00715801283319409,0.00697535488211753,0.00170394699371167,0.00307510418548492,0.00647133552464525,0.00902134342221901,0.00855634341109168,0.0026519720484311,0.00435341399885099,0.00308292078380893,0.00381538929474525,0.00766840211544027,0.00388004659208187,0.00434502239233468,0.00551419044568855,0.00278034281414409,0.00653279148520553
0.00290447272501144,0.00087575084696023,0.00570165541971424,0.0071617390968136,0.00697674630994853,0.00170399150362695,0.0030765112470691,0.00647463772443205,0.00902673111678444,0.00856442395046455,0.0026538935802141,0.00435481113328155,0.00308464445578251,0.00381344658488067,0.00767071013336514,0.00387637047147866,0.00434204575259372,0.00551858407211184,0.00277845819599637,0.00654582476355748
0.00290659919041717,0.000875597315420552,0.00570196705646661,0.00716160187044495,0.00697435445532335,0.00170310421270736,0.00307617694867079,0.00648170094263494,0.00903556578519265,0.00855236284341077,0.00265334516351748,0.00435925969763343,0.00308216201802555,0.00381876057734698,0.00767123068449603,0.00387626660100302,0.00434770214259819,0.00551673507347443,0.00277859357573378,0.00653936218793092
0.00290114588477055,0.000875510204694645,0.00570558272765364,0.00715930010936638,0.00697885434011914,0.00170435722315925,0.00307986555781291,0.00647758122916864,0.00903282301961452,0.00856031720450612,0.00265655819306622,0.00435832082079579,0.00308288499395148,0.00381623903182096,0.00767600006105257,0.00387785530566893,0.00434484791254043,0.00552909363773973,0.0027808641449395,0.00654223218599847
0.00290326653249586,0.000875710534578089,0.00569907420456366,0.00715808864264413,0.00698281438244623,0.00170455893583333,0.00307837244438486,0.00647475186169422,0.00902766708392782,0.00855764011613342,0.00265402992447755,0.00435388929366439,0.00309081216123859,0.00381546617768578,0.00766570916742539,0.00387637813521077,0.00434000186017382,0.00552339704753431,0.00277970426618531,0.00653846267644432
0.0029068932580784,0.000876289233289445,0.00570414676638767,0.00716736587032674,0.00698397938587073,0.00170645814403867,0.00307978613316682,0.0064796022677712,0.00903821652009513,0.00856777528192449,0.00265781568172737,0.00436011999290563,0.00308519747213504,0.00381761399515528,0.00768053372206637,0.0038801592106116,0.00434540738925795,0.00552472628785083,0.00278252405965084,0.00654460215952812
0.00290567930002669,0.000876138477385898,0.00570231222498252,0.00716425401199919,0.00697859132101149,0.00170614956048576,0.00307986157391463,0.00648216466569207,0.00902906809010799,0.00856615527262186,0.00265822497017596,0.00436074493625759,0.00308560920437796,0.00381609142884934,0.00767301160826891,0.0038825470693608,0.00434395713043105,0.00552563749223447,0.00279196479102987,0.00654226631945101
0.00290485889793772,0.000875515225401143,0.00570020113490769,0.00716564033016202,0.00697723426857227,0.00170523431737025,0.00307750711865435,0.00647958386008736,0.00902815895155165,0.00855491162028353,0.00265526480772734,0.00435900799877966,0.00308438261417496,0.0038203774890706,0.00768217359046925,0.00388046571658006,0.00434566536261914,0.00552309161919043,0.00279271643817056,0.00655384022232375
0.00290264717601281,0.000875489458886759,0.00569842873922893,0.0071588842951791,0.00697207771641261,0.00170472846871147,0.00307468084936828,0.0064700592280924,0.00902115480268793,0.00855322910139538,0.0026532150635303,0.00435391953439999,0.00308168624896833,0.00381606892454553,0.00766846780469833,0.00387405583057895,0.00434473805923479,0.00551482626213489,0.00277772689211346,0.00653425687482441
0.00290359975426245,0.00087507293500982,0.00569763049158105,0.00715958465271971,0.00697206394011459,0.00170461108161524,0.0030745425960019,0.00647239882110381,0.00902631671883562,0.00855437482676332,0.00265312577689181,0.00435309086533014,0.00308387171584601,0.00381473829533797,0.00767531058400461,0.0038753079209689,0.00434095901810011,0.00551469613445591,0.00277728622324998,0.00653586337750715
0.00290438492975902,0.000876632193460025,0.00570798978152024,0.00716670427020598,0.00698272645932035,0.00170648301928262,0.00308189766981838,0.00648047722331543,0.00903629328003344,0.00856296430343137,0.00265861156894757,0.00436100347431242,0.00308508421320175,0.00381814141691949,0.00767673773596611,0.0038797964033722,0.00434770582089073,0.00553028480768896,0.00278224815500974,0.00654435827482657
0.00290108579716707,0.000875998937721599,0.00570405309263668,0.0072018674253748,0.00697902833970227,0.00170554262009295,0.00308012871425087,0.00647921752948094,0.00903186534224934,0.00855894542670725,0.00265696826864777,0.00435848748234348,0.00308382873275711,0.00381551006466655,0.00767407777810262,0.00387835655478746,0.00434550058319281,0.00552705207315823,0.00278008318097251,0.00654112906316759
0.00290421650594244,0.000875483034690625,0.00569978125795019,0.00716047688688947,0.00697817614956656,0.00170617435763928,0.0030814930800068,0.00647360708979553,0.00902252871819314,0.00855581402692867,0.0026561133180379,0.00435441873162659,0.00308224702037389,0.0038166657247229,0.00766860485743892,0.00387647692838895,0.00434352241939763,0.0055201389921059,0.0027791017822856,0.00653890877631182
0.00290285965997679,0.000876128727117397,0.00570425863538822,0.00716377229905266,0.0069766423027245,0.00170520962028227,0.00307976501589109,0.00647974104197237,0.00903567613981017,0.00855934207257056,0.00265701945630389,0.0043584791250893,0.0030827254721303,0.0038158412497548,0.00767674525784246,0.0038787088884285,0.0043445822749676,0.00552944544465649,0.00278106999549818,0.00653957353904498
0.00290039010107377,0.000875271478476666,0.00570070436751531,0.00715887595088904,0.00697564655111233,0.00170369617980226,0.00307734504034606,0.00647094725744076,0.00902018320309962,0.00855657256505619,0.00265297992715365,0.00435429124664726,0.00308185332010527,0.00381177779055861,0.00766701459889219,0.00387467796044355,0.00434198354771077,0.00551868074976379,0.00277798771785327,0.00653749355317861
0.00289949554603495,0.00087455713053708,0.00569959660281029,0.0071564044267906,0.00696661161142103,0.00170150092078672,0.00307401908760096,0.00647074884044767,0.00901851340911512,0.00855014620994739,0.00265347443301791,0.00435221525162589,0.00307897949664481,0.00381155235619992,0.0076689239447078,0.00387357479951797,0.0043390554133621,0.0055158199599576,0.0027767468354049,0.0065315943960849
0.00289966178772204,0.000875495364932531,0.00569711357957244,0.00715161578073644,0.00697199584699926,0.00170394247866196,0.00307756692853508,0.00647353101486278,0.00902189417018829,0.00855226661226075,0.00265626194639023,0.004354051999211,0.00308052895571122,0.00381207997140386,0.00766673326213498,0.00387543720290832,0.00434097772027488,0.00552223165177573,0.00277840244898282,0.00653269101404734
0.0029053514986161,0.000875624197128214,0.00569967224447132,0.00715909418641808,0.00697675065534458,0.00170297072630979,0.00307961618465691,0.00647441815502367,0.00903406555167647,0.00855506231128873,0.0026527126064014,0.00435328834033864,0.00308016307428629,0.00381340133997683,0.00766978620479113,0.00388084282670724,0.00434125780973949,0.00552181512156665,0.00278083006494745,0.00653506805045431
0.00290411530272722,0.000876340921525974,0.0057059010298666,0.00716773632692679,0.00697667017209783,0.00170595417385688,0.00308115327627084,0.00648078695726623,0.00903533255318169,0.00856408859130714,0.00265919231477962,0.00436124302463734,0.00308541362798225,0.00381845893565,0.00767210476900056,0.00388302816732711,0.00434770034927893,0.0055305830654734,0.00278088822503527,0.00654389002965243
0.00290128598377974,0.000875620018484965,0.00570043456787188,0.00715409188807321,0.00697271549850756,0.00170376686200416,0.00307363611907167,0.00647188968660263,0.00903132733678147,0.00856086273696407,0.00265418522024927,0.00435707744738479,0.00308003230738801,0.0038161931295863,0.00766477399198979,0.00387504919310837,0.00433888110459002,0.00552004252601377,0.00277666599050392,0.00653393721713733
0.00290617322169045,0.000875814556560437,0.00570271406745133,0.00716464137531113,0.00697988076593117,0.00170384105933024,0.00308322356967685,0.00647530895900781,0.00902610437945609,0.00856178054639473,0.00265417024850869,0.0043567759747812,0.00308514353866454,0.00381653618705927,0.00767450175129685,0.00388100350244585,0.00434282297203608,0.00551806327758089,0.00277965526515863,0.00654045375459676
0.00290519251169474,0.000876083888974136,0.00570818365148846,0.00717068506781223,0.00698140428394649,0.00171249500229573,0.00308059346517609,0.00647828286420063,0.00903259643790564,0.00856339618675782,0.00265856431842624,0.00436108922895891,0.0030836527458523,0.00381653287939302,0.00767677561005504,0.00387738235390649,0.00434676077104437,0.00552720502149064,0.00277949902908446,0.00653629985044942
0.00290647995292495,0.000875887513342404,0.005704416953344,0.00716364145655115,0.00697847593630447,0.00170365525509491,0.00308100589380812,0.00647735741058358,0.00902695532407252,0.0085617114513376,0.00265598159884612,0.00436210311125541,0.00308327287163975,0.00381910565277177,0.0076755432963958,0.00387859535655807,0.00434995349580642,0.00552254501996492,0.00277980093606238,0.00654230982300135
0.00290150766936571,0.000875238474801085,0.00570162579584746,0.0071617614759942,0.00697231883905737,0.00170428853795469,0.00307805065801549,0.00647381089368751,0.00902356206389818,0.00855385892668969,0.00265545749405729,0.00435391290775212,0.00308180750463916,0.00381330564660415,0.00766786531382779,0.0038759632121273,0.0043434570195736,0.00552563260425702,0.0027781970934715,0.00653625279730627
0.00289912255379778,0.000875301655773937,0.00569874220871764,0.00716122739973549,0.00697357291506121,0.00170362361381538,0.00307614003088399,0.00647102247200762,0.0090238308682774,0.00855437783506079,0.00265238801744676,0.00435382016458113,0.00308058340975553,0.00381266472269288,0.00766665935265742,0.00387515737139913,0.0043398163574884,0.00551820375056977,0.0027778507726444,0.00653699639880469
0.0029036744261395,0.000875980184601404,0.00570326485457551,0.00716375999270993,0.00697878614313853,0.00170582593173541,0.00307709890239629,0.00647496009593401,0.00903778088167762,0.00855920907773194,0.00265710070191409,0.00435846946038399,0.00308434562919334,0.00381593672506493,0.00767061318789997,0.00388307699417314,0.00434557984820119,0.00552518118106283,0.00278155271540549,0.00653999846352362
0.00290419106158749,0.000874788673641854,0.00569685657185384,0.00715523935459828,0.00697234505449107,0.00170282613980482,0.0030772528841669,0.00646833821751597,0.00901759706850086,0.00856096806741537,0.00265168804996452,0.0043566638085097,0.00307973887204626,0.00381127461053519,0.00767473841562451,0.00387336275010517,0.00434567418530086,0.00551118413192261,0.00277557013460833,0.00653242280441398
0.00290882662188451,0.000876258940757713,0.00570204497897586,0.00716476406219002,0.006980713558932,0.00170453027653097,0.0030778701728354,0.00647866006114743,0.0090318091494747,0.00856175551895094,0.00265582206301866,0.00435778875277942,0.00308367123606974,0.00381612368409591,0.00767521552372099,0.00387797890054984,0.00434344407689011,0.00552275251673234,0.00278014997545172,0.00655345092729488
0.00290698790039919,0.000876209449954882,0.00570347754859155,0.00716628903447443,0.00698092855022087,0.00170511398495962,0.00307932494844626,0.00647873228931504,0.00903304465174689,0.00856212565048691,0.00265744010452719,0.00435824539614331,0.00308423403123047,0.00381474811664259,0.00767626860290039,0.00387960623365551,0.00434501826082786,0.00552899720067667,0.00278062761662184,0.00654386886247431
0.00290132831643542,0.000875329646936455,0.0057018752996592,0.00716111278709052,0.00698038003042282,0.00170425546123384,0.00307872583218984,0.00647702404877934,0.0090233086248566,0.00855683743864712,0.00265612391767424,0.00435539716781528,0.00308156708002747,0.00381290066535526,0.0076676809627904,0.00387651494161465,0.00434415783308307,0.00552471830266261,0.002778023809294,0.00653851096424695
0.00290184258383017,0.000875972114735916,0.0057009094300192,0.00716332764883346,0.006981040797846,0.00170419300268687,0.00307804354537189,0.006476465140419,0.00902878037429178,0.0085603375329805,0.00265438736101959,0.0043583927247316,0.00308350425303146,0.0038151978991125,0.00767455351322892,0.00387919141532662,0.00434438083960613,0.00552020388928371,0.00277950071172295,0.00654069063354464
0.00290099965367408,0.000875506565219265,0.00570125282202364,0.00715975380323303,0.00697425430303394,0.00170577786327174,0.00307763525989715,0.00647344249859888,0.00902572797214785,0.00855743467241753,0.00265523619511972,0.00435707468612297,0.00308340870547116,0.0038134603729445,0.00766933882837247,0.00387669348503425,0.00434145571373613,0.0055245654796253,0.00278020552357669,0.00653611954580804
0.00290025455304545,0.000874795571481088,0.0056957062773649,0.0071573692880211,0.00697437779028992,0.001703728128618,0.00307708665912028,0.00646994145183284,0.00902601662078307,0.00854820782374567,0.00265596557346139,0.00435391413947371,0.00308093707981038,0.00381006655133524,0.00766832225263139,0.00387326994625066,0.0043419546774847,0.00552410853196337,0.00277881790008672,0.00653447847885823
0.00290026147639416,0.000875153542807893,0.00570131283261385,0.00715736214397311,0.00697577822308444,0.00170423338792326,0.0030791625164808,0.00647455988186329,0.00902096347904856,0.00855268555419019,0.00265550531196747,0.00435593103322728,0.00308234445437953,0.00381181631483314,0.00766944995342405,0.00387658060749494,0.00434729338203247,0.00552054877727977,0.00277957869348794,0.00653441981675834
0.00290226330590906,0.000875818420815112,0.00569887999700455,0.00715723669151478,0.00697592701214197,0.00170429034991147,0.0030807778865962,0.00647480033121657,0.00902856736590649,0.00855683606936703,0.00265759578430926,0.00435752597533188,0.0030813333101453,0.00381689283405063,0.00767247271027655,0.00387914740545098,0.00434613789891566,0.00552643390363417,0.0027827352295491,0.00653728832416378
0.0029028385393796,0.000875245341263689,0.00569894021581901,0.00715992837546971,0.00697398597369432,0.00170204340763738,0.00307444355524143,0.006471786552979,0.00902044606086592,0.00855275882332568,0.00265207017527501,0.00435441612784674,0.0030806526194894,0.00381140600684183,0.00766607844561883,0.00388071862492449,0.00433941361026282,0.00551292857166264,0.00277800939102744,0.0065449900395149
0.00290453174415072,0.000875413170612894,0.00570014249884386,0.00716007399529915,0.00697465241090257,0.0017041629898336,0.00307690669599532,0.00647241733862714,0.00902457196701512,0.00855490233950439,0.00265476272367795,0.00435744325870183,0.00308297326361112,0.00381314031280005,0.00767382978357279,0.00387935512047452,0.00434273040349999,0.00552485774570449,0.00278008791281972,0.00654375339173992
0.00290357063526018,0.000876344070224154,0.00570558557228995,0.00716600200796709,0.00698126265512603,0.00170554815674544,0.00308178030939499,0.00647843328703096,0.00903275953274949,0.00856152666629455,0.00265812306087057,0.00435845629879882,0.00308344875033956,0.00381579190830395,0.00767645744181877,0.00388078708836583,0.00434718158819683,0.00552737950597136,0.00278086683521713,0.00654084547937788
0.00290169162552363,0.000875331000347814,0.00569923212092622,0.00715820616792757,0.00697455134225883,0.00170465750795499,0.00307760211827943,0.00647369269831802,0.0090257073140901,0.00855854623991312,0.00265571541911439,0.00435420652706965,0.00308133260509604,0.00381506519922111,0.00766786237333029,0.00387690383307875,0.00434304867002308,0.00552341420142777,0.00277932428274161,0.00653534215633626
0.00290213848432845,0.000875563555749028,0.00570083732667409,0.00716642964935707,0.00697461948894767,0.00170324650773279,0.00307746242916447,0.00647394101225435,0.0090295797687464,0.00855800971319407,0.00265304676716757,0.00435467221744637,0.00308315349007435,0.00381252824394435,0.00767283176087218,0.00387694962380692,0.00434231045043969,0.0055193236275852,0.00277980911110221,0.00654088358904144
0.00290967432066492,0.000875677110267602,0.00570812721094401,0.0071639789929482,0.00697784882256188,0.00170519958431457,0.00307836112113605,0.00648002410746736,0.00903293713462878,0.00856972550994148,0.00265539855637043,0.00436099845810232,0.00308691662130431,0.0038246035805039,0.00767706629026844,0.00387767573625405,0.00434640473557205,0.00552101021461315,0.00278067504361555,0.00653659861633221
0.00290670716476305,0.000876015897735074,0.00570292067854322,0.00716525376648798,0.00697847715642832,0.00170685956854412,0.00307599176037169,0.00647564318448177,0.00902762086146732,0.00857113703710449,0.00265524550628337,0.00435848597608673,0.00308725783744862,0.00381662460157013,0.00767575881095417,0.00388168767958554,0.00434566161336083,0.00551974580682803,0.00278261248252248,0.00654046805371809
0.0029047439352839,0.000876391811877995,0.00570271045830387,0.00716401317865698,0.00697921024220541,0.00170507741693101,0.00308373081918361,0.00647956039253389,0.00903872131304029,0.00856326320683489,0.00265672459700097,0.0043595476788548,0.00308432942563877,0.00381765409463419,0.00767302908362521,0.00387894959464407,0.00434773304204824,0.00552778506620143,0.00278145354333373,0.00654223004249321
0.00290379372796294,0.000875548062192252,0.00570108916442712,0.00715501819076276,0.00697613912248221,0.00170384480366396,0.00307853250107189,0.00647155281871501,0.00903016121180233,0.00856561642135081,0.0026542000398381,0.00435261503933974,0.00308205237366332,0.00381816255837842,0.00767009842088839,0.00388088357665213,0.00433903232601283,0.00551344070800476,0.00277829460253641,0.00653712063598349
0.00290430868133019,0.000876402297366205,0.0057049656266184,0.00716294774916738,0.00698054855070356,0.00170529792145951,0.0030793624156328,0.00647832285507025,0.00903075400358687,0.00856629038077995,0.0026569832589866,0.00435880069398696,0.00308357203492552,0.00381490585170504,0.00767765084042605,0.00387908921838051,0.00434986344712021,0.00552742836153659,0.00278054388767156,0.0065416336624378
0.00290493554897488,0.00087597771471067,0.00570072251688443,0.00716318281825511,0.00697590645917719,0.0017053968678529,0.00307927199557894,0.00647382401178664,0.00902869463180178,0.00856752207604246,0.00265531285044412,0.00435803444481515,0.0030820176569921,0.00381954243235372,0.00767052340941424,0.00388100226308006,0.0043415916037038,0.00552445858442673,0.00278210960315823,0.00653976750201856
0.00290618588200542,0.00087592011464683,0.00570256166160461,0.00716122385021849,0.00697758898170635,0.00170293338019098,0.00307593679444391,0.00647700796492825,0.00902787160585533,0.00856272022253878,0.00265826754879005,0.0043584673382496,0.00308217281169956,0.00382049854269803,0.00767356601957982,0.00387872718672733,0.00434503333495346,0.00552464616360492,0.00277907102111037,0.00654368212128661
0.00290468698366216,0.000876625547931939,0.00570732454424168,0.00716780424976496,0.00698052226925598,0.00170642853063532,0.00308143553739191,0.00648255241534251,0.00903870062926264,0.00856604416065146,0.00265862720222096,0.00436204625318568,0.00308579990167037,0.00381700583999197,0.00767868948691111,0.00388101539946626,0.00434860301184075,0.00553237375888688,0.00278126365933043,0.00654594969320325
0.002906143634648,0.000876231186364272,0.00570804362014521,0.00716782309276764,0.00698079496793763,0.00170500263968339,0.00307958827460967,0.00648530521724917,0.00903362038770661,0.00856235583620498,0.00265602911342213,0.00435825323988907,0.00308641302258994,0.00381852942122545,0.00768316182462046,0.00388327934176897,0.00435058838829621,0.00552337974925745,0.00278526959405424,0.0065440982830878
0.00290428677734918,0.000875417442314054,0.00570085410678039,0.00716088174904106,0.00697251924291195,0.00170324664885947,0.00307935595860825,0.00648137848955782,0.00902191739446946,0.00855717969221313,0.00265654019453244,0.00435986651591849,0.00308211095744299,0.00381429416604482,0.00767044750509801,0.00387652011227171,0.00434660388537742,0.00551655021594527,0.00278174203006655,0.00653781903670547
0.00289932809379446,0.000874615713110077,0.00569758912362536,0.00715315946736749,0.00697191518893743,0.00170210175434699,0.00307240411163723,0.00646550225917587,0.00901380772137666,0.00854999087009516,0.00265201570263767,0.00435151213266857,0.0030792841873543,0.00381184363033352,0.00766455628531373,0.00387499429701608,0.00433887725050354,0.00551380814015695,0.00277639336851701,0.00653055556304778
0.0029007171411909,0.000875087803430789,0.00569694346277648,0.00715907086721576,0.00696841074358267,0.00170361428141012,0.00307859875555904,0.00647259452194218,0.0090256231308157,0.00855324124424516,0.00265534384675309,0.00435215360089889,0.00308026338314875,0.00381448324433389,0.00766518530407952,0.00387743153739185,0.0043419429638499,0.00552780953924729,0.0027780688325651,0.00653297856334073
0.00290465833969496,0.000875417093358204,0.00570130687574158,0.00716092717313302,0.00697575246006232,0.00170498500359657,0.00307886148599047,0.0064768446511679,0.00902677642015177,0.00855849890626624,0.00265328895299663,0.00435902582309615,0.0030830486184046,0.00381366389992207,0.00767632553652048,0.00387449777880644,0.00434178797607203,0.00551877745642445,0.00277941491522582,0.00653996205685351
0.00290424796270932,0.000876278566106313,0.00570495143798849,0.00716525365619329,0.00698350516018923,0.00170706502685907,0.00308166936548507,0.00647880279507541,0.00903431298052001,0.00856551454656219,0.00265982270919446,0.00436079147572918,0.00308514331786033,0.00381686969758971,0.00767576190024754,0.00387973318245005,0.00434780146822467,0.00552822083130388,0.00278469662447043,0.00654259571488816
0.00290137641906571,0.000875811958534251,0.00570328179346295,0.00716611889925386,0.00698115849815638,0.00170851963240105,0.00307840039779738,0.00647492096626204,0.00902472068504659,0.0085586904684222,0.00265596451084868,0.00435494103111136,0.00309075580958447,0.00382353242971992,0.00767123711073609,0.0038778790065298,0.00434518402713763,0.00551763993120334,0.00278049216183631,0.0065411592126055
0.00290790285039506,0.000875979150856904,0.00570336495423277,0.00716325118242929,0.00698758199140122,0.00170466648986878,0.00308393526044533,0.00648787077566822,0.00902871449682725,0.00857494670758347,0.0026558942502026,0.00436606527455356,0.00309025317177623,0.0038198621687206,0.00767507480745752,0.00388811296187073,0.0043450122247131,0.00552141362272556,0.00278519203891381,0.00655301114109613
0.00290486944982529,0.00087649964519955,0.00570504007516573,0.00716157535796209,0.00697618284692559,0.00170569271066184,0.00308490935725467,0.00648106394876745,0.00903559461618247,0.00856343911863073,0.00265605512133058,0.00435907652422468,0.00308442987179371,0.00381629327420723,0.00767721540228832,0.00387807063651918,0.00434503906386735,0.00552089132529268,0.00278228298050809,0.00653650482553499
0.00290126939076008,0.000875888138934298,0.00570110218795223,0.00716580213539368,0.00698171143996566,0.00170476591728614,0.00307909492277333,0.00647763513557188,0.00902946612458813,0.00856007520675291,0.00265624087615585,0.00435684486269306,0.00308436163515613,0.00381676956608121,0.0076741002477181,0.00388101977937464,0.00434502047933403,0.00551988388433696,0.00278055344922784,0.00654052482814979
0.00290411076019777,0.000876151734817769,0.00570402296579096,0.0071657295477516,0.00698052911294311,0.00170693900320747,0.00308423907959675,0.00648068914757661,0.0090371824004139,0.00856449215579157,0.00265858429130506,0.00435962507873845,0.00308601313450511,0.00381662337606633,0.00768228442485627,0.00388116974831626,0.00434866694806777,0.00553401109546995,0.00278141688399184,0.0065446418143092
0.00290774512368703,0.000876262546376015,0.00569804114187274,0.00716435703118471,0.00697777967999864,0.00171079805416114,0.0030772000165436,0.00648463383493085,0.00902839521765295,0.0085727577560277,0.00265529323067168,0.00435735504000581,0.00308398801287154,0.00382079367652107,0.00768396923735222,0.00388351347291015,0.0043458095811943,0.00551941390668389,0.00277978518416225,0.00654048203938347
0.00290044086707936,0.000875660966428769,0.00570084337107116,0.00716173751154858,0.00697570295363006,0.00170494062656286,0.00307616973470764,0.00647397557217173,0.00902374892943808,0.00855819806600692,0.00265357946787567,0.00435533707189225,0.00308199179245632,0.00381112739739362,0.00767149523649717,0.0038740147078618,0.00433901984534305,0.00551436288131934,0.00277910866354983,0.00653670029875672
0.00290363759406313,0.000875867713048238,0.00569800963242922,0.00715862746665575,0.0069790827147101,0.00170479853727758,0.00308278535841517,0.00647488982618568,0.00902813792547066,0.00855671153384466,0.00265551602986102,0.00435767922739126,0.00308299697304957,0.00381491001205629,0.00767492448008012,0.00387890049452375,0.00434400836904399,0.00552391027985273,0.00278007007993091,0.00653712807011132
0.00290016950025937,0.000875247217252851,0.00569606549392641,0.00715543966785407,0.00697144474252068,0.0017029469053473,0.00307479597354657,0.00647087713877022,0.00902262647153558,0.00855047890917971,0.00265472682965165,0.00435260679057512,0.00307811658649014,0.0038111943401879,0.00766627999627285,0.00387397116537164,0.0043399338070811,0.00552187997251959,0.0027783046562597,0.00653258646380748
0.00290431098288944,0.000875228210453823,0.00569970431524131,0.00715855210214456,0.00697639496091231,0.00170522746813335,0.00307753671399721,0.00647637981285809,0.00903370245269259,0.00855526993172747,0.00265470911616908,0.00435701097493738,0.00308381042332052,0.00381571696946144,0.00766889020645077,0.00387783259593912,0.00433959317983881,0.00552170125260582,0.00277762464806783,0.00654058986643794
0.00290499530670372,0.000876564245630245,0.0057055508480257,0.00716577920922111,0.00698492204619537,0.00170626882281641,0.00308204106671112,0.00647897298886882,0.00903602122102638,0.00856540796789666,0.00265902913703123,0.0043597210065739,0.00308491815952122,0.00381793452408619,0.00767621279754322,0.00388141258504963,0.00434753617559171,0.00553086381392341,0.00278275004996046,0.00654282371239631
0.0029058397766972,0.000876064655965555,0.00570473969099546,0.00716289000679239,0.0069796952255994,0.00170599611866046,0.00308104145489803,0.00647602783583139,0.00903159040983494,0.00856484940841182,0.00265591358789438,0.00436258865807077,0.00308657531049067,0.00381935096432869,0.00767712990058234,0.00387738945288956,0.00434679338395798,0.00552708082990318,0.00278125619126295,0.00654108093207835
0.00290697148195967,0.000875811732787875,0.00570117076476428,0.00716929087343479,0.00698429132815025,0.00170667815365508,0.00308313841300774,0.00648340350357232,0.00903551011990562,0.00856806108025284,0.00265900420365513,0.00435917040113637,0.00308523247337112,0.00381856346484765,0.0076834999680901,0.00388341345973659,0.0043485572446158,0.00552928718507281,0.00278111802612998,0.00653891270954101
0.00290501790368156,0.000875881748109985,0.00570331033056774,0.00716205885847981,0.00697834284157373,0.00170363203631233,0.00307791798882047,0.00647402439959454,0.00902466456205312,0.00855782292152773,0.00265330684550983,0.00435595907956134,0.0030828326030563,0.00381862779238113,0.00767095301223017,0.00387747753609445,0.0043467581864697,0.00551913043063014,0.00278025235668995,0.00654066275484099
0.00290474249534373,0.0008758846555611,0.00570225213430159,0.0071618646574143,0.00698164356614197,0.00170526462782076,0.00307640925389223,0.00647673315168932,0.00902873276279513,0.00855955022603939,0.0026531875440062,0.00435948215317693,0.00308639642438709,0.00381463662072749,0.00767288834315929,0.00387825245743036,0.00434676087444169,0.0055186437919042,0.00278024149161928,0.00653839831743855
0.00290313322557014,0.000875132122443572,0.00569712046965265,0.00715561496445714,0.00697300143581207,0.00170252733590302,0.00308329015367585,0.00646976401638815,0.00901901169927246,0.00855217369190197,0.00265653054989399,0.0043503134108671,0.00308003183422553,0.00381126616519237,0.00766570819492765,0.00387344018279105,0.00433933975820622,0.00551509409603462,0.002776708990651,0.0065381193766391
0.00291906391768281,0.000876115546490173,0.00570112319832211,0.00715832182022523,0.0069781108736041,0.00171379922948832,0.00308250642131249,0.00647778101494598,0.00903649433787876,0.00856528551737791,0.00265663352659234,0.00435971580130816,0.00308423205011799,0.00383425201039167,0.00767373662516512,0.00387980167111466,0.00434556160107681,0.00555597676789503,0.00278018359683863,0.00654178058548735
0.00290590030172947,0.000875922994180897,0.00570483316332988,0.00716412626684278,0.00698148858493726,0.00171357623073056,0.00307713769919152,0.00647732226414372,0.00902773440396471,0.00856579131784002,0.00265611710898226,0.00435923185776577,0.00308484298041714,0.00381699464008433,0.00767659452499428,0.00387970501343668,0.00434568990078394,0.00552025240649241,0.00278060689842852,0.00654380896003
0.00290361692742104,0.000876334253462107,0.00570338281849387,0.00716594673253023,0.00697889220642786,0.00170567310650456,0.00308046206277804,0.00647886948809312,0.00903396758870904,0.00856376982042447,0.0026575693791401,0.00435979062160509,0.00308490523039532,0.00381726709334404,0.00767435125763102,0.00387907715998777,0.00434520284950731,0.00552679372342946,0.00278022612236268,0.00654210413248676
0.0029034575482851,0.000875812801753259,0.00570253290008125,0.0071613038975251,0.00697859631539852,0.00170293709619706,0.00308192480788683,0.00647550209170611,0.00902887974794379,0.00855975262028814,0.00265537668585938,0.00436000234329255,0.00308206008606826,0.00381514293838618,0.00767262711484248,0.00387966134189161,0.00434662294172405,0.00552050494058296,0.00279010302877456,0.00653948547180498
0.00290508305945191,0.00087618772467077,0.00570625713186328,0.00716631863928202,0.006985483106094,0.00170569839784437,0.00307849657681985,0.00647895754040927,0.00903193881213909,0.00857077375952986,0.00265532440209983,0.0043669542438485,0.00308707739547849,0.00381726152119635,0.00767791000716531,0.0038803760699411,0.00435186554533416,0.00552346230020294,0.00278093136403126,0.00654159767901174
0.00290278651205502,0.000875681787795862,0.00570031225332068,0.00716161002274481,0.00697623437999946,0.00170419275976243,0.00307832344125475,0.00647543188782723,0.00902713356103479,0.00855832821820061,0.0026560330272139,0.0043566812740607,0.00308277793093585,0.00381354303218118,0.00766998229549365,0.00387676873556301,0.00434221829054566,0.00552701049033453,0.00277899729924127,0.0065370179068603
0.00290740696878526,0.000876682545717483,0.00570735347220582,0.00716588992462752,0.00697968275009139,0.00170753437157215,0.0030830861868909,0.00648022841610423,0.00904158612289501,0.00856580090866669,0.00265975056006468,0.00436649693562872,0.00308918121596167,0.00382278116021312,0.00767954119314267,0.00387886355118455,0.00434747242522633,0.00552286741391834,0.00278226556132506,0.00654110357026508
0.00290513174079006,0.0008759239117949,0.00570363710402122,0.00716353957829922,0.00697925600037541,0.00170406395589935,0.00308041932293062,0.00648264603396422,0.00903045763100249,0.00856166213600427,0.00265549168883441,0.00436029410361404,0.00308449491484914,0.00381481625019779,0.00767434389583326,0.00387952656451029,0.00434411754906647,0.00552732288442253,0.00277994979031755,0.00654124924379039
0.0029027671577846,0.000876045552135539,0.00570398134972313,0.00716272543378959,0.00698048007063983,0.00170516617651165,0.00308200026611849,0.00647671248757134,0.00903113128040854,0.00856229098275356,0.00265754933425856,0.00436018759375251,0.00308485858204517,0.0038170353951907,0.00767372050611382,0.00387851300967336,0.00434862681860122,0.00552711269241884,0.00277945664166581,0.00653912754475982
0.00290102623265991,0.000875442672800352,0.00569942520729597,0.00715939159811624,0.00697349594437635,0.00170285716215051,0.0030767508327975,0.00647319826285156,0.0090428370142523,0.00855656413572159,0.00265772129771263,0.00435573229419202,0.00308778780172797,0.00381237544961154,0.00766704909376452,0.00387548433683778,0.00434057132700691,0.00551551583103911,0.0027778122798765,0.00653587795828541
0.00289810772393206,0.000874405177579935,0.00569437884957869,0.00715327716024657,0.00696478175457335,0.00170170049740098,0.00307119775033337,0.00647070292796414,0.00902785983668802,0.0085500904842287,0.00265021238742741,0.00435590218096689,0.00307870924990427,0.00380887624835775,0.00766020941139776,0.00387179283186468,0.00433750426120686,0.0055082791739579,0.00277430667063609,0.00652883553125084
0.00290197512617796,0.000876031420977818,0.00570187509397762,0.00716430708873824,0.00697546909472687,0.00170422006901871,0.00307568420636282,0.00647356987568113,0.00902800084610582,0.00855886017183645,0.00265400708641078,0.00435487305177799,0.00308255975744355,0.00381410273178065,0.00767256999186185,0.00387739569552478,0.00434198868959342,0.00551833183376265,0.00277865240780824,0.00653823580645648
0.00290691659894227,0.00087606018560142,0.00570256622839232,0.00716523359336086,0.00697844883842703,0.00170624782031197,0.00307771371431116,0.00647667193161191,0.00903834037201404,0.00856036630927176,0.00265543597643611,0.00436271644429324,0.00308501162768266,0.00381629649686028,0.00767412804128131,0.00388261842486487,0.0043449189780225,0.00551831499729067,0.00278251611089195,0.00654122295704126
0.00290578102589538,0.000875617302396364,0.00569843051183899,0.00715585356397315,0.00697522294538595,0.00170305009297426,0.00307809571703662,0.00647037553498786,0.00901939115270087,0.00855340207013164,0.00265212301143556,0.00435465946689207,0.00308126473834795,0.00381117156903774,0.00766376769430476,0.00388111865169752,0.00434009699406126,0.00551400828953523,0.00277645840687557,0.00653553206369347
0.00290479940952722,0.000876243948105932,0.00570485254465739,0.00716868762749177,0.00698162718678695,0.00170540434395871,0.00308078365471592,0.00648038076607871,0.00903600482416081,0.00856211154498003,0.00265703697059063,0.00435952512014567,0.00308438311527327,0.00381934890754376,0.0076765881780607,0.00387899068776637,0.00434642170885117,0.0055279646182963,0.00278107021016748,0.00654205404607261
0.00290459997120039,0.000875795497188696,0.00570210983630602,0.00716096116988623,0.0069786697804839,0.00170764228845775,0.00307990025412841,0.00647996480792634,0.0090403808234655,0.00855824391463675,0.00266158019982435,0.00435633381976624,0.00308326505020583,0.00381505550325919,0.00767107038793424,0.0038784471951869,0.00434456442498884,0.00552424205325814,0.00278026147320757,0.0065409529344278
0.00290290813175467,0.000875377083328412,0.00569907632373104,0.00715925260393602,0.00697410144167378,0.00171062117623271,0.00308678980578314,0.00648012583069973,0.00901870821085172,0.00856243672147026,0.00265393993160341,0.00435661344124532,0.00308030884095322,0.0038114795463672,0.00766660768091629,0.00387359440430114,0.00434185820227078,0.00552360350656959,0.00277923636310848,0.00653584450322284
0.00290743611461272,0.000875868175831723,0.00570320982986914,0.00716329080555184,0.00697849653508941,0.00170543246531149,0.0030766384060417,0.0064807679501553,0.00903232473130866,0.00855951282703154,0.00265447521384817,0.00435852732197154,0.00308405350485236,0.00381530847291429,0.00767884675014877,0.00387732419509999,0.00434262603019076,0.00551976213926951,0.00278176327791811,0.00654473704938514
0.00290207205126845,0.000874982697323495,0.00570033051877971,0.00715587751797228,0.00697588228031465,0.00170411682379863,0.00307979630748432,0.00647367815554672,0.00902692678508552,0.00855183248452718,0.0026578840701319,0.00435507876441413,0.00308313277754618,0.00381408621407674,0.00767102257718083,0.00387691696220869,0.00434273465924508,0.0055216499477095,0.00277962912491641,0.00653684792969909
0.00290408156774851,0.000875814369624011,0.0057021503435507,0.00716217280913487,0.00697771413678863,0.00170347143156713,0.00307705469033312,0.00647370171513617,0.00903541378881436,0.0085593166742355,0.00265341639478868,0.00435919137836023,0.00308240320988018,0.00381410970018674,0.00767195688766261,0.00388127136794506,0.00434278651057587,0.00551838660852911,0.00278140418967771,0.00654315586992356
0.00290353429490811,0.000874927011568363,0.00569383734139918,0.00715432899175724,0.00697109283105177,0.00171171713774746,0.00309409319565675,0.0065078833926482,0.00901803542700935,0.00860173554796927,0.00265219414290985,0.00438259593714264,0.00310454345068939,0.00384124370245125,0.00766358598015589,0.00390221318695657,0.00434947739663579,0.00551309038482558,0.00277715717477664,0.00657461882799522
0.00290934911969179,0.000876316273347646,0.00570006685075537,0.00716441916863573,0.00696758334128732,0.00170345257448484,0.0030808579792022,0.00647601725594591,0.00902662396183238,0.00856106235031139,0.00265434418780839,0.00435426727373315,0.00308751767642487,0.00381375844732463,0.00767213830078646,0.00387703298859649,0.00434342789995161,0.00552908920990739,0.00277655668609811,0.00653821188904071
0.00290454198519506,0.00087642303394366,0.00570587823731099,0.00716780131233194,0.00697937807261633,0.00170809518898132,0.00308095774595273,0.00648274771237622,0.00903323232738884,0.00856453871499217,0.00265930115713807,0.00435918193030918,0.00308421144598739,0.00381651027187881,0.00767598858100135,0.00387983917984843,0.00434557836992173,0.00553036104649057,0.0027810001019746,0.0065422947240962
0.00290635611671359,0.000875990910775525,0.00570270457899968,0.00716498654383296,0.00697517671324701,0.00171264021344468,0.00307827846040689,0.00648185974292303,0.00902915011467381,0.00856963076437839,0.00265344033125326,0.0043561844207303,0.00309518664076324,0.0038397215408376,0.00767477703548101,0.00389807831793291,0.00434386736048621,0.0055242807355231,0.00279767416710229,0.00655148240567801
0.00290286795656832,0.000875865651261352,0.00570362311707878,0.00716254142402693,0.00697896089645291,0.00170484265160996,0.00307954477562848,0.00647760417027708,0.00902982846314403,0.00856022394204221,0.00265726492076249,0.00435690630196535,0.00308320816801139,0.00381505435829736,0.00767203387306473,0.00387797660587563,0.00434386868779953,0.00552809356034056,0.00277961980781189,0.00654047171696723
0.00290424817080523,0.000875802530191956,0.00570071292669306,0.00716028647467039,0.00697940978509708,0.00171363467071476,0.00307898981940271,0.00650708570593339,0.00903162425392127,0.00855831817666924,0.00266896155109281,0.00437854159481767,0.00311207100385359,0.00383900669092756,0.00770878096965703,0.00389825735561128,0.00436606233000656,0.00554698635611005,0.00280477767751076,0.00657313314565921
0.00290593190565972,0.000875942882573082,0.00570343487058375,0.00716592432529787,0.00697926998842254,0.00170575223603684,0.0030770175706681,0.0064779266375593,0.00902991644578135,0.00856054172649515,0.00265512012177245,0.00436425682037306,0.00308792309479904,0.00381884318501404,0.0076813791454643,0.00387894043176558,0.00435024002378935,0.00552429935145624,0.00277955455686484,0.00654031368883312
0.00290873136643987,0.000876187364436137,0.00570320304672609,0.0071668274991177,0.0069805737354166,0.00170523155413775,0.00307954778232524,0.00647757384857626,0.00903010198689403,0.00856537161888987,0.00265845795042842,0.00436020608445771,0.00308424378692864,0.0038181427893212,0.00767741307051585,0.00388322834261273,0.00434672331387948,0.00552162187581317,0.002780665426379,0.00654610591782235
0.00290649311680036,0.000876607685098794,0.0057060946557299,0.00716761168028669,0.00698175761514271,0.00171067445701673,0.00308174098351509,0.00648060641658528,0.00903954933900528,0.00857294743528231,0.00265645867107336,0.00435958630105743,0.00308505671481398,0.00381753279679852,0.0076766902120335,0.00387977172548697,0.00434660747970407,0.00552396671405623,0.00278303051393688,0.00654539681022067
0.00290598450847571,0.000876641321545428,0.00570578818499687,0.00716500328508044,0.00698144286365075,0.00170704449062926,0.00307932864040187,0.00648395305429156,0.00904093333980314,0.00856440043404417,0.00265639606845567,0.00435930746395384,0.00308730131850786,0.00381677794866278,0.00768297680128357,0.00388340746385644,0.00434584640674971,0.00552784886751491,0.00278339133243334,0.00654261531866959
0.00290071689681782,0.000875387645674462,0.00570261814049511,0.00715909942382368,0.00697680028247441,0.00170401784787228,0.00307584064501324,0.00647387755939307,0.00902740185902491,0.00856005045801335,0.00265392545198347,0.00435443600688805,0.00308627108589158,0.00381330817245905,0.0076727912486826,0.00387643624139306,0.00434252174748908,0.00551725893266172,0.00277868868617065,0.00654144727784098
0.00290574497301497,0.000876199496379067,0.0057045768473822,0.00716871464652215,0.00698089711223314,0.00171008721830658,0.00307896237619698,0.00648417894727185,0.0090338698222644,0.00857831028165003,0.00265593109071399,0.00435955738389429,0.00308595319387338,0.00381898570629374,0.00767277648566017,0.00387904402022083,0.00434326440865764,0.00552565311366347,0.00278033304024288,0.00654408614892123
0.00290496266403179,0.000876640124422796,0.00570665042681679,0.00716761445641087,0.00697742459840029,0.00170550415307717,0.00308113450962035,0.00648233441195925,0.00903660390750814,0.00856462211078276,0.00265808608855162,0.00435968228508555,0.00308483610411058,0.00381750458717569,0.00767700496594602,0.00388138771794087,0.00434617949937621,0.00553148383937112,0.00278144720256188,0.00654255112677497
0.0029058893174929,0.000876012400758649,0.00570361884777338,0.00716325952637789,0.00697821587240199,0.00171148489812863,0.00308335512503945,0.00648129607476243,0.0090286060710105,0.00856345056077658,0.00265568296294043,0.00436257108388182,0.00308218569083651,0.00381682706839724,0.00766733620037228,0.00388237997862407,0.00435034419946298,0.00551977050217962,0.00278249550488395,0.00653917409124692
0.00290698666603961,0.000875543776833939,0.00570215141127799,0.00716170488130115,0.00697653212079485,0.00170461828806959,0.00307810009890333,0.00647801181193415,0.00903265829228985,0.00855692640270268,0.00265448461217545,0.0043545781458255,0.00308172568621526,0.00381700746570713,0.00767031203304409,0.00387663022036591,0.00434266953812252,0.00551740460504496,0.00277847046167709,0.00653761016367176
0.00290100675266788,0.000875758015657466,0.00570147472298022,0.00716175892113767,0.00697387415429659,0.00170496339796094,0.00307611696577614,0.0064769900453849,0.00903061645935416,0.00855748913363611,0.00265397820752876,0.00435519370588417,0.00308256859578257,0.00381540711974589,0.00767242381979734,0.00387818251527544,0.00434210143095967,0.00551757899666895,0.00277936816479655,0.00653701564049418
0.00289941150826593,0.000875758865067294,0.00570353173404289,0.00716305174494645,0.00697655924643112,0.00170495703970249,0.0030785210418808,0.00647517861085558,0.00902836765235279,0.00855483253845596,0.00265522928589727,0.00435405080644747,0.00308181054713738,0.00381310961209762,0.00767101551746849,0.003878138137286,0.00434220165472883,0.00552579734683067,0.00278032949773383,0.00653913371666188
0.00290831693555249,0.000876545330815341,0.00570565444858633,0.00716766178836191,0.00698309556852377,0.00170524024148729,0.00308111541372921,0.0064803817837899,0.00903221656831866,0.00856613116094456,0.00265807814578923,0.00435824186261478,0.00308518124511356,0.00381587448624892,0.00767725255940913,0.00388056045086047,0.00434553084077599,0.00552786891543337,0.00278046675857308,0.00654321548700127
0.00290585471763785,0.000876140799291953,0.00570575063526013,0.00716788367318665,0.00698041080572999,0.00170453101687138,0.00307889253260051,0.00647875344439241,0.00903128299667004,0.00856548614079537,0.00265656798396197,0.00435572465303263,0.00308313530678396,0.0038184563459131,0.00767390390433785,0.00387933103851759,0.00434534666804864,0.00552665262687003,0.00278016414071693,0.00654085471925925
0.00290270149241026,0.000875778410669401,0.00570618549078724,0.00716225608838719,0.00698339650412,0.00170569538415945,0.0030825331704637,0.00647798969526431,0.0090396138229218,0.00856383255757664,0.00265856900615508,0.00436311440111796,0.00308594483235846,0.0038169177004235,0.00767212352706245,0.00388152337445381,0.00434725934259906,0.0055300455802579,0.00278248389121257,0.0065431757108976
0.00290680717763083,0.000875622671875559,0.00570632855888754,0.00716068281802263,0.006978285814218,0.00170358466200825,0.00307696543153637,0.00647663126698519,0.00902520278499327,0.00857200050956356,0.0026540184482311,0.00435575063792393,0.00308764591581791,0.00382161751664254,0.00767229465872745,0.00388391434966687,0.00434472646584054,0.00551968155387293,0.0027797479090294,0.00653841344461573
0.00290394192982002,0.000875746593691637,0.0057030819497018,0.00716416893551266,0.00697942505936241,0.00170403454474926,0.00307937423398085,0.00647652033939811,0.00903344368472174,0.0085608865101696,0.00265644500366494,0.00435603756214298,0.00308361143379263,0.00381539342910411,0.00767348396548363,0.00387793756623959,0.00434866678543835,0.00552437645718618,0.00278132607696251,0.00654115365176023
0.00290072224757166,0.000875233190098067,0.0056988045994477,0.00715895439237716,0.00697630010887967,0.0017033033357049,0.00307586016647537,0.00646945972411964,0.00901842526860507,0.00855535647623667,0.00265803955621805,0.00435280495558696,0.0030885025123626,0.00381477720191798,0.00766607359440669,0.00387746344463081,0.00433836782017695,0.00551878592785248,0.00277647598728586,0.00653623163050676
0.00290057672895237,0.000875331353777943,0.00570151793178259,0.00715853891553965,0.0069742409106209,0.00170588020352653,0.00308108362379792,0.00646963973101958,0.00901951410387481,0.00855185660664187,0.00265287807472644,0.00436089824602685,0.00308119215500912,0.00381241324272544,0.00766581201229675,0.00388182229910496,0.00434180062609483,0.00551543914844324,0.00277778171180189,0.00653601424446185
0.00290143593168048,0.000876080933993183,0.0057033996496902,0.0071654642585005,0.00698004479409682,0.00170379624866921,0.0030777161816477,0.00647665660760464,0.00902708878652318,0.00856116732593391,0.00265507346253435,0.00435703444486706,0.00308342293225573,0.00381503479554795,0.0076725113966194,0.0038796586211836,0.0043423644242089,0.00552088971571307,0.00277979222272166,0.00653789265407483
0.00290819105641931,0.000876528675375129,0.00570764374767541,0.00717059931328829,0.00698265980723984,0.00170476939589481,0.00307922088257315,0.00648203669463134,0.00903592862845647,0.00857265109828961,0.00265643273360025,0.00435920680442522,0.00308485334158336,0.00381751862932637,0.00768433257477696,0.00388018824565992,0.00435074653723,0.00552472675859942,0.00278044670197306,0.00655034712490327
0.00290357789005956,0.000876458604501509,0.00570613424880048,0.00716142646921869,0.00697985390726175,0.00170634608713654,0.00308089157721739,0.0064761491586501,0.0090334981678049,0.00856162903296972,0.00265860763320463,0.0043594147991862,0.0030836149253769,0.00381701375290462,0.00767329857924176,0.00387883291601271,0.00434482058061079,0.00552875169319435,0.00278137776396241,0.00654157930860895
0.00290270422107557,0.000875892138669697,0.00570281706216406,0.00716752367307898,0.00697565278470572,0.00170413272217555,0.00307665317697946,0.00647447530126242,0.00902542149414275,0.0085595924174774,0.00265311252128129,0.00435488578011182,0.00308216178048659,0.0038147369213812,0.00767183185177711,0.00387741255430689,0.00434355622168235,0.00551873218562965,0.00277839227205125,0.00654628749852087
0.00290135337597665,0.000875544796065072,0.00569687125561316,0.00716339257179432,0.00697249244535321,0.00170315234177483,0.00307370436025101,0.00648163144997728,0.00902719874737936,0.00854994791570591,0.00266156806231769,0.00435373144846448,0.00308326338329227,0.00381323595070638,0.00766393125914146,0.00387615876758435,0.00433878938645792,0.0055213664385161,0.0027872654740502,0.00653438246605982
0.00290511524472087,0.000876190966232905,0.00570547487584663,0.0071677715880731,0.00698099010592741,0.00170611588495737,0.00308006598072497,0.00648189744442134,0.00903526239242818,0.00856241579283871,0.00265842966819641,0.00435800191859608,0.00308377377066342,0.00381357805478307,0.0076709275547577,0.00387914554090596,0.00434667028719981,0.00552728656771981,0.00278005228509186,0.00653985220801608
0.00290125487444595,0.000875503475406958,0.00569620720204411,0.00716017487030541,0.00697308976372743,0.00170363625965694,0.00307893532602383,0.00647358412476553,0.00902712493597864,0.00855428674358956,0.00265397547834057,0.00435435596628621,0.00308062660906095,0.00380938456062697,0.00766878050069893,0.00387713061032046,0.00434078445663445,0.00552408316812928,0.00277933847346115,0.00653733471415705
0.00290420227481654,0.000876455433259816,0.00570707382512481,0.00716489660458839,0.0069830678758305,0.00170520394459773,0.00308265206086573,0.0064846997844828,0.00903552387732146,0.00856549912142196,0.00265812849849549,0.00436029615747725,0.00308586761616723,0.00381576823418531,0.00767804217770224,0.00388079098187632,0.00434666938392411,0.00552292208353952,0.00278290216923263,0.00654572645601787
0.00290640704378933,0.000876455216439377,0.00570586811221994,0.00716529204199861,0.00698187134941471,0.00170509145107207,0.00307780093074308,0.00647736837740191,0.00903457582866669,0.00857229253053497,0.002659136205784,0.00436349971994669,0.00308764288204419,0.00381687115602674,0.00767652813553921,0.00388274843442219,0.00434953493109598,0.00552563409758367,0.00278031436241376,0.00654180566286157
0.00290478273408323,0.000876522405575925,0.00570490316473358,0.00716808120359665,0.00698229502817488,0.00170638758116607,0.0030812895025099,0.00648113447986608,0.00903284681393602,0.00856499970087129,0.00265815992539047,0.00435991530916156,0.00308534942423896,0.00381786370437403,0.00767389330846913,0.00387937762630824,0.00434492284045567,0.00553131460605244,0.00278317484744856,0.00654382703649396
0.00290242492957898,0.000875412497169957,0.0057003169708655,0.00715831090135364,0.00697513024047087,0.00170433627882305,0.00307844844801444,0.00647423209844651,0.00902614563256696,0.0085577227933316,0.00265622600806521,0.00435541312944741,0.00308145558288755,0.00382043799383658,0.00767141004657405,0.00387684788409647,0.00434351398061348,0.00552244626528323,0.0027797131096597,0.00653715530831143
0.00290085797364774,0.000875737007963056,0.00570174434839568,0.00716099823037732,0.00697225189103595,0.00170434409137959,0.00307922045783047,0.00647641558299956,0.00902851900537143,0.00855560536744568,0.00265636058232874,0.00435662919571512,0.00308159844708586,0.00381337283915013,0.00767319575445516,0.00387647620938492,0.00434378101747545,0.00552549905412514,0.00277974417363207,0.00653750523215174
0.00290453733401252,0.000876559244535873,0.00570575494851792,0.00716761335228888,0.00698112284128198,0.00170583190617064,0.0030806967616187,0.00648054976700339,0.00903513533689364,0.00856352995402284,0.00265800606076596,0.00436009919040821,0.00308509841985448,0.00381769100350936,0.00767841806682705,0.00388064085468788,0.00434729928358291,0.00552987416129808,0.00278124423889077,0.0065437301885151
0.0029026351231221,0.00087561589971759,0.00570195097619638,0.00716124192196638,0.00697465274794102,0.00170371017428932,0.00307551008940479,0.00647348100941494,0.00902306692071274,0.0085561144012199,0.00265268040924178,0.00435420656136242,0.00308147713879375,0.00381317680334613,0.00767193969747824,0.00387670876563392,0.00434319416755578,0.00551730551179223,0.00277769749323835,0.00653734980892904
0.00290410511279308,0.000876269023457435,0.00570411880131455,0.00716853458427588,0.00698339296061281,0.00170597130365011,0.00308051022562185,0.00648254569413693,0.00903196739024703,0.00856176189672065,0.00265776616541678,0.00435944761353365,0.00308554086597918,0.00381571458704879,0.00767780490383639,0.00388010556354496,0.00434510272413562,0.00552946648756516,0.00278244001827481,0.00654268769183559
0.00290264684868871,0.000875591899245051,0.00570523662110685,0.00716293253098166,0.0069811486437462,0.00170758735340131,0.00308301522227678,0.00647700809703731,0.00903053933084128,0.00856246623461686,0.00265750369035431,0.00435929448333137,0.00309044752326752,0.00381619981182159,0.00767636478916369,0.00388194032422644,0.00434603657547961,0.00552288627254344,0.00278110373247468,0.00654532622162604
0.00290361462603174,0.000875688471518516,0.00570146811690913,0.00715716652502542,0.00697308437111771,0.00170885439844379,0.00307784829384237,0.00647956379718354,0.00903518637615221,0.00855820425457189,0.00266280084494967,0.00436937964181633,0.00309290169410056,0.00382649909872147,0.00766990578686827,0.0038906189302071,0.00436145224716824,0.00551599675044258,0.00278788628331675,0.00653825430874066
0.00290370622089822,0.000875383891276914,0.00570062953321119,0.00716502973632466,0.00697584531845,0.00170463565498775,0.00308008010679143,0.00647687079787393,0.00903418768481965,0.00856828977595165,0.00265620573508382,0.00435747692885029,0.00308461608082276,0.00381417399268386,0.00768135772523469,0.00387841606890604,0.00434317085276186,0.00552401885092022,0.00278054283575384,0.00654130424159182
0.0029072996457409,0.000876541166507939,0.00570116191954866,0.00716145723015917,0.00697511711996691,0.00170501289257759,0.00307614385265433,0.00647780069453952,0.00902936128239582,0.00855975341028623,0.00265423434022537,0.00435624312688831,0.0030836053356728,0.00381546607034632,0.00767265217819094,0.00387764937753717,0.0043431362622751,0.00552725706299073,0.00277817443082059,0.0065398353646607
0.00290359701377902,0.000875618032864724,0.00570120799773196,0.00716034638581404,0.00697572665324603,0.00170694543800136,0.00307716336681758,0.00647372992165693,0.00902450393397288,0.00855747783264277,0.00265447541690456,0.00435499196697697,0.00308891570935041,0.00381313843059832,0.00766880804789202,0.00387652269743421,0.00434305711413787,0.00551942542129638,0.00278152785375845,0.00653675184969335
0.00290154058596692,0.000875297737294789,0.00570042558600374,0.00715686190838115,0.00697575435872821,0.00170695102990896,0.00307732456304032,0.00647329398733349,0.00902858580852484,0.0085548335845909,0.00265632190079059,0.00435587792404883,0.0030818058270443,0.00381217896754733,0.00766954511245062,0.00387705752569482,0.00434285653998819,0.00552507835701018,0.00277908439490872,0.0065388260778507
0.00290384696238208,0.000876293601543673,0.00570440805499715,0.00716668779366238,0.00697597804776853,0.00170530856016924,0.00308230736020921,0.00648063175141381,0.00903477347765064,0.00855861967323695,0.0026596558873691,0.0043592246288221,0.00308599033257529,0.00381547592109252,0.00767818633924017,0.00387701532165649,0.00434724519575643,0.005530052920779,0.00278256868553868,0.00654207335359818
0.00290450501967989,0.000875883412240081,0.0057034179068548,0.0071664670866886,0.00698121637147021,0.00170576134403877,0.00308000095078898,0.00647661242732873,0.00903340309814726,0.00856697479113972,0.00265599229102018,0.00436065646503443,0.00308621814220531,0.00381723906578329,0.00767715692663483,0.00387921023818029,0.00434583318568509,0.00552574884188925,0.00277955612063762,0.00654462864935268
0.00290442000960489,0.000876589547329921,0.00570509538942131,0.00716798442654857,0.00698262182918331,0.00170590370464113,0.00308008832338864,0.00647846248423183,0.00908150487206934,0.00856266856987406,0.00265877812898575,0.00436081577743045,0.00308442770060658,0.00381665553718776,0.00767645036325234,0.00387925609310632,0.00434642114114719,0.00552737488438181,0.00278105555109089,0.00657724980719245
0.00290480671726888,0.000876121587315944,0.00570626044903481,0.00717149122590852,0.00698286790787494,0.00170365978200676,0.00307609643903723,0.00647609656005501,0.00903286813621964,0.00856842533854629,0.00265483525364909,0.00435729090752873,0.00308257178978532,0.00381912602924348,0.00767371431797553,0.00387769778348894,0.00434415479959871,0.00552272892801806,0.00278118292559342,0.00653979299306126
0.0029057158313229,0.000875933341292905,0.00570618436670104,0.00716858896323493,0.00698335987387167,0.00171103289007398,0.0030894352457751,0.00647954178582819,0.00904390098819948,0.00856250313609144,0.00266575206734216,0.00435701878936188,0.00308529377202386,0.00382169899375332,0.00767725295261451,0.00388097571259219,0.00434703337123989,0.00551980470630719,0.00278104686745866,0.00655200491600572
0.00290259051192315,0.000875139982001403,0.00569851096557962,0.00715787875964069,0.00697540854716551,0.00170311742061223,0.00307689384973388,0.00647877478901637,0.00902442183901628,0.00855573101091394,0.00265422095558732,0.00435417452592608,0.00308372396006466,0.00381500432918474,0.00766892884878678,0.00387433789791062,0.00434043980238592,0.00551800504751912,0.00277726412917078,0.00653577674325895
0.00290225690324758,0.00087561775424992,0.00569302463990651,0.00715422814350211,0.00697266169330521,0.0017081850199557,0.00308017018050556,0.0064740553579352,0.00903233961956282,0.00855604862509922,0.0026571746184988,0.00435704659357577,0.00308148719395266,0.00381701713747961,0.00766799447275738,0.00387687674770048,0.00434440112651861,0.00552606877787983,0.00278170302494493,0.00653990764216367
0.00290635916870618,0.000876072362060177,0.00570252011354746,0.00716050307313253,0.00697700487874109,0.00170422263522081,0.00307700537102117,0.00647699467570016,0.00902733934955227,0.00856960293387583,0.00265446347178634,0.00435643559235441,0.00308286207957164,0.00381565480387073,0.0076855833279005,0.00387820317734988,0.00434232145297592,0.00551990730125466,0.00278010002298752,0.0065396622780315
0.00289841600265967,0.000874882238703477,0.00569397582065131,0.00715671197560272,0.00696814303768421,0.00170115791276403,0.00307209356402614,0.0064657275483994,0.00901767094646176,0.0085467681795334,0.00265057672533311,0.00435180186091544,0.0030789613016951,0.00380965689427371,0.00766716498411092,0.00387347090893896,0.00433555647596393,0.00551184344888004,0.00277498486326772,0.00653072123132492
0.00290400376016573,0.000875963761226701,0.00570026615677218,0.00716026086496614,0.00697838651772699,0.00170532727562623,0.00308801260540737,0.00647871232808488,0.00903209194012564,0.008560598160785,0.00265577887650103,0.00435845943080341,0.00308337152662259,0.00381413396590304,0.00767186712044636,0.00387770586585343,0.00434450872098794,0.00552375997868148,0.00277963025678338,0.00654141784267394
0.00290572635737282,0.000875533779087466,0.00570097128854158,0.00716381134442222,0.00697705121428416,0.00170370299560108,0.00309167249817406,0.0064819519273779,0.00902560320199736,0.00856061420445348,0.00266690376226417,0.00435859494025696,0.00308582306241436,0.00381875306818951,0.00767400444909149,0.00388072627759759,0.00434184438806188,0.00552148158121687,0.002781387873863,0.00653657645972892
0.00289942166737779,0.000874532429743481,0.00569760735768978,0.00715763910309091,0.00696828412033758,0.00170701404863155,0.00307277688033664,0.00648417011915903,0.0090153651130306,0.00855393310408072,0.00265053998662403,0.00435098332218424,0.00307895352045664,0.00381141329544152,0.00766409906586837,0.00387278390427025,0.00434713252445719,0.00552637673519328,0.00277628170763879,0.00653201377817368
0.00290597471989458,0.000876877063650511,0.00570464969246732,0.00716581578332417,0.00698561494461708,0.00170666619921551,0.00308073559223817,0.0064792879606853,0.00904668109588077,0.00856670671725408,0.00265539195899289,0.00436334575884332,0.00308725671409373,0.00381665190544582,0.00767932988452262,0.00388018791656356,0.00434680885920335,0.00552375638693701,0.00278313008718589,0.0065433360533834
0.00290458093047055,0.000876276004668919,0.00570240422558772,0.00716209874047419,0.00698142427175113,0.00170559670315263,0.00308097234562965,0.00648213540857648,0.00903287628575523,0.00856233458117096,0.00265817002492402,0.00435796373778899,0.0030845634765148,0.00381562868082991,0.0076773485227666,0.00387716401897458,0.00434394674795497,0.00552872949227704,0.00277905953666448,0.00654387041036548
0.00290425095334454,0.000876049415188508,0.00569890060107661,0.00715876483594627,0.00697588804319289,0.00170475598548662,0.00307674508011433,0.00647805653957809,0.00902364035596614,0.00855810554878499,0.0026595174237875,0.00435461202701841,0.00308734302257884,0.00381337768473525,0.00767254350786255,0.00387996174916136,0.00434481577430117,0.00551850512427686,0.00277987071290424,0.00653857643221679
0.00290762299261493,0.000875769498548642,0.00570326161436893,0.00716414825686559,0.00697948770539765,0.00170300072835452,0.00307728525422813,0.00647552909764202,0.00903889506111315,0.0085575861681174,0.00265563749200245,0.00436475581071773,0.00308240161305217,0.00381513384120053,0.0076710272300936,0.00388170397591613,0.00434679914839868,0.00552452565516288,0.00277848354432794,0.00653778320382209
0.00290332136006577,0.000875517387826703,0.005696585017754,0.00715726289993705,0.0069724565246542,0.00170534574024876,0.00308096577969499,0.00647617408045272,0.00902728358213663,0.00855147094629202,0.00265450787796833,0.00435634968024196,0.00308265394365231,0.00381205515274125,0.0076685758980445,0.00387438168395837,0.00434017149734357,0.00552047011458008,0.00278154131277789,0.00653516431148899
0.00290593085775802,0.000876164522030078,0.00570299583217896,0.00716071263850059,0.00697469236771028,0.00170451410994117,0.00307947745398407,0.00647318576966391,0.00902358269241696,0.00855889754839381,0.00265420190800362,0.0043549291554712,0.00308165521297129,0.00381553008293831,0.00767309011735973,0.00387883770604378,0.00434197853310747,0.0055197632041885,0.00277930502067234,0.00653981228329449
0.00290420712208371,0.000876315859921836,0.00570580648067606,0.00716338766197312,0.00698529386018651,0.00170863656706158,0.00308043243970894,0.00647977682446083,0.00903094003087722,0.00856212826788054,0.00265713806709702,0.00435802442462088,0.00308304856583992,0.0038164273100852,0.00767551077474374,0.00388061768273313,0.00434898172510809,0.00552324742502296,0.00278026271908932,0.00654057238227079
0.00290644373799827,0.000875882296037948,0.00570531631717342,0.00716441273630342,0.00698283500894525,0.00170457302925719,0.00307805432696473,0.00647588259176134,0.00903251604544284,0.0085608785837692,0.00265500340802965,0.0043598528362889,0.00308428025215756,0.00381646032334343,0.00767511446381633,0.00387937711486782,0.00434556181934938,0.0055231225822243,0.00278082938843298,0.00653837574978514
0.00290091302352581,0.000875408799320104,0.00570060373233605,0.00716211979528924,0.00697410170447231,0.0017035952670514,0.00307614914172367,0.00647364461601946,0.00902031191699294,0.00855485384962121,0.00265411848215832,0.00435639903989237,0.00308234849692121,0.00381237528843836,0.00766691054401795,0.00388521842484871,0.00434223964298665,0.00551511677062054,0.00277772579294901,0.00655002585089926
0.00289899514030594,0.000875047947986503,0.0056961093702578,0.00715556097545444,0.00697304795064543,0.0017028420782477,0.00307400982735299,0.00647090599370131,0.00901459322896831,0.00854984893567271,0.00265162524484311,0.00435401047283129,0.00308046299955258,0.00381237992550422,0.00766490248297085,0.00387283785785576,0.00434022510083625,0.00551556302773404,0.00277631438761182,0.00653560489250183
0.00290105630008988,0.000875627431524035,0.00570013863184591,0.00716118351008948,0.00697596585848068,0.0017031992049408,0.00308268972350526,0.00647410952996243,0.00902202879601063,0.00856158480893798,0.00265792572820669,0.004353616546661,0.00308222165488361,0.00381331034472524,0.00767046989668332,0.00387617163385149,0.00434219981119734,0.00551699865420429,0.00277821638304682,0.00653774107013515
0.00289996064129107,0.00087645018958004,0.00569707104392223,0.00715821484901754,0.00698112277337436,0.00170475408557261,0.00307233642819474,0.00646688653441441,0.00901659898635382,0.00856450550923661,0.00265384641213038,0.00435228030664576,0.00308446543017059,0.00381105769267615,0.00766751085900398,0.00387718078152016,0.0043408098292036,0.00552819000155623,0.00277648341468274,0.00654162961785259
0.00290376549582808,0.00087597537133505,0.00570213324852867,0.00716730571329174,0.00698227807274749,0.00170696998701627,0.00308171605313914,0.00648009395428059,0.0090364386394398,0.0085635010969993,0.00265817305847517,0.00436098222197486,0.00308545907656504,0.00381726304278865,0.00767725528974648,0.00387969191373462,0.00434782946426752,0.00552952471732494,0.00278059511613597,0.00654180249675504
0.00290056900615129,0.000875767932840396,0.00569987952371905,0.00716155492105149,0.00697285257114596,0.00170387245909447,0.00307621312072325,0.00647470350088485,0.00902561379792868,0.00855298747578673,0.00265259831411128,0.0043532631160573,0.00308169043523563,0.00381458905023625,0.0076684778597357,0.00387785217839961,0.00434093945597141,0.00551740425117718,0.00277792945333311,0.00653748757411022
0.00290626471620186,0.000876121327195578,0.0057047280870086,0.007165665128514,0.00698159013490874,0.00170439044731072,0.0030780140004267,0.00647780445854396,0.00904385420113101,0.00856310501875435,0.0026551900684021,0.00435756966145314,0.00309682487815045,0.00381929495506713,0.00767646299042956,0.00388027746344731,0.00434539489571857,0.00552321193689739,0.0027816834362231,0.00654830662567432
0.00290680628691307,0.000876134469662245,0.00570268262253008,0.00716334740987711,0.00697713568195362,0.00170791618373719,0.00308150138752639,0.00648563171588478,0.00902956722994078,0.00857140211624609,0.00265398659085666,0.00436179932642206,0.00308716045747513,0.00382021786955617,0.00767586201496639,0.00388075031288392,0.00434927127255812,0.0055253143341058,0.00277959739700074,0.00654983041084659
0.0029003989069452,0.000875625983155171,0.0056996235129847,0.00716092980364369,0.00697362647413383,0.00170397034425531,0.00307692706026295,0.00647163531296771,0.00902423295756908,0.00855645707627156,0.0026525704171407,0.00435440232044875,0.00308223297080244,0.00381214483076687,0.00767000009000942,0.0038768017574156,0.00434018402286644,0.00551612850560497,0.00277798205824669,0.00653580331191123
0.00290158161156645,0.000875689009075156,0.0057006299361506,0.00716338201231465,0.0069765501961574,0.0017041912301857,0.00307654386221009,0.00647465513863512,0.00902598880885427,0.00855890443426508,0.00265338820693042,0.00435765591965243,0.00308236951982546,0.00381369795425169,0.00767193237021685,0.00387635877791611,0.00434183844887492,0.0055198996564669,0.00277881321335218,0.00655183969970792
0.00290273547457653,0.000874473992322955,0.00569427766936358,0.00716110463537521,0.00697287619639769,0.00170101512565392,0.00307154453688683,0.0064736566837679,0.00901161115289927,0.00855147348326936,0.00265240466026078,0.00434856468405464,0.0030809494627172,0.00381925660942424,0.00767941453003069,0.00387673785616131,0.0043355874890696,0.00551499622389019,0.00278116266824137,0.00652942918361168
0.00289911870550567,0.000875195183968158,0.00569661144492997,0.00716586641364052,0.00697406248987641,0.00170369607443733,0.00307710995418242,0.00647224246159774,0.00901843267096947,0.00854967346765036,0.00265576413675741,0.00435412447942102,0.00308039023962908,0.00381222358848103,0.00766802154909129,0.00387983537145918,0.00433827986807223,0.00552263974547645,0.00277910616075078,0.00653564413979419
0.00290071398063213,0.000875644348362309,0.00570500347767682,0.00716163278945149,0.00697508395516454,0.00170317032390428,0.00307566680438256,0.00647340788601902,0.0090220745018036,0.00855625380549544,0.00265247592445147,0.00435538497716416,0.00308335978194131,0.00381454752711859,0.00767227280128345,0.00387582309939522,0.0043404355865075,0.00551784257562216,0.00277750764766587,0.00653718000438606
0.00290454489979581,0.00087612209403564,0.00570243792046716,0.0071599444057139,0.00697714359655122,0.00171012040610153,0.0030762717543616,0.00647052736761425,0.00903880138677172,0.00855791043235952,0.00265589776932641,0.00437111175663982,0.00308389421287317,0.0038180774096599,0.00767339253859568,0.0038912120935874,0.0043411346342956,0.00551884969146351,0.00277967969503457,0.00653951891656958
0.00290184367156944,0.000875445497799757,0.00569922933230178,0.00716118388240141,0.00697524777877638,0.00170452808240078,0.00307921329909913,0.00647365164495055,0.00902749664693977,0.00855485259221097,0.00265649276957129,0.00435693489357672,0.00308311825095072,0.00381410039227115,0.00767134528819792,0.00387769662168516,0.00434364107060745,0.00552413891193119,0.00277995071453096,0.00653802376582401
0.00290691454502414,0.000876469228023192,0.00570728820320048,0.00716963568839487,0.00698199334546926,0.00170541321978028,0.00307929545675316,0.00648342195349278,0.00903917025790765,0.00856665829207581,0.00265752452995976,0.00436144619257653,0.00308864929090205,0.00382002046216949,0.00767743867837172,0.00388083981857057,0.00434766355794293,0.00553137618008373,0.00278118161347519,0.0065446184280832
0.00290437893982213,0.000876050363503944,0.00570316408919269,0.00716363365809947,0.00697804936815785,0.00170588345818179,0.00308292192635783,0.0064793663524196,0.00904072494047061,0.00856179297717768,0.00266324560298053,0.00436075186195159,0.00308669698915308,0.0038153717854741,0.00767506112014711,0.00387900654846159,0.0043461778991271,0.00552655490766359,0.00278343431582491,0.00654390098186613
0.00290147710454304,0.000875758255680821,0.00570198076608117,0.00716579643881551,0.0069789085320345,0.00170735432564892,0.00308287837387981,0.00647659566084709,0.00902614748414111,0.00856215844888476,0.00265345991649232,0.004357660150281,0.00308858774562556,0.00382215582680245,0.00767526200118236,0.00387779014777426,0.00434451373470039,0.00551963398622194,0.00278497237309786,0.00655460728399116
0.00290349048621194,0.00087608677681064,0.00570457901211079,0.00717185964611721,0.00697919538697766,0.00170370978187212,0.0030780808174004,0.00647679200218873,0.00902708785589319,0.00857730625183573,0.00265695847137202,0.0043554086714313,0.00308324415355524,0.00381866960612452,0.00767191837705799,0.0038774104195118,0.00434316028490182,0.00552007660905818,0.00278043446604944,0.00653905811432852
0.00290501513827855,0.00087583598309081,0.00570335424868597,0.00716280008854019,0.00697986090238568,0.00170966818071665,0.00309090447902856,0.00647713512337699,0.00903076607628936,0.00856076244099262,0.00266693908837638,0.00437396415568449,0.00309850248606749,0.00382840193708243,0.00767270400425375,0.00389713200113969,0.00436014541633585,0.00551804425143495,0.00280138275403733,0.00654017112581285
0.00290664367350129,0.000876327660362095,0.00570301704834999,0.007162002530276,0.00697922639472744,0.0017070428219112,0.00307632201153569,0.00647633843605412,0.00902766790912954,0.00855839470274259,0.0026555305846732,0.0043592338077631,0.00308833649269258,0.00381964379770855,0.00767355043225816,0.00387987890978969,0.00434612818279956,0.00552203150233609,0.00278257684468825,0.00654105302961495
0.00290329803345923,0.000876168722363552,0.00570206017050506,0.00716648964217313,0.00697751256454784,0.00170521794311718,0.0030803101109743,0.00647964419483636,0.00903437945039494,0.00855952389604407,0.00265894534126261,0.0043582068608693,0.00308430064479527,0.00381708993520824,0.00767478854453865,0.00387945211785479,0.00434738505295169,0.00552983617367868,0.00278065391211255,0.00653927803964433
0.0028993661136005,0.000874911769858493,0.00569522690443178,0.00715482393693722,0.00696935567580449,0.00170154815181025,0.00307324536138684,0.00646975707903981,0.00901807247501828,0.00855126210798524,0.002650497699587,0.00435163884548045,0.00308128905250283,0.00380938171429602,0.00767331495190846,0.00387218523451253,0.00433803573324385,0.0055122871236052,0.00277625063961984,0.00653399893222781
0.00290172486675466,0.00087520639792933,0.00570168049229549,0.00715737354371404,0.00697481396900553,0.00170357725419092,0.00307911205520268,0.00647228258913801,0.00902906857062159,0.0085577187536416,0.00265573165080025,0.00435656933802114,0.00308197847021786,0.00381306908754361,0.00767093061678483,0.00387795139565666,0.00434316894924632,0.00552620307391678,0.00277922486025786,0.00653447566262548
0.00290254504787552,0.000876459604720649,0.00570417903200112,0.00716876919250943,0.00698479799168125,0.0017047614583115,0.00307740379873538,0.00647493791069901,0.00902835337946199,0.00856564410586627,0.00265277359877609,0.0043604219210527,0.00308517884500505,0.0038162865853355,0.00767787311648433,0.00387839814725818,0.0043441058355968,0.00552219830512636,0.00278408090073734,0.00654369829230189
0.00290416096260566,0.000875577562477589,0.00570074792398046,0.00716051077135188,0.00697589923415215,0.00170350335673237,0.00307563012354952,0.00648133290954791,0.00903458788141251,0.00855870038304822,0.00265273460396967,0.00435548198975676,0.00308240274021168,0.00381420446895558,0.00767080322752124,0.00387616826632551,0.00434248128002994,0.00551523106927912,0.00278901515187614,0.00653833249356594
0.00290559223325745,0.000875644618998755,0.00570222998237623,0.00716141827002322,0.00697828661582577,0.00170368860054855,0.00307877147110848,0.00647526020521066,0.00902637067952776,0.00856702149208578,0.00265532667732541,0.00435475985632091,0.0030819917266095,0.00381443429791168,0.0076712073008331,0.00387676945522246,0.00434230325724256,0.00552413315305473,0.0027786678305301,0.00653961858231576
0.0028986543809338,0.000875837007329886,0.00569521176681157,0.00715662236147081,0.00696643063624048,0.00170256672200577,0.00307400711296068,0.0064681706849322,0.00901783906373679,0.00854926249421461,0.00265362691140859,0.0043507144322463,0.0030785813638266,0.00381070204636364,0.00766578538265678,0.00387289558503213,0.00434003446238657,0.00551441825485409,0.00277786090959738,0.00653681245202163
0.00290439199503038,0.000875843944599485,0.00569927416251157,0.00716447659682657,0.0069788687705817,0.00170415811113396,0.00307989530278997,0.00648021741857109,0.0090254904512364,0.00856708969994895,0.00265993805468016,0.00435730666307641,0.00308491637519177,0.00381881925060942,0.0076806899524486,0.00388145073144709,0.00435036901923863,0.00551697757827357,0.0027803659441425,0.00654977076354782
0.00290577478305434,0.000876079414159998,0.00570332522380342,0.00716391564874333,0.00698110464393041,0.00170635619750449,0.00307797371121965,0.00647419644745481,0.00903189757029898,0.00856296320862319,0.00265876818082207,0.00436195146836483,0.00308672794265024,0.00381635652686084,0.00767861573803747,0.00387859373779543,0.0043452912931135,0.00551981821754309,0.00278071281553358,0.00654054767698813
0.00290285972661817,0.000876323562239576,0.00570402893352602,0.00716414846216751,0.00697896350694676,0.00170711000138202,0.00307668174050982,0.00647624850481485,0.00902989894597749,0.00856140643363732,0.00265424976200888,0.00435641702251498,0.00308359845367019,0.00381585334871342,0.00767402475737384,0.00387807588020613,0.00435423417406831,0.00551841781201688,0.00277900544482713,0.00655330504857229
0.00290431602688635,0.00087606080132661,0.00570346677855929,0.00716581306647322,0.0069781917272913,0.00170416411544656,0.00307749375547204,0.00647599169766471,0.00902714017580868,0.0085626088388036,0.00265368856474724,0.00435726299579959,0.00308370211797753,0.00381455964657125,0.00767184536240269,0.00387680340783416,0.00434362459480043,0.00551952827787074,0.00278011312722705,0.00654147519439213
0.00290203250145211,0.000875384120312698,0.00570348178251404,0.00716312555460686,0.00697503024900644,0.00170382975376912,0.00307714049855368,0.00647802221032888,0.00902863624488521,0.00856447709091254,0.0026536917580611,0.00435567251535643,0.00308342677043298,0.00381497828926916,0.00767165724547556,0.00387664594225625,0.00434237452752484,0.00551772002299237,0.0027788238280571,0.00653841547342114
0.00289450326539385,0.000874139978205778,0.0056889941843142,0.00715432371467056,0.00697327148343343,0.0017015410315868,0.00307446682356727,0.00647091444859757,0.00902254128685399,0.0085436545470163,0.0026527859664642,0.00434765887249835,0.00308053380312097,0.0038126462677642,0.00766182222556317,0.00387582618888212,0.00433837562289883,0.00551254743131273,0.00280473377193071,0.00652586584804084
0.00290296632220971,0.000876113094514377,0.00570432884131235,0.00716543443907296,0.00698031116976004,0.0017047737757856,0.00307831062369818,0.00647631918407576,0.00902861519980297,0.00856277525134133,0.00265514856610946,0.00435646865892245,0.00308408514470594,0.00381533414813203,0.00767399812686152,0.00387932978178057,0.0043458989829618,0.00552011608386301,0.00277945371513137,0.00654219099272102
0.00290226713133865,0.000875696680022974,0.00570039727313724,0.00716034027682882,0.00697623906148792,0.00170314845753604,0.00307716813873081,0.00647497528516258,0.00902706047643334,0.00855499966915214,0.00265305384491346,0.00435662314204119,0.00308397355662752,0.00381601793258881,0.00767138983296432,0.00387930097685379,0.00434248861210695,0.00551763186121922,0.00277902161573364,0.00653749256140234
0.00290320809967799,0.000876031186037526,0.00570237423737903,0.00716278556576936,0.00698017544024099,0.00170419756122803,0.00307634399735692,0.00647502890445772,0.00902859025097342,0.0085625646091754,0.00265418549979855,0.00435880147757625,0.00308328201833792,0.00381482245267857,0.00767184332859813,0.00388143580711434,0.0043438623180297,0.00551845562321725,0.00277964916102187,0.00653929691838313
0.00290776850000161,0.00087520786480539,0.00569322382899761,0.00715847373688284,0.00697259541367577,0.00170291939013149,0.00307346742810999,0.00647007186654716,0.00902744973898304,0.00855076468219923,0.00265519505975091,0.00435256414198926,0.00308367590252587,0.00381183958059591,0.00766661075520459,0.00387301823520986,0.00434034155184845,0.00551322591882553,0.00277850779762733,0.00653262556652435
0.00290800103904833,0.000875985004774667,0.0057041453563704,0.00716584828187328,0.00697941889216901,0.00171420877010937,0.00308072025932338,0.00647658585402813,0.00903119495609614,0.0085621484621011,0.00265532348035749,0.00435896394268553,0.00308320168941207,0.00381634897334737,0.00767553440323415,0.00388175328597424,0.00434814082947243,0.00552559320444111,0.0027834739412383,0.0065424025989866
0.00290258017122051,0.000875140850015695,0.0057010292767877,0.00715992471690887,0.00697919737961863,0.00170342265792324,0.00308666477965758,0.00647200362924869,0.0090236553348328,0.00855563343133934,0.00265584404229118,0.00435661415821123,0.00308709232373006,0.00381184648100415,0.00767094622387739,0.00387531443732068,0.00434208409166857,0.00552417527123052,0.00277758402705154,0.00653587198285415
0.00290468135255478,0.000875164315436326,0.00570016502178872,0.00715742066846884,0.00697204022473811,0.00170321099970149,0.00307729582785593,0.00646967159050773,0.00902028688309953,0.00855611344201912,0.00265220902430758,0.00435369672558715,0.00308215022682254,0.00381063434730986,0.00766663338508311,0.00387348574433563,0.00433821293096595,0.00551910399896963,0.00277664860892944,0.00653858752960683
0.002907975571957,0.000876887925421263,0.00570357207308848,0.00717004498490973,0.00698054624640288,0.00170504502294062,0.00308236001772594,0.00648392428967127,0.00904114932597949,0.00856928334996021,0.00266034926502896,0.00435938772297925,0.00308498335762727,0.00382000126506126,0.00768021776568224,0.00388088363089636,0.00434992909076452,0.00552498091715424,0.00278124822632444,0.00654518105379914
0.00290102270774725,0.000875079181793866,0.00569499363870744,0.00716061600135216,0.00697074439291045,0.00170352220700038,0.00308044158879669,0.00647237275774019,0.00902228898574733,0.00855515847746807,0.00265699926956882,0.00435766250449596,0.00308364832507418,0.00381293291092812,0.00766767395503614,0.00387482706316508,0.00434059030813762,0.00552310165295174,0.00277729979445393,0.00653438564886008
0.00290501280778018,0.00087592245499425,0.00570241219388377,0.00716350692771891,0.00697571227766042,0.0017095589789267,0.00307774510969085,0.00647775533789084,0.00903854975722816,0.00855654668671087,0.00265700263026245,0.00435479200228258,0.0030828983113593,0.00381357942004902,0.00767241802995882,0.00387757472359082,0.00434200571107375,0.00551994175394323,0.00278053277982884,0.00653990828618463
0.00290077838425895,0.000875761775681748,0.00570159850424637,0.00716231414027654,0.00697706223306386,0.00170349547598592,0.00307682124670238,0.0064739509398585,0.00902499453716836,0.00855885057115598,0.00265293410849782,0.00435509329627653,0.00308235663538425,0.00381400114564095,0.00767170905103545,0.00387651152776972,0.004342929619998,0.00551912664892598,0.00277922369696783,0.00653898015698436
0.00290083974989407,0.000875424543798196,0.00569912166375565,0.00715779711136038,0.0069730272270904,0.00170279306820948,0.00307511558374598,0.00647298645003695,0.00902098589550544,0.00855583975714353,0.00265261033131142,0.00435306659055279,0.00308080267915027,0.00381228338880206,0.00766801141797449,0.00387661315204475,0.00433984103960673,0.00551610388285985,0.00277734487668476,0.0065375118169066
0.00290115147051506,0.000875386039446235,0.00569754971791047,0.00715995134387171,0.00697454361720919,0.0017031588225352,0.00307741739627678,0.00647229882581442,0.00902192674597776,0.00855425849995161,0.00265489443751021,0.00435293918554463,0.00308104188221545,0.00381116866682214,0.00766684536542857,0.00387473466210958,0.00434151365844147,0.00552451600594132,0.00277653185763132,0.00653429924472779
0.00290735658592994,0.000875998958389274,0.00570269179992145,0.00716346408025935,0.00697862437735454,0.00170466547054734,0.00307936739175283,0.00647690786052941,0.00903170026796768,0.00856388304882801,0.0026601435738442,0.00435794031285772,0.00308367089748954,0.00381829661986102,0.00767312109617568,0.00387900449842382,0.00434622352547151,0.00552255451689554,0.002783879816483,0.00654196266499117
0.00289799538367653,0.000874724463016182,0.00569352483178912,0.00715198614486547,0.00697207440428767,0.0017020759461914,0.00307404526459306,0.00647021055497518,0.00901927192641857,0.00855116404896289,0.00265049292100652,0.0043509441206466,0.00308356594758472,0.00380917600035146,0.00766358361358095,0.00387504254525591,0.00434445267786717,0.00551577339926294,0.00277608284556749,0.00653646442388596
0.00290127761626267,0.00087515488925438,0.00570164803837375,0.00715934455404724,0.00696636876734361,0.00170971991826876,0.00307670498844108,0.00647300170541025,0.00904080263497779,0.00855913787054162,0.00265498232005563,0.00435004754110633,0.00308658471270815,0.00381380774519958,0.00766943981719534,0.00388003832053295,0.00434194447859483,0.00551736154444148,0.0027784580977196,0.00653571622794302
0.00290212439154577,0.000876243371008027,0.00570716318482404,0.00716695418889023,0.00698052045138878,0.00170563410522399,0.00308170908134721,0.00647733847517737,0.00903389491518061,0.00855524344277136,0.00265799025656539,0.00435897858071503,0.00308136300111143,0.00381650077563554,0.00766973085337893,0.00387981734212172,0.00434386798996947,0.00552881268198489,0.00277961108517673,0.00654123019531703
0.00290484207326593,0.0008760662931801,0.00570231795737034,0.00716426153852236,0.0069810511683587,0.0017056398676314,0.00307731334464338,0.00648238855879041,0.00903286063520158,0.00857099253450744,0.00265549659447002,0.00435959206732572,0.00308339488656226,0.00381519830116749,0.00767980568036486,0.00388395125263159,0.00434871354643165,0.00552182821456973,0.00278180962862758,0.00653827105312269
0.00290545781243162,0.000876348236178247,0.0057058281290228,0.00716332605831341,0.00698069385052409,0.00170430798355801,0.00308147472704917,0.00648354598161877,0.0090408178355031,0.00856942611555156,0.00265464795995811,0.00435834411211758,0.00308661304360541,0.00381490308130082,0.00767612496226425,0.0038822145460741,0.00434861202293911,0.00552549406191447,0.00277986665834454,0.00654761490945651
0.00290972458518859,0.000876370318022895,0.00570590876533933,0.00716248259975132,0.00698121741188899,0.0017083854660622,0.00307929359072075,0.00647734142364161,0.00903396063036599,0.00857748816519194,0.00265533377454556,0.00435816619693501,0.00309045660040298,0.00381729585263023,0.0076754334519404,0.00388074568320085,0.00435248604506667,0.00552826423114267,0.00278061782229508,0.00654123590661086
0.0029044302714608,0.000875868254431784,0.00570266350519193,0.00716189879400085,0.00697842763714545,0.00170477158044688,0.00307618487851547,0.00647619572691053,0.0090322845365301,0.00855826778883838,0.00265864124906043,0.0043600567414519,0.00309695014166101,0.00381372978870423,0.00767891359680241,0.00387706688982837,0.00434458790700323,0.00552119685150988,0.00277925694831674,0.00653846803553035
0.00290332462103624,0.000875431955320931,0.00569905475903608,0.00716003179617306,0.00697655935894756,0.00170421234067256,0.00307533619348557,0.00647009193054299,0.00903102975394321,0.00855371870999359,0.00265505408869909,0.00435347252304129,0.00308049839402751,0.00381541259862474,0.00766665269422833,0.00387556248290601,0.00433998994967665,0.00552012345711843,0.00278092334199012,0.00653465699857282
0.0029079170906656,0.000876466495798743,0.00570401954848094,0.00716497404100468,0.00698343561062014,0.00170476391160541,0.00307953628333388,0.00648293105360433,0.00903201927224615,0.00856487592874302,0.00265688733030963,0.00436652974547818,0.00308938005433318,0.00381974295380256,0.00768655517474877,0.00388082258366646,0.00434746737135615,0.00552343724915205,0.00278111089781964,0.00655625312089173
0.00290112391392022,0.000875518538757679,0.00569736772457308,0.00715619986230039,0.00697197951246212,0.00170442570301291,0.00308066924153035,0.00647576834356793,0.00903003311209579,0.00855796080405728,0.00265545276066796,0.00435700043334162,0.00308317898019891,0.00381279578023858,0.00767316856036936,0.00387715837757053,0.00434250342478134,0.0055199568280546,0.00278009409131165,0.00653663948976738
0.00290118538662189,0.000875468138940143,0.00569840029103875,0.00716101494300228,0.00697559630861479,0.00170323200328976,0.00307511675904142,0.0064736345641659,0.009023975712093,0.00855582772143607,0.0026530933092357,0.00435501906662074,0.0030818172229446,0.00381252937925554,0.00766865460495716,0.0038762798335379,0.00434147581496261,0.00551667184321156,0.00277881262748707,0.00653712325833905
0.00290497492397394,0.000876028690823114,0.00570546500535664,0.00716327987034091,0.00697919824641868,0.00170659458440598,0.00308153967295015,0.00647916348435141,0.0090317844969404,0.00856559122782477,0.00265836983209116,0.00435991156630589,0.00308621078913498,0.00381716763249474,0.0076766782352618,0.00388071316637299,0.00434656601394482,0.00553209791504716,0.00278270367541686,0.00654408538577018
0.00290574514485572,0.000875982868367682,0.00570146300915293,0.00716354617824489,0.00697511136746703,0.00170382399126271,0.00307891103580861,0.00647413137189513,0.00902707361787784,0.00855969905135245,0.00265464673685629,0.00435577497533707,0.00308239292140186,0.00381763857623715,0.00768215770065096,0.00387726628608116,0.00434491863547467,0.00552367313270144,0.0027815061639664,0.0065388126088642
0.00290786385399866,0.000876271325414736,0.00570593235924573,0.00716457812024927,0.00698059742198313,0.00170701852290222,0.00307853553914856,0.00647687325031268,0.00903183011704886,0.00856170417322152,0.00265465634011952,0.00435893998249284,0.00308505977030016,0.00381769805859563,0.00767209101746585,0.00388011651742651,0.00434481225393735,0.00552882660212957,0.0027846329817001,0.00654469082601121
0.00290273268203882,0.000874907291334728,0.00570087645633598,0.00715431862514347,0.00697027435563023,0.0017037736760067,0.00308101333504819,0.00647305764315351,0.00902614410570306,0.00855656186315099,0.00265477396344653,0.00435519386308354,0.00308299373030614,0.00381309561622647,0.00767020865783861,0.00387610604592513,0.00434160877190265,0.00552149272536984,0.00277883611438896,0.00653885625236621
0.00290681597103042,0.000875879314782575,0.0057067918986375,0.00716724801138068,0.00697761720329795,0.00170851233145849,0.00308116129615214,0.00648175813936792,0.00903726759039103,0.00856445729085206,0.00265830484700743,0.00435977487916285,0.00308533437589338,0.00381784756707506,0.00767480399890668,0.00387950989854823,0.00434709870094618,0.00552923439395902,0.00278132053544847,0.00654321374221869
0.00290390747857673,0.000875093816700677,0.00569872446720626,0.00715773943541679,0.00697701947237592,0.00170436496480507,0.00307789425878401,0.00647181655414644,0.00902582165544646,0.0085577838907382,0.00265353799025599,0.00435572795981476,0.0030812383725574,0.00381472469092179,0.00767027339534098,0.00387594937320798,0.00434198088863021,0.0055150611910947,0.00278052114733186,0.0065396159023183
0.00290653558320531,0.000876542059360838,0.00570434600732737,0.0071632951548573,0.00697744232172045,0.00170413470842738,0.00307754321449497,0.00647712919355371,0.00903199266760993,0.00856049586043424,0.00265768053498267,0.00435725918750473,0.00308385078055432,0.003816745947301,0.00768479052711579,0.00389832051134981,0.00435408287945427,0.00552884476124511,0.00279375237487009,0.0065772667064146
0.00289982432659034,0.000875887173819091,0.00570070014137516,0.00715954132490292,0.00697606680691778,0.00170481805700001,0.00307977314479013,0.00647617423442974,0.00902699680971716,0.00855790473850906,0.00265652453977268,0.00435846508888274,0.0030835475754677,0.00381535614504606,0.00767240574972698,0.00387675990108322,0.00434873655326782,0.00552655064781249,0.00278066712277916,0.00653652142578257
0.00290731128810822,0.000876633789768231,0.00570396861928088,0.00716724119833123,0.00698617678832785,0.00170532554956077,0.00307853673296828,0.0064799340377934,0.00903208509456089,0.00856244227469288,0.00265542608060311,0.00436002738184021,0.00308521908438618,0.00382191887682397,0.00767589283025011,0.00388086192685085,0.00434753574546663,0.0055240905601561,0.00278104322918764,0.00654389562527543
0.00289774821411151,0.000874686218236161,0.00569327130164927,0.00715307552073027,0.00696709560258283,0.00170239736711358,0.00307327273258094,0.00646362191431898,0.00901703874789004,0.00855147262332609,0.00265097530167664,0.00435074942547776,0.00307778252187095,0.00381082178258007,0.0076615464100353,0.00387231207032367,0.0043372239049433,0.00551249419549161,0.002778034221833,0.0065313856106609
0.00290153255987526,0.000875387811964398,0.00569999476430932,0.00715965026160152,0.00697522547863528,0.00170340547900214,0.00307616729536577,0.00647420362019155,0.00902247538775395,0.00855559402122969,0.00265556380846345,0.00435332859618754,0.00308200459086741,0.00381423389032022,0.00767043445920508,0.00387517246499302,0.00434047216053179,0.0055148849907077,0.00278056609294642,0.0065374019996791
0.00290332125226353,0.00087629854983357,0.00570158604602769,0.00716268514990757,0.00698169894915177,0.00171006759849887,0.00307886698958937,0.00647900763403244,0.00902750579913629,0.00855928801365096,0.00265634252565829,0.00435757215930651,0.00308240482838565,0.00381541381853673,0.00767307819987133,0.00387824414034355,0.00434807418057249,0.00552235491188217,0.00278126794226546,0.00653851419024956
0.00290229083134028,0.000875869631671879,0.00570303533017395,0.00716585268329671,0.00698181779602609,0.00170415996287374,0.0030771690126509,0.00647597081232053,0.00902696737217964,0.00856216944412131,0.00265426251459395,0.00435612013717549,0.00308355476704493,0.00381539334776956,0.00767461372666013,0.00387782051520344,0.00434359543717851,0.00552048401753793,0.00277941531684994,0.00654107150411933
0.00289804241139643,0.000875529129027621,0.00569843581770556,0.00715397920240606,0.00697410697412206,0.00170395412630024,0.00307854627005509,0.00647137384539435,0.0090204166297206,0.00854966758613187,0.00265445643993328,0.00435450800684926,0.00308171791335459,0.0038121891266524,0.00765816067730035,0.00387532203556729,0.00434033566357811,0.00552191017879873,0.00277914685889083,0.00653242540148048
0.00289929600332808,0.00087500930554389,0.0056966849811474,0.00715208738817884,0.00697134894969169,0.00170248900461169,0.00307233161700526,0.0064682231071291,0.0090185177612908,0.00854818659239749,0.00265061413600612,0.00435084106115869,0.00307869744421258,0.00381011900287903,0.0076632287275585,0.00387410907059221,0.00433778210315203,0.00551200421108981,0.00277638485912198,0.00653020191146999
0.0029050005108019,0.000876408166522195,0.00570337380140546,0.00716649430408002,0.00698365457767105,0.00170483930928739,0.00307812083354909,0.00647961232589722,0.00903665855557365,0.00857196601429508,0.00265528823550754,0.00435828116408124,0.00308356429075151,0.00381607759051008,0.00767632211576077,0.00387896721753967,0.0043439714226126,0.0055263388810588,0.00278046792682075,0.00655136495408507
0.0029078206676289,0.000875903915264386,0.00570706826347479,0.00716394812792103,0.00698192218260874,0.00170476403841643,0.00307808314460555,0.00647483654866303,0.00902995194029318,0.00857334740198836,0.00265403643479882,0.00435885846509109,0.00308275324120375,0.00381705107678263,0.00767807392930213,0.00388580481442489,0.00434457892206799,0.00552133079248838,0.00278088953090044,0.00654457200426092
0.00290473455645587,0.000875824615130736,0.00570277040735816,0.00716222823766569,0.00697784554498893,0.00170531763549124,0.00307950734307179,0.00648030961007724,0.00903394846832772,0.00855834483187125,0.00265256056115353,0.00435540098461912,0.00308255172018838,0.00381414008439642,0.00767210942791813,0.0038769550880709,0.0043395897128867,0.00551926369942577,0.00277737920866232,0.00653562428557199
0.00290336345000013,0.000875456500234663,0.00569957627129754,0.00715858874551993,0.00701241474985419,0.0017133869514057,0.0030747179490859,0.00647282493684084,0.00903005824332105,0.00855624799397487,0.00265218020096597,0.00435689843645745,0.00308327134976283,0.00381393264414896,0.00767628810153736,0.00387985394457109,0.00434261125675227,0.00551764758364697,0.00277856377607447,0.00654191700526775
0.00290416761888112,0.000876022704959109,0.00570592427498945,0.00716367152852954,0.00697880962126599,0.00170539358627451,0.00308491920552221,0.006479040574858,0.00903901459847064,0.00856396280950567,0.0026578732140137,0.00436086335963623,0.00308388869031634,0.00381735361916118,0.00767586682820218,0.00388127442635817,0.00434867389182759,0.00552641171603381,0.00278116703474323,0.00654748913093567
0.00290176963108984,0.000881099781872722,0.00573385679450314,0.00716525077453708,0.00697979282873782,0.00171373003973055,0.00309608493636247,0.00647780751249465,0.00907771551459625,0.0086061613318952,0.00267071860422963,0.00436062020508297,0.00310031921430918,0.00381701490220135,0.00767441080095457,0.00390131493363341,0.00434687829893338,0.00555617606463351,0.00278040617708085,0.0065391143987446
0.00290495630864406,0.000875345196222851,0.00570040968475828,0.00716057981231634,0.00697565710082511,0.00170411205514411,0.00308054719465423,0.006475509286929,0.00902562741655406,0.00856969315580222,0.00265732880620371,0.00435709166878042,0.00308406134064789,0.00381515953415061,0.00767673387409601,0.00387622990892905,0.00434432980509103,0.00551930783930225,0.00277858779603537,0.00653911904721943
0.00290260774089966,0.00087538817622776,0.00569773998667779,0.00715874789077932,0.0069748036414631,0.00170352499634476,0.00307468614265461,0.00647793656662908,0.00902514311529632,0.00855268718578156,0.00265366195782773,0.00435772848109997,0.00308009843007362,0.00381193868983617,0.00766876057891723,0.0038756228740473,0.00434052186895346,0.00551414997478513,0.00277679870938899,0.00653843876565592
0.00290336143270303,0.000876490821428645,0.00570162588925704,0.00716553127099687,0.00698573448814375,0.00171656243203089,0.00308640625323441,0.00648360169888952,0.00903503355691164,0.00856019594137992,0.00266246369523925,0.00436188226476783,0.00308507118165733,0.00381787557144749,0.00767887249984694,0.00390414476951974,0.00434683647922805,0.00553115350834847,0.00279850934107535,0.00657386251606049
0.00289947096437831,0.00087481479470657,0.00569705030927883,0.0071562129507839,0.00696995256918671,0.00170232572118178,0.00308264442998661,0.00647760735580989,0.00902810068232198,0.00856186658682467,0.00265309093508998,0.00435515167418533,0.0030892640105826,0.00381158522158194,0.00767070992881791,0.0038760973681159,0.00433980446744818,0.00551982943562411,0.00277859986081353,0.00654250508479356
0.00290470374398637,0.000876217447669006,0.00570228913588073,0.00716866024364964,0.00697892750283305,0.00170554515389741,0.0030750987303859,0.00647620001247855,0.00902634194594141,0.00857175545069062,0.00265574782491876,0.00436011661890172,0.0030839184203442,0.00381587848480876,0.00767689294072465,0.00387910649061565,0.00434429667946027,0.00552163826784557,0.00278121214452379,0.00654502531477862
0.00290318419751443,0.000875363773552074,0.0056973113805829,0.00716340640728563,0.0069733855720792,0.0017038554927734,0.00307711900470578,0.00647072268249919,0.00902510249691235,0.00855769329245095,0.00265344266865867,0.00435235303298899,0.00308051876023765,0.00381468454662256,0.00766829654973337,0.00387625952521123,0.00434091228277767,0.00552174118651594,0.00277703889241359,0.00653522527302184
0.00290836062364677,0.000876500945474048,0.0057043336490552,0.00716673526725034,0.00698307083918724,0.00170491502023267,0.00308005443638715,0.00647965798005793,0.00903373556277675,0.00856428481282879,0.00265779725836738,0.00435897542608127,0.00308437597530467,0.00381626118091285,0.00767637111313277,0.00387921141310536,0.00434663952266066,0.00552976845698587,0.00278113935748225,0.00654240622395565
0.002907113546567,0.00087600765916665,0.005703834142524,0.00716459362181059,0.00697923509876533,0.00170404748747807,0.00308166689813953,0.00647894360231946,0.00902821910718373,0.00856078563436481,0.00265511419632742,0.00435699878517309,0.00308361429483044,0.00381554059921871,0.00767638003681085,0.00388271921993026,0.00434429290336681,0.00552168099094101,0.00278008124174461,0.00654150351508176
0.0029016158895189,0.000875165951656772,0.00569806244124546,0.00715479092915419,0.00697141878851771,0.00170477699347093,0.00307661429447586,0.00647093791275956,0.00902182701000299,0.00855926310652393,0.00265327908766959,0.00435218795636039,0.00307942702966423,0.00380976812617048,0.00766352479847163,0.00387395706517205,0.00433992428303971,0.00552221472667315,0.00277861760765902,0.0065353844368257
0.00290412223028547,0.000875638373547104,0.00569854198859798,0.00716291046194294,0.00697679708077802,0.00170388436301433,0.00307758549552602,0.00647735181787004,0.00902506927009407,0.00856414814853643,0.00265499519055348,0.00435810628990265,0.00308410140269898,0.00381519699078484,0.00767070586206383,0.0038797484472971,0.00434322115269347,0.00552299687624072,0.0027809503611674,0.00654035170632514
0.00290196314380966,0.000876073563449939,0.00570380819934071,0.0071640406898213,0.00697801873129178,0.00170443361585315,0.00307827448446813,0.00647647312658535,0.00902842450366864,0.00856171344308994,0.00265567329549521,0.004356663847839,0.00308293645210415,0.00381590367676993,0.00767522809936656,0.0038790352955884,0.00434366227445704,0.00551765954062884,0.00277935578441724,0.00654449287030511
0.00290574426542163,0.000875702856362229,0.00569920123687182,0.00716126387868924,0.00697601598734808,0.0017028597776588,0.00307671762537276,0.00647568619698147,0.00902666977537818,0.00855283502084576,0.00265663625323425,0.00435626988211262,0.00308123898906416,0.00381670829001784,0.00767015969939695,0.00387525758894269,0.00434198304907892,0.0055163009652749,0.00277930146222984,0.00653977680914847
0.00290422586120028,0.00087531174483437,0.00570028671374632,0.00720236181289902,0.00697253238132243,0.00170840304543397,0.00307697788183577,0.00647415722164279,0.00903276859487617,0.00860514672709988,0.00265361546180424,0.00435735817489399,0.00308377100146014,0.00381543877172652,0.00767871559521878,0.00387798030301069,0.00434551670441435,0.00552009690558537,0.00277613981818669,0.00653909424907481
0.00290470910231866,0.000876209359117774,0.00570275903968343,0.00716096956850997,0.00697639677393868,0.00170578359134406,0.00307748979948142,0.00648134629183109,0.00903456651952988,0.00856676008571703,0.00265680005854801,0.00435818075943979,0.00308337430753606,0.00381545659743772,0.00767832852783258,0.00387782410643596,0.00434377987333117,0.00552021757986284,0.00277980672438567,0.00654153740269791
0.00290905537875704,0.000875877182815591,0.00570396667049681,0.00716534594826325,0.0069763029453346,0.00170615041608273,0.00307766751022868,0.0064770234753665,0.00902992346958086,0.00857840613569146,0.00265520412925542,0.0043601005787649,0.0030828678438488,0.00381559560825893,0.0076749404721702,0.00388164771163124,0.00434283568108621,0.00551934006504254,0.00277990029320063,0.00653889082832784
0.00290042069466736,0.000875228621809851,0.00569789326945193,0.00715920965422805,0.00697250737420855,0.00170691341380124,0.00308228893440677,0.00646984052164672,0.00902146637597698,0.00855303236046239,0.00265445918049256,0.0043534229074565,0.00308120274217625,0.00382104468388392,0.0076683697052518,0.00388269629285402,0.00434035897205109,0.00551480831299102,0.00277750452215832,0.00653603186216791
0.00291037809406015,0.000876586554542458,0.00570680539677102,0.00716664972198941,0.00698208279455558,0.00170478822367273,0.00307940713198205,0.00648293643181623,0.00904418215949545,0.00856907884587389,0.00266711987290422,0.00435911407206874,0.00308482321499026,0.00381838694576488,0.00768638345655525,0.00388028455064973,0.00434675642296704,0.0055225123387829,0.00278282296687989,0.00654490256792401
0.00290394594734117,0.000876464363337571,0.0057095113966514,0.00717136177974492,0.0069871644429847,0.00170688934505237,0.00308166844569009,0.00647970487155963,0.00904078163121647,0.00857101438130252,0.0026605441399984,0.00436281483742613,0.00308723192394568,0.00381972926492436,0.00768009463859284,0.00388260878857571,0.00434890765150649,0.00552925277469341,0.00278282922430914,0.00654160036556634
0.00289760515247813,0.000875178693159014,0.00569778422451885,0.00715481647496627,0.00697520009233742,0.00170227851487352,0.00307392996236365,0.00647293241508897,0.00902280972571648,0.00855140997313139,0.00265137231433424,0.00435183138164337,0.0030791274158735,0.00381012231813858,0.00766690645439817,0.00387380220801711,0.00433833310916723,0.00551360288216734,0.0027760056826707,0.00653346285341088
0.00290528501060639,0.000876663853055185,0.00569993321928912,0.00716406768292852,0.00697724422215349,0.00170360513234801,0.00307413442777279,0.00651188915246349,0.00902975735177441,0.00856291743020223,0.00265789495635521,0.00435735433363512,0.00308209319074947,0.00381648569156207,0.00767995333597962,0.00387856656227106,0.00434853783554296,0.00551297683266507,0.00278162156723988,0.00654658076469377
0.00290038661009845,0.000874940496789155,0.00569827099604176,0.00715936180938355,0.0069734393630409,0.00170248410361394,0.00307504918869646,0.00646891458494587,0.0090227074075504,0.00855347024318459,0.00265196429445386,0.00435344029126293,0.00307987428384816,0.00381267004785037,0.00766633412324956,0.0038754465663568,0.00434029040717769,0.00551552842323843,0.00277628880267636,0.00653624049050859
0.00290695783906591,0.000875929782158644,0.00570311861893439,0.00716580643566798,0.00698154391417492,0.00170438296024815,0.00307779433215638,0.00647789442257196,0.0090447482347113,0.00856250760485736,0.002654779833216,0.00435709025328213,0.00308863137483916,0.00381673282965895,0.00767462148620895,0.00387863327059349,0.00434456184590063,0.00552261938588716,0.00277944334977185,0.00653989343342244
0.00290586513729312,0.000876262638390307,0.0057064789300418,0.00716488990843327,0.00698217586044658,0.00170536193190443,0.00308155691057532,0.00647867486405011,0.00903140554733824,0.00855961181436786,0.00265901508109741,0.00436024871387815,0.00308397017559355,0.00381590872722263,0.00767370108500258,0.00388159022948629,0.00434570547347318,0.00553181048240249,0.00277992165397756,0.00654176954166054
0.00290342294249262,0.000876018050853038,0.00570255665473934,0.00716490049273479,0.00697893784475477,0.00170524097257553,0.00308149441731575,0.00647608748204645,0.00903176705978238,0.0085661678894139,0.00266127909772551,0.00435654132017673,0.00308542996734794,0.00381465567145284,0.0076752142800496,0.00388038223642114,0.0043465038333144,0.0055209103702964,0.0027809283196355,0.00654157654263615
0.00290531862463105,0.000876320248076542,0.0057033144712378,0.00716648366982261,0.00697883504389779,0.00170575771030556,0.00307978448073923,0.00647787237403855,0.00902935153592932,0.00856755859325913,0.00265673360624431,0.00435905008701075,0.00308769326851676,0.00381585899592222,0.00767483063790518,0.00388489448744566,0.00434465565322259,0.00552309905301275,0.00277997771535343,0.00654134557305521
0.00290700649789844,0.000875649146698993,0.00570081663689319,0.00716301247462579,0.00698071057423944,0.0017052228794726,0.00307613504437693,0.006481681506474,0.00903003294846962,0.00856262791375362,0.00265693868117788,0.00436073059522861,0.00308563907713411,0.00381543108564495,0.00767050731504161,0.00387658445040964,0.00434706396997624,0.00552675308982687,0.00277890803274669,0.00653888202109636
0.00290703706245695,0.000876670951937436,0.00570854119180833,0.00716902639499286,0.00698491118461445,0.00170590395353935,0.00307962196068532,0.0064870277997612,0.00904782255515171,0.00857580265680194,0.00265839431380161,0.00436496159263675,0.00308679263116232,0.00381889505888978,0.00768018183954301,0.00388131382162048,0.00434791656231874,0.00552440888043305,0.00278201923847569,0.00655098708422039
0.00290636855789191,0.000876321412363481,0.00570512372944983,0.00716673291058883,0.00698032894338331,0.00170551589512962,0.00307965644890503,0.00647562708696795,0.00903183962160556,0.00856192867924428,0.00265613339739666,0.00436067455221273,0.00308493847509627,0.00381904714718614,0.00767781589468489,0.0038793936470874,0.00434784627116855,0.00552210667464455,0.00278258027316183,0.00654106390968689
0.00290023198540252,0.000876115509560524,0.005701440990568,0.00716008414455105,0.00697713278598186,0.00170365881431722,0.00307522832973139,0.0064730899362363,0.00902252215119091,0.00855857778977897,0.00265269392844636,0.00435541538220588,0.00308172713044472,0.00381303876046936,0.00766959002306865,0.00387500228248617,0.0043410606717243,0.00551641154911963,0.00277830031737712,0.00653724197876627
0.00290399350315907,0.000875767956933542,0.00570324177822056,0.00716576604327011,0.00698165394608794,0.00170529467598073,0.00308033470544885,0.00647814881702942,0.00903123887034063,0.00856258701164225,0.00265681898012102,0.00435957131028977,0.00308516106446789,0.0038246221385966,0.00767532178659522,0.00388055609430036,0.00434722716109451,0.00552821552061852,0.00277939867812956,0.00654121425206104
0.00290538567980969,0.000875658677371156,0.00570079309614678,0.00716038983501182,0.00697450822188998,0.00170411911647921,0.00307577365146706,0.00648078724070094,0.00902494242674452,0.00855821920260703,0.00265320560536103,0.00435885427124681,0.00308405663315114,0.00381391465121245,0.00768107989249274,0.00388111910218976,0.00434579968859647,0.00551641961502953,0.00277870203633285,0.00654516097496481
0.00290124657580613,0.000875302123119821,0.00569876470131525,0.00715841198407903,0.00697413836518795,0.00170405515821901,0.0030783932233536,0.0064699099012029,0.00902142363365474,0.00855540288048063,0.00265604101133178,0.00435406161533797,0.00308105994919447,0.00381196679253401,0.00766858451088022,0.00387480078127779,0.00434069070630709,0.00552391558570486,0.00277767250210296,0.00653417905120874
0.00290275208768795,0.000875208604136066,0.00569811902828583,0.00716035086702338,0.00697520767715447,0.00170270793568217,0.00307447934846415,0.00647072275227035,0.00902222703926604,0.00855695293001247,0.00265484413329947,0.00435380223073739,0.00308132587579406,0.00381379107904328,0.00767172014237434,0.00387520651287561,0.00434597429172171,0.00551589916912723,0.00277676228902543,0.00653487306436449
0.00290818042419995,0.000876440423871967,0.00570422339434006,0.00716495298980145,0.00697851869187358,0.00170395586776173,0.00307884348352866,0.00647653764476918,0.00903422212912915,0.00855870861240784,0.00265490107257784,0.00435770228795275,0.00308406717558735,0.00381836484882937,0.00767589283051445,0.00388003631235968,0.00434958269066233,0.00551979027486491,0.00278152714123735,0.00654372478810173
0.00290613163776726,0.000876184148522185,0.00569968494158613,0.00715797804437508,0.00697494938443935,0.00170507819742856,0.00307899617644109,0.00648473546204775,0.00902969442081033,0.00856737084759384,0.00265801531547712,0.00435684334735964,0.00308602991070288,0.00382016492122149,0.00767486259007718,0.00388107664357693,0.00434270823397106,0.00552530938018882,0.00278156521160984,0.006539424916544
0.00290321425956802,0.000876090265196003,0.00570540145348934,0.00716779974252037,0.00698171526121091,0.00170536076874063,0.00308068235339151,0.00648122197037644,0.00903167036269936,0.00856290256757899,0.00265728778815495,0.00435896453873143,0.00308473250069136,0.00381800374781147,0.00767671002276083,0.00388010519650338,0.00435008213549753,0.00552885495780168,0.00278212857525449,0.00654358841682798
0.00290986239012177,0.00087592175148931,0.00570304984119629,0.00716274761835102,0.00698591795329851,0.0017046103490648,0.00307722598168679,0.00648300266226682,0.0090375787768053,0.00856254063867759,0.00265331795634863,0.00436095618735797,0.0030839039083146,0.00381928228066617,0.0076806597091659,0.00388313664342179,0.00435383875147721,0.00552420160411923,0.00277958716201397,0.00654646865189947
0.00290164008910978,0.000875551671764693,0.00570076333523665,0.00716023401146752,0.00697518390297749,0.00170259459429535,0.00307616742995852,0.00646937045941274,0.00901825584025607,0.00855605534289532,0.00265283670911854,0.00435321602568778,0.0030815553846842,0.0038131525621869,0.00766786698633797,0.00387607384017177,0.00434001579607702,0.00551549925774491,0.00277769101626349,0.00653640779534024
0.00290654745696362,0.000876693202245602,0.00570572555085078,0.00716938332778887,0.00698404203548604,0.00170528104415924,0.00307861784269226,0.0064805731432619,0.00903841920673976,0.00856367801950957,0.00265840084253316,0.00435675654100659,0.00308521802670025,0.00382108212928631,0.00767729212736295,0.00388073009754578,0.00435011306213136,0.00552241124071476,0.00278190253928194,0.00654591471110324
0.00290511981469756,0.00087609017639347,0.00570432319376253,0.00716579436124938,0.00698231500074266,0.00170566081573765,0.00307731809162539,0.00648733691711142,0.00903111303441327,0.00856926099807591,0.0026540788850693,0.00436191362425124,0.00308466533578023,0.00381705435199156,0.0076712773721487,0.00388252769017489,0.00434590627175249,0.00552075981423248,0.00277957819902309,0.00654737206042079
0.0029045228642119,0.000874759555373937,0.00569704682641277,0.00715566538255981,0.00697123716783056,0.00170468717514759,0.00307742913809365,0.00647001954062565,0.00902323039368237,0.00856066105465291,0.00265525518794122,0.00435236041357966,0.00308031981772904,0.00381217245227216,0.00766779355156705,0.00387962789725026,0.00433829097898,0.00551490289269298,0.00277757325176553,0.00653560396280733
0.0029058755728386,0.000876557780107892,0.00570366028904003,0.00716216874264332,0.00698104102131009,0.00170375517422421,0.00308021579972179,0.00647965495969007,0.00903979724645199,0.00856900226704483,0.00265777570102108,0.00436260628983371,0.00308417082049567,0.00381697842953078,0.00768383280044614,0.00387697516067225,0.00434471345220866,0.00552708925144735,0.0027816547760249,0.00654170232219912
0.00290077325934204,0.00087456849992772,0.00570236487394529,0.00716114728501231,0.00698198837172553,0.00170337935540895,0.00307925931454383,0.00647718296943843,0.0090320851285691,0.00855705650274995,0.00265446057898667,0.00435676864699796,0.00308531772808593,0.00381180074473932,0.007678629935115,0.00388232131618015,0.00433945683919225,0.00551593206247324,0.00279271632050808,0.00653299988623542
0.00290450383842691,0.000875754130004731,0.00570300336090905,0.00716616945425161,0.00698301582645684,0.00170543193830608,0.00308209739252167,0.00648046483469381,0.00902827671640687,0.0085654564513702,0.00265692311999776,0.00435973381461671,0.00308442284125435,0.00381376826800407,0.00767039877102787,0.00387716272443303,0.0043462642096894,0.00552968771712197,0.00278142153098493,0.00654400776356987
0.00289894100183271,0.000875198887423613,0.00569401198662021,0.00715836486754335,0.00697110470969917,0.00170272272396894,0.00307665880048515,0.00646860883170878,0.00902867441163159,0.00855164163571359,0.00265482339444694,0.00435252929072358,0.00307984693883306,0.0038100397697827,0.00766477773348463,0.00387513542524476,0.00434014307862669,0.00552315055217102,0.00277710555978674,0.00653021231715927
0.00290706161517312,0.000876277250076616,0.00571050845727616,0.00716454266150816,0.00697730819234586,0.0017039737473613,0.00307845199049649,0.00648589643216647,0.00903012462260571,0.00857177935665814,0.00265566120437577,0.00435580071552141,0.00308666576012152,0.0038167390770617,0.00767456271513761,0.0038800404081374,0.00434427136042781,0.00552784618847635,0.00278116225828039,0.00654193384383591
0.00290404781145995,0.000876121387091246,0.00570164818040328,0.00716721228988854,0.00697702403782585,0.00170396000979046,0.00307639555885768,0.0064785899905247,0.00903011637965624,0.00855629428685887,0.00265451895855948,0.0043582645931605,0.00308199511867063,0.00381385835296643,0.00767166230994549,0.00387637461472416,0.00434403480105001,0.00552305993512538,0.00277922405043566,0.00653870488960789
0.00291291029490126,0.000875662846655874,0.00570435594226942,0.00716215490232845,0.00697674860702716,0.00170369463528615,0.00307807266848888,0.00647938558958517,0.00902638527003829,0.00857247604852864,0.00265809717001122,0.00435637789739478,0.00308601336414661,0.0038205718869039,0.00767153749406567,0.00387820421478031,0.00434362240304265,0.0055185015177945,0.00277996419765171,0.0065389440994083
0.00289984452693147,0.000875239147631348,0.0056975703505279,0.0071553081165826,0.00697278548610226,0.00170372006301792,0.00307378848153975,0.0064788170041538,0.00902352090444354,0.00855515484205286,0.00265335532598756,0.00435291756225804,0.00308324307124686,0.00381392180254026,0.00766832283055344,0.0038767148737008,0.00434172718186474,0.00551932237676898,0.0027799846011371,0.00653373012535667
0.00290794234829855,0.000876056932060667,0.00570730117724254,0.00716790011506632,0.00698157612483367,0.00170690919518158,0.00308262577506269,0.0064772506805009,0.00903539341490471,0.00856346816745259,0.00265829913174044,0.00435928359329317,0.00308878002267267,0.00382113940656042,0.00767657159693152,0.00388353152710197,0.0043508779857918,0.00553104312079818,0.00278073932660654,0.00654556274769247
0.00290317788366557,0.000875248194773321,0.0057010318664887,0.00715815615083282,0.00697652416182075,0.0017027375346988,0.00308996235846799,0.00647534505460495,0.00902464329892869,0.0085551337531674,0.00265503525586104,0.00435216163768547,0.00308103806727811,0.00381697090193792,0.00767012536025733,0.00387573927169007,0.00434487968222598,0.00551402349245217,0.00277692596116689,0.00653716769623008
0.00290178129719123,0.000876342631618673,0.00570531661483905,0.00716529807635698,0.00698233950130105,0.00170547166991799,0.0030828758589434,0.00647698273383285,0.00902803798114809,0.00856285821863999,0.00265821152913347,0.00435781345933299,0.0030833961546809,0.0038154041817952,0.00767319262469455,0.00388115146228794,0.00434379322584019,0.00553196925828066,0.00277967517479785,0.00654133345254473
0.00290371365045567,0.000875361667130946,0.00569996075031674,0.00715943299492627,0.00697759825652534,0.00170875925646678,0.00307513615519596,0.00647253032053824,0.00903405462868581,0.00856382955840144,0.00265472171996725,0.00435422213615469,0.00308049165404467,0.00381261769964455,0.00767435074819504,0.00387593941824513,0.00434190017702654,0.00552128947646265,0.00278009277832532,0.00653662572091714
0.00290360989027054,0.000876520907937992,0.00570538506123487,0.00716473718405614,0.00698199452618313,0.00170522290645573,0.00308147799688772,0.00648394951856182,0.0090334910966289,0.00856458234931343,0.00265884805161563,0.00436162687197355,0.00308545009600791,0.00381614642522022,0.00767602182006416,0.00388030353728289,0.0043455199148284,0.0055309607242479,0.00278231385463779,0.00654066357343592
0.00290309991580864,0.000875513433443032,0.00569969615149326,0.00716164222189385,0.00697446687405909,0.00170346530322037,0.00307637888716188,0.00647510650580038,0.0090277827555183,0.00855708565885016,0.00265486184190942,0.00436005107544255,0.00308166559720028,0.00381452679832285,0.00766909067686827,0.00388006276200665,0.00434301437059662,0.00551843810567471,0.0027793386161103,0.0065383992767003
0.00290250360045263,0.000875955836788419,0.00570051391442135,0.00716322892568089,0.0069780173560174,0.00170716603777142,0.00307626686769789,0.00647591003895857,0.00902564239317476,0.00857825795082422,0.00265442788720091,0.00435610345165897,0.00308319578959214,0.00381422659920587,0.00767327031837978,0.00388917901207396,0.00435462030307178,0.00551834167573522,0.0027786147366064,0.00653936976139216
0.00290182180277611,0.000875842978755191,0.00570123970253493,0.00715736163364213,0.00697912457294624,0.00170444687424871,0.00307924569062017,0.00647540778156607,0.00902851817474778,0.00855980519994266,0.00265592663275906,0.00435641928073998,0.00308250035906032,0.00381427204488455,0.0076698078755616,0.00387767466692063,0.00434425056019335,0.00552557673581367,0.00278088049672568,0.00653726198836905
0.00290252879132236,0.000875998017723099,0.00570326219181838,0.00716519986370652,0.00697665581856448,0.00170391740643103,0.00307615315167552,0.0064757832898892,0.00902618088565179,0.0085635815948029,0.00265424535737912,0.00435596751705135,0.00308328747989231,0.00381621039360322,0.00767373768973024,0.00387838092690514,0.00434417854630331,0.00552199945352707,0.00277991205892827,0.00654034697771642
0.00289932852460466,0.000875262852287966,0.00569564219059771,0.00716279781917962,0.00697366048063244,0.00170331933348497,0.00307564438794236,0.00647321879439188,0.00901778866018908,0.00854997956342384,0.0026527306844151,0.00435585590407332,0.0030791130478508,0.00381232039095484,0.0076656166333888,0.00387201217227987,0.00434201913136838,0.00551820391350859,0.0027774803436307,0.00653372322652118
0.00290348064016473,0.000875505423261321,0.00570510625313798,0.00715999591646545,0.00698177341099684,0.00170469222956236,0.00308120816659703,0.00647909161314075,0.00902423479963273,0.0085636467830816,0.00265654703926381,0.00435724945320842,0.00308200064458855,0.00381427107077949,0.00766893726266156,0.00387887815047058,0.0043438099804346,0.00552526759347558,0.00277991837108798,0.00654026023713469
0.00290380474618465,0.000876327713240087,0.00570266785128474,0.00716336354308301,0.00698196488377349,0.00170498266028949,0.00307934360835942,0.00648039322228662,0.00902963030223495,0.00856307921277781,0.00265769277428034,0.00435792658589157,0.00308472534662314,0.00381595900115202,0.00767693266138483,0.00388000940090464,0.00435044040634461,0.00552753307268416,0.00278063942717313,0.00654164495796382
0.0029030563402157,0.00087643862905319,0.00570494532566703,0.00716819977735922,0.00698478209692936,0.00170541110809201,0.00308011588759464,0.00648094946094657,0.00903161829687893,0.00856307155281429,0.00265657025009454,0.0043589056564966,0.0030836590978928,0.00381390362360267,0.00767863307499593,0.00388040854072877,0.00435077068245369,0.00552885558757147,0.00278141464592846,0.00654286256693579
0.00290401034220378,0.000875815560611981,0.00570300516621257,0.00716501377865274,0.00697855447336614,0.0017047059152949,0.0030785746380443,0.0064799472608055,0.00903191923210803,0.00856236240495466,0.00265610440361434,0.00435624797517151,0.00308602159267871,0.00381478787256532,0.00767684468684547,0.00387752494722103,0.00434377212332761,0.0055257441176351,0.00278054487481109,0.00654022007381194
0.00290754260417887,0.000875925762738952,0.00570230232180645,0.00716354318092519,0.00698055972742058,0.00170494756945818,0.0030768495653585,0.00647517927160962,0.0090278500453122,0.00855978908030269,0.00265477623808503,0.00435897178765992,0.0030819011572055,0.00381583388671177,0.00767832958894671,0.00387587860901877,0.00434313075280563,0.00552113371055628,0.00277845660443422,0.00654326565407364
0.00290242829297994,0.000875036559190545,0.00570153602406307,0.00716044249184772,0.00697581385459699,0.00170665961188061,0.00308126528693971,0.00647503712541476,0.00903254959910504,0.00854679730466448,0.00265313535396719,0.00435677476206111,0.00308080543545003,0.00381368247055239,0.00767209427982539,0.00387618871295383,0.00434345862373208,0.00552184014851225,0.00277864640062337,0.00654050449568978
0.002905642719784,0.000874932537513882,0.00569940927683376,0.00715544606051512,0.00697756599230078,0.00170440463363738,0.00307959031895696,0.00647035731156605,0.00901861658866197,0.00855302187739992,0.00265395185739202,0.00435407757532805,0.00308521403591705,0.00381617514103972,0.00767489937629146,0.00387765863429813,0.00434253981667173,0.0055181246065296,0.00277896058270715,0.00653790662225473
0.0029059015480266,0.000876477243805221,0.00570651549543513,0.00716812731184851,0.00698459442883109,0.00170836593915466,0.00308076728897272,0.00648246832390701,0.00903288777767925,0.00856679966231319,0.00265859656489785,0.00435906425235794,0.00308495863465353,0.00381720784644888,0.00767734963934738,0.00388019153009318,0.00434495086761127,0.0055299347345714,0.00278206823703358,0.00654586827596863
0.00290505723244882,0.000876123587370781,0.0057067075171248,0.00716442307832664,0.00698123903128697,0.00170529142403507,0.0030822889118516,0.00647848247376749,0.00903532620408603,0.00856369755452513,0.00265899739217477,0.00435986932605443,0.0030829318188133,0.00381681044967301,0.00767636063532006,0.00387797912563092,0.00434740799278997,0.00552931956428601,0.00278000399060014,0.00653889209710136
0.00290297465736436,0.00087616507966771,0.00570562788956008,0.00716709070000665,0.00697956330724227,0.00170507087738317,0.00308052352992728,0.00648121302976432,0.00903381818364224,0.00856515960506131,0.0026577507022217,0.00435518298437971,0.00308465119843956,0.00381626661382042,0.00767846242905849,0.00387607780413712,0.00435136416689959,0.00552923662415971,0.00278116177990086,0.00654317596087923
0.00290578351048805,0.000875186366685584,0.0057006144784284,0.00716472327937627,0.00697505951161864,0.00170245777821027,0.0030779833155989,0.00647995977972423,0.00902013634624857,0.00855887572461549,0.00265335681322087,0.00435870563294343,0.00308185221181612,0.003817967169267,0.00768031535833861,0.00387754913488138,0.00434571768014438,0.0055158828548813,0.0027788902169716,0.00653539343702472
0.00290460482180931,0.000876467780403286,0.00570652378221619,0.00716883580842292,0.00698343242369665,0.0017057247668217,0.00308354412447183,0.00647976785752524,0.00903936997064142,0.00856364778633607,0.00265847947940429,0.00436341861795956,0.00308452111069607,0.00381831925406726,0.00767751219259029,0.00388104062908493,0.00434700912741807,0.005532334064803,0.00278420652933533,0.00654446416931269
0.00290312157798889,0.000875160404998971,0.00569886809456165,0.00715888217816606,0.00697407040606854,0.00170331271243798,0.00307519167871126,0.00647088573216584,0.00902303834669026,0.00855358370070442,0.00265316900127613,0.00435245596275779,0.00308036367458331,0.00381096999159126,0.0076670927922507,0.00387500043140652,0.00433946347066604,0.00551864853907824,0.00277747289715824,0.00653487124951404
0.00290137209231817,0.000876009085402351,0.00570207869992,0.00716512301393918,0.00697815328031435,0.00170371693342905,0.00307595755578715,0.00647744039628385,0.00902959357116834,0.00855889279281148,0.00265387241975793,0.00435438231306594,0.00308286455018655,0.00381322614100461,0.0076697083987286,0.00387800344996562,0.00434481438283468,0.0055197212690252,0.00277867139211571,0.00654040988226248
0.00290020800885402,0.000875760715553253,0.00569732364668472,0.00715672969385903,0.0069721003670635,0.00170406095742317,0.00307931687997745,0.00647065957745925,0.00902563079630262,0.00855415583823345,0.00265631584796463,0.0043531406493587,0.00308019022790724,0.00381448038078275,0.00766648281423113,0.00387573998899334,0.00433960066447071,0.00552251777243055,0.00277740048547423,0.00653427055696945
0.0029039807311936,0.000875656308932272,0.00570582530058138,0.00716587312351759,0.00698129391992239,0.00170543854158845,0.00308127410110318,0.00647699843435044,0.00902986664356186,0.00855944246403457,0.0026582799829198,0.00435572809913625,0.00308235540969269,0.00381651163679176,0.00767655481767426,0.00387994028507189,0.00434593880863037,0.00552589668065052,0.00278044162059462,0.00653910577349466
0.00290855643801213,0.000876232166937344,0.00570445033236355,0.00716712507420947,0.00698218405198905,0.00170707256146541,0.00307880635415222,0.00648155063537408,0.00903263268695442,0.0085628531737011,0.0026601779314327,0.0043610752011858,0.00308857386061835,0.00381724148133681,0.00767363315295886,0.00387876064084491,0.00434643516764978,0.00552271938213658,0.00278084828975601,0.00654151172946533
0.00290451892493891,0.000876145681882005,0.00570456139728546,0.0071662540476234,0.00698024360307518,0.00170589239977865,0.00308052990970254,0.00648181510619356,0.00903226750190734,0.00856395100451405,0.00265876171593482,0.00436006984376062,0.00308416408602387,0.00381776415975932,0.00767369541783348,0.00388044189522711,0.00435132530445501,0.00552792202048139,0.00278188000125761,0.00654190525112689
0.00290478810366249,0.000876258800066181,0.0057028851717623,0.007161938454328,0.00697804266178666,0.00170333199493325,0.00307807865567761,0.00648144726154916,0.00902835826414254,0.00855881753192209,0.00265461394944543,0.00435784046742517,0.00308339116349465,0.00381968587507683,0.00767812358421615,0.00387761370058203,0.00434551652672839,0.0055254553359384,0.00278066179036584,0.00654200751190636
0.00290312693926366,0.000875498392281176,0.00569909117145924,0.0071615417778385,0.0069758530550976,0.00170363988768626,0.00307671004152582,0.00647705739880584,0.00902604467065147,0.00855737199138392,0.00265415155306962,0.00435584898179546,0.00308298687144777,0.0038144536847032,0.00767468885561059,0.0038799795422212,0.00434317126443089,0.00551910310960539,0.00277895483963281,0.00653880362140985
0.00290474172774217,0.000876046575606111,0.00570341678440388,0.00716904850612269,0.00697941330035649,0.00170443830045973,0.00307779233664825,0.00648146045533155,0.00903433267117379,0.00856366049409895,0.00265471332157308,0.00435765466009579,0.00308310046204703,0.00381634246051046,0.0076750716217947,0.0038781966424659,0.00434449493248204,0.00552230380671728,0.00277969789394253,0.00654131287637533
0.00289952236234775,0.000875451510904232,0.00569979760873612,0.0071577682068496,0.0069706969843245,0.00170367798088753,0.00307788467910021,0.00647560846744845,0.00902530865818063,0.00855367072623373,0.00265535403442094,0.00435432325439257,0.00308111357788847,0.00381321505235857,0.00766795087271275,0.00387622998662182,0.00434217342132586,0.00552310299963726,0.00277792779313548,0.00653528653700793
0.00290726025339486,0.000876258085608345,0.00570420814228932,0.00716630463970444,0.00698291559969576,0.00170517611991979,0.00307935281480228,0.00647928479528514,0.00903236044214836,0.00856258515646361,0.00265724940412597,0.00435748648967004,0.00308369150089039,0.00381729299755097,0.00767527465992865,0.00387966199564685,0.00434642395043178,0.00552903184928367,0.00278074080366794,0.00654128645089508
0.00289660325781925,0.000874205738425826,0.00569723198167053,0.00715064207566298,0.00696398183997251,0.00170338491416458,0.00307062685894588,0.0064623662004043,0.0090038306554623,0.0085416741632102,0.00264929938967415,0.00434843333209052,0.00307662639300479,0.00380736904071352,0.00765775899436623,0.00387265745309154,0.00433469528358139,0.00550957526878588,0.00277231063811041,0.00652658607250834
0.0029050998103672,0.00087614510885441,0.00570437648481977,0.00716311085021939,0.00697778978167008,0.00170455376268607,0.00308129188539594,0.00647808111984947,0.00903229587460401,0.00856234000567911,0.00265556691530093,0.0043578443245507,0.0030838362339367,0.00381917633344114,0.00767570974957185,0.00388105462879779,0.0043440431598899,0.00552256412416764,0.00278126239028955,0.00654126103326035
0.0029064927053174,0.000875883619480661,0.00570430815814008,0.00716570057313586,0.00698253590177122,0.00170421204209601,0.00307816438361385,0.00647782124781189,0.00903082121930788,0.00857106998257278,0.00265742841989773,0.00435678760282449,0.00308381241212401,0.00381727397575986,0.00768302566171763,0.00387927849479263,0.00434460669215041,0.00552054805209481,0.0027806988437751,0.00655412993595414
0.00290250965005849,0.000875550973712544,0.00570102428691401,0.0071609838095783,0.00697975964334415,0.00170365316132489,0.00308196615736418,0.00646940307237572,0.0090253553435209,0.00855882126555756,0.00265338044098412,0.00435648345373292,0.00308149211227432,0.00381445739498784,0.00767353377448633,0.0038783228413505,0.00434356886721542,0.00551755277952033,0.00278400284398852,0.00653981517796761
0.00290365563732584,0.000875133246210983,0.005697864522619,0.00716159076733211,0.00697705672127308,0.00170467068350965,0.00307777931825878,0.00647240743903317,0.00902292667435673,0.00855957995671046,0.00265455052179921,0.00435735206863753,0.00308325587400378,0.00381809171047215,0.00766705664680128,0.00387676100138581,0.00434315050843701,0.0055190227205541,0.00277855249866298,0.00654119943665309
0.00290395206690198,0.000876366066334148,0.00570571100128097,0.0071631002968866,0.006980838580366,0.00170546302457489,0.00308008306955584,0.00647856956966476,0.00903629518357925,0.00856172706139419,0.00265748756912459,0.00435867209510232,0.00308409096168981,0.00381764045763582,0.00767691302896807,0.00387909821037717,0.00434509264432911,0.00553061283355101,0.00278050336268941,0.00654244176652724
0.00290499559147552,0.000876980755057658,0.00570718603561308,0.00717141965841237,0.00698539672214704,0.00170634076502855,0.00308227116225622,0.00648301207573466,0.00903804498113783,0.00856861189800349,0.00265919936655459,0.00435938521337654,0.00308458749332472,0.00381766281045224,0.00767920151462119,0.00388246986857746,0.00434833741530788,0.0055333540639066,0.00278210282594842,0.00654418490426756
0.00290567718569595,0.000876779021852225,0.00570834299518706,0.0071653865700016,0.0069843762524508,0.00170663990406814,0.00308067295468439,0.00648042237484734,0.00903871165967566,0.00856559601382891,0.00265852515061284,0.00436276341983033,0.0030867454171231,0.003818512538643,0.00767803550507357,0.0038795488098614,0.00434742139420254,0.00553473122830076,0.00278121230532234,0.006546270320283
0.00290580509166499,0.000876263472416957,0.00570350161247519,0.00716697508560478,0.00697937633652466,0.0017106468147374,0.00307718354985715,0.00647718956137214,0.00903437484864742,0.00855912163597505,0.00265873245002289,0.00435753662655237,0.00308408220850964,0.00381461954542918,0.00771508611626389,0.00387846955124655,0.0043419485109963,0.00552026777880874,0.00278316182328866,0.00654086658907427
0.00290605743766771,0.00087787220118928,0.00571043962560824,0.00717353479065754,0.00698995205945232,0.00170625054829216,0.00308318541011537,0.00648826874626169,0.00904311428338595,0.00858585002201232,0.00265792156489146,0.00436434665206952,0.00308835889352972,0.00382209969253184,0.00768972462886309,0.00388441596513968,0.00435131178039683,0.00553122468072202,0.00278433011701009,0.00655212392717518
0.00290674229556741,0.000875615993871658,0.00570085822695405,0.00716557189909003,0.00698305444286261,0.00170645024708322,0.00307970971396365,0.00648168037452298,0.00903889509459159,0.00856581279738527,0.00265938207191395,0.00435699070707363,0.0030857218383383,0.00381857711844591,0.00767948338619482,0.0038838590255818,0.0043421746936756,0.00552425106135973,0.00278280355587,0.00654577209897643
0.00290462262357101,0.000876307462943461,0.00570651726568205,0.0071665422119071,0.00697866535845811,0.00170524055165078,0.00308082849248812,0.00647998380025923,0.0090320929343326,0.0085626597584257,0.00265795749803933,0.00435779609051678,0.0030844938793497,0.00381521015583858,0.00767943286765919,0.00387868876373596,0.00434639576499298,0.00552935316833169,0.00278135372319016,0.00654622248516215
0.00290496150358134,0.000876363969951788,0.00570425992807318,0.00717061527990682,0.00698236266506986,0.00170516892549283,0.00308137247127115,0.00647969606679988,0.00903202631828043,0.00856316598836883,0.00265666930248249,0.00435971379709103,0.00308500091131085,0.00381786095138997,0.00767542699738732,0.00387927880262911,0.0043466485548015,0.005525195790945,0.00278204822496862,0.00654504732403785
0.00290322597096175,0.000875257828291885,0.00569829934631052,0.00716833197227293,0.006974385536252,0.00170516124470578,0.00307805511066239,0.00647810248281849,0.00902953325389996,0.00860358975353544,0.00265673377074994,0.0043648744750789,0.00308820864653125,0.00381995930315272,0.00767114504451757,0.00387817695658519,0.00434420592974984,0.0055287069834699,0.00278272779221169,0.00657855085460894
0.00290500106636768,0.000875768582574785,0.00570355680122248,0.00716346278444008,0.0069783824805459,0.00170450619804442,0.00308206593716606,0.00647528127309899,0.00903397126475861,0.00855962819686001,0.00265644712226351,0.0043613368339228,0.00308717619316439,0.0038153286757028,0.00767364359660602,0.00388169261260346,0.00435012562760725,0.00552541997878949,0.00278384157318914,0.00654118859508079
0.00290872473152735,0.000876293953674634,0.00570543332105153,0.00716588069576432,0.00697991555496187,0.00170502543723409,0.00308242754816989,0.00647768125583616,0.00904480077745588,0.00856266366875102,0.00265948879568685,0.00435675315328646,0.00308815513262649,0.00381681089270666,0.00767688020519606,0.00388484735404893,0.00435253873855377,0.00552168003146609,0.00277975163845617,0.0065435383928771
0.00291002552069751,0.000876752559694262,0.00570227230205259,0.00716538647450633,0.00698503737666605,0.00170488745345335,0.00308272919535212,0.00647716161685151,0.00903421486271551,0.00856827066804612,0.00265986919618587,0.00436079668439142,0.00308539748295883,0.00381679798698801,0.00768965206455626,0.00388373214927179,0.00435154973130467,0.00552113405088366,0.00278027210749762,0.00654966714420531
0.00290419154607925,0.000875345516959034,0.00569585434129934,0.00715500580732834,0.00697143775503004,0.00170174279386204,0.00307273206798694,0.00646954394896927,0.00902984061270198,0.00855075746619386,0.00265249219646524,0.00435862388422505,0.00308508030038199,0.00381210649221166,0.00766505938062444,0.00387585379373373,0.00433852729414783,0.00551359928877232,0.00277622565637186,0.00653513901727472
0.00290434431792756,0.000876465416642016,0.0057061385365103,0.00716714910605178,0.00698151115874283,0.00170625474632264,0.00308185037951146,0.00648459162274679,0.00903594970152151,0.00856438758075141,0.00265867759982611,0.00436065138620492,0.00308449226690848,0.0038179880611364,0.00767697084058407,0.0038789184080131,0.0043459510237282,0.00552953901641206,0.00278214374674773,0.0065425580183822
0.00290260032569906,0.000874524018122981,0.00569632617173581,0.00715284360672461,0.00697102553432242,0.00170432041113297,0.00307390045856731,0.00646940030830489,0.00901761798763963,0.00855332131472766,0.00265100372887876,0.00435211140723093,0.00308285562142549,0.00381128554799376,0.00766261847084465,0.00387754757263683,0.00433877693301196,0.00551956510139278,0.00277773821448873,0.00653108810124839
0.00290393498213658,0.000876360007430569,0.0057045773595846,0.00716806878337558,0.00698124562914217,0.00170627341608178,0.00308120823507471,0.00647999877281468,0.00903136125704096,0.00856490472254626,0.00265915351993254,0.00435967942215053,0.00308445047588932,0.00381640071654724,0.00768064441043348,0.00388021840944288,0.00434783112743985,0.00552921577292987,0.00278247301468765,0.00654374942678193
0.00290645909468558,0.000875745816571447,0.00570295266067059,0.00716335424785015,0.00697963099671231,0.00170348080387001,0.00307838855439848,0.00649232930514577,0.00904561389813604,0.00856831675234753,0.00266081943285692,0.00435895303548994,0.00308362802195076,0.00382509172617573,0.0076795380868878,0.00387866126190554,0.00434358650872192,0.0055223336965739,0.00278018009903902,0.00655484072208498
0.00290461414193202,0.000876427548523834,0.00570277706332169,0.0071633986361081,0.00697844382610593,0.00170555579846872,0.00308179686275731,0.00648319483636403,0.00903533532777152,0.00856534624739293,0.00265831409864011,0.00436112430097265,0.00308511970529521,0.00381888055528845,0.00767514044629177,0.00388169527836195,0.0043469381017371,0.00553109867934651,0.00278311208301265,0.00654228284712831
0.00290170630547379,0.000875490132276807,0.00569995228074896,0.00716085037176336,0.00697465111904355,0.00170476783855614,0.00307617564588956,0.00647360600388873,0.00902067319834511,0.00855508936970325,0.00265284180672412,0.00435342987499555,0.00308103841136833,0.00382019357775679,0.00766975311009405,0.00387695684767346,0.00434171537335862,0.00552606367757545,0.0027777489174544,0.00654858218665057
0.00290355640637316,0.000876246564310048,0.0057074500650468,0.00716761515129308,0.00697867202374394,0.00170545712517057,0.00308012144544393,0.00648036919450226,0.00903613511249591,0.00856292727083468,0.00265652269538152,0.00436051186218581,0.00308420868975039,0.00381711819317514,0.00767436238308967,0.00388142829901987,0.00434604018321094,0.00552513695056003,0.0027808737963568,0.0065454836936862
0.00290561259572764,0.000876485042798803,0.00570706203532692,0.00716792180171746,0.00698193012982501,0.00170618273338388,0.00307987094086888,0.00648371816521425,0.00903751664106082,0.00856837542044262,0.00265726911690625,0.00435993987410753,0.00308443438030704,0.00381652350982887,0.00767946333966771,0.00387942450074897,0.00434537660018258,0.00552461577237254,0.00278125607927303,0.00654400264335627
0.00290207501265944,0.000875188501513857,0.00569932092132178,0.00715767948349175,0.00697493498271896,0.00170911364922865,0.00307549481947327,0.00646616964506809,0.00901920601369406,0.00855966570829511,0.00265183954030294,0.00435569365292489,0.00307889593519543,0.00380959775811825,0.00766221253578355,0.00387355267636914,0.00434116467570522,0.00551679708046142,0.00277785063960249,0.00653858447286857
0.00290123634963379,0.00087564451546387,0.00570260613324113,0.00715957716946065,0.0069750916308184,0.00170389530483293,0.00307556571844988,0.00647076079538806,0.00902547094908535,0.00855860784514376,0.00265371344655016,0.00435756402155977,0.00308231500298189,0.00381335917351113,0.00767043628069344,0.00387665050071302,0.00434429320566409,0.00551786941310818,0.00277815117150743,0.00653614122964578
0.00290440750961921,0.000875708984898793,0.00570059530083645,0.0071591558081566,0.00697927531321847,0.00170331835998587,0.00307704160487813,0.0064786977568829,0.00902853905827672,0.00855793823081338,0.00265550489626869,0.00435827341487189,0.00308281438788002,0.0038169522951849,0.00767149723270689,0.0038806262104579,0.00434285489207059,0.00552012648157475,0.00278005434359227,0.00653901412259616
0.00290297393869759,0.000875926958265866,0.00570288260985633,0.00716037842874607,0.00697789833690754,0.00170473409953832,0.00308015943026672,0.00647998477197779,0.00903117443898602,0.00855971526564603,0.0026564526764499,0.00435733486690104,0.00308303708973688,0.00381361348887142,0.00767232476322669,0.00387764474254413,0.0043448621905639,0.00552575429064245,0.00277987581461012,0.00654112190670097
0.00290275078960308,0.0008750798794364,0.00569731587035485,0.00716144064588965,0.00697507338451195,0.00170352196867427,0.00307573120407018,0.00647586823838482,0.00902222142596044,0.00855954961348302,0.0026526013113953,0.00435730402938639,0.003081381479484,0.00381691187763682,0.00767614297011405,0.00387739708367929,0.00434121004224342,0.00551643520221656,0.00277791665757327,0.00653671435717959
0.00290497369276783,0.000875782207044865,0.0056973912329112,0.00716434697009513,0.0069743413998126,0.00170458130013779,0.00309417158035789,0.00647983538119965,0.00903252616928045,0.00856101853949181,0.00265665831167837,0.00435533333696429,0.00308280239390233,0.00381569646107646,0.00767158967717224,0.00389980034178506,0.00435021591543542,0.00552277109066568,0.00279518530424961,0.00653869480027749
0.0029004752372028,0.000874728286168176,0.00569736205240049,0.00715445276847322,0.00697021196424659,0.0017022945173105,0.00307438783398671,0.00647048453654404,0.0090178835253069,0.00855416639501881,0.00265125091559509,0.00435084692778151,0.00308298523413277,0.00381179371394503,0.00766509068768148,0.00387261227949423,0.00434365430109369,0.00551388869384488,0.00277686300544207,0.00653080063053951
0.00290496901534645,0.000876413871322769,0.00570622469551869,0.00716993732612403,0.0069826650232317,0.00170613837961724,0.0030822109029413,0.00648107109845228,0.00903412632641952,0.00856498270947466,0.00265831196163153,0.00435851611030801,0.003085182980783,0.00381760249936013,0.00767660543143991,0.0038794842156886,0.00434796396983578,0.0055294588406279,0.0027822601606233,0.00654206076834335
0.00290184247561292,0.000874604854136335,0.0056956933311955,0.00715607595710672,0.00697107414138132,0.00170851766541459,0.00307577090952662,0.0064714515285293,0.00902377484159184,0.0085485382516189,0.00265583505594285,0.00435338715507553,0.00308030846817073,0.00381020450494053,0.0076665166699353,0.00387244349879567,0.00434097274368403,0.00552146012303161,0.00277688247741179,0.00653457278045684
0.00290315172786277,0.000876028201176733,0.00570537171165057,0.00716378980654418,0.00697999838992711,0.00170742775786349,0.00307770525265035,0.0064760568706421,0.0090298013701504,0.00856511760431171,0.00265512410358161,0.00435686725773267,0.00308442565558963,0.00381616231953146,0.00767775537716572,0.00387863896860097,0.00435480856661627,0.00552111608133576,0.00278025843625176,0.0065424343770613
0.00290241664926345,0.000875539543748778,0.00570387408351938,0.00716654296064596,0.00697622584400817,0.00170406322494168,0.00307943564322129,0.00647785210406203,0.00902634836520603,0.00855888492954437,0.00265377089864026,0.00435456906465048,0.00308215379124861,0.00381546252825563,0.00767082691795313,0.00387624269096749,0.0043443853347552,0.00552028543145071,0.00277907462590172,0.00653865704765448
0.00290242732687936,0.000876173072141529,0.00569889559726036,0.00715739341269771,0.00697465782605335,0.00170361815566735,0.00307907044561607,0.00647446828910067,0.00902559284747831,0.00855788978079019,0.002655783240066,0.00435708178352058,0.00308388863636672,0.00381382260408894,0.007672865635378,0.00388155850416482,0.0043441735837374,0.00552196778899022,0.00277999289376605,0.00654677344351768
0.00290229508110288,0.000874916171678987,0.00569867462595989,0.00716010069394076,0.00697624476997942,0.00170217342603856,0.00307453131147332,0.00646993025115858,0.00902483083464736,0.00855292884734044,0.00265169446951271,0.00435739612568393,0.00308177255268801,0.00381368267926745,0.00766710503455116,0.00387649543198763,0.00434216650730101,0.00551939292624183,0.00278021869778718,0.00653565730625235
0.00290016198865444,0.000875768258069261,0.00569777447240888,0.00715728683230269,0.00697725609939235,0.00170484461801293,0.00308036005740191,0.00647606264303696,0.00902763109729868,0.0085584449891605,0.00265738503257336,0.00435771761072821,0.00308264547741953,0.00381484659951066,0.00766955228134099,0.0038764412259286,0.00434587616293494,0.00552524937688101,0.00278067769721631,0.00653712461073677
0.00289931542795019,0.000875345267100769,0.00569579763550881,0.00715993655814879,0.00697711873699001,0.00170563398331215,0.00307948057192209,0.00648077766100082,0.00902093329218083,0.00856565364275065,0.00265566268749749,0.00435627122261707,0.00308458488077076,0.00381876628188053,0.00767235065796946,0.00388041159331074,0.00434381562842146,0.00552231055213401,0.00278032817188794,0.00653672350927386
0.00290860503927464,0.000876507057165105,0.00570617481555664,0.00716546281462141,0.00698235609108741,0.00170758687004588,0.0030784154356489,0.0064795314307917,0.00902819030560238,0.00857387956213996,0.00265582446497495,0.00436542672365251,0.00308541172019131,0.0038185326891804,0.00767711027259778,0.00387985794463581,0.00434645546778137,0.00553104226815313,0.0027794151066767,0.00654049599563393
0.00289952209765445,0.000876389712753598,0.00570085771538684,0.00716476141196513,0.00697882658779414,0.0017049453426225,0.00307948573083438,0.00647447453778192,0.00903040482965835,0.00856041961378942,0.00265687497357038,0.00435557258726499,0.00308252716218554,0.00381535474379899,0.00767289696762385,0.00387630804678494,0.00434414732777835,0.00552560564585815,0.00277894523450336,0.00653772303578472
0.00290469813971351,0.000876202857719,0.00570263006985308,0.00716415867745737,0.00698067478383241,0.00170499598816893,0.00307775178906328,0.00648290034096149,0.00904305159573371,0.00856265835905645,0.00265620153385966,0.00436061157475567,0.00308305032436555,0.003816800099177,0.00767133122862623,0.00388019215075993,0.00434690633800452,0.00552432337893934,0.00278072119816904,0.0065397492009227
0.00290698997171027,0.000875839183707254,0.00569942692518771,0.00716089483190718,0.00697406037995806,0.00170316802292119,0.00308111237771446,0.00647291486677558,0.00902616563192483,0.00856530703147647,0.00265360912580598,0.00436100455226902,0.00308195739027945,0.00381543801684847,0.00767130998185209,0.00387861271681852,0.00434165143985351,0.005517698314281,0.00277960525410768,0.00653783689674664
0.00290563194553364,0.000875997770529132,0.00570172871867882,0.00716335514912684,0.00697659503078507,0.00170466791115433,0.00308099832417195,0.00648139280278413,0.00903959204622358,0.00856990100493904,0.00265783112941595,0.00436164667635815,0.00308743121034744,0.00381534361174148,0.00768056113347142,0.00387899666641097,0.00434685837227498,0.00552127719156723,0.00278244376540774,0.00654195254336512
0.00290203119248812,0.000875425753715922,0.00570258014833144,0.00715579054448238,0.00697000967176499,0.00170379440724356,0.00307768660406707,0.00647315357792295,0.00902194820270052,0.00856338490875106,0.00265474195145275,0.00435541773758284,0.00308357340870574,0.00381192978175345,0.00766767957121016,0.00387513405049801,0.00434411072130275,0.00551801589045729,0.00277709055751757,0.00653830916509075
0.00290553182767197,0.000875395953521441,0.00569769163100098,0.00715724935695487,0.00697287304105249,0.00170391171031375,0.00307839163901652,0.00647354984727411,0.00903178610408363,0.00855772955434385,0.00265583689164599,0.00435761648366639,0.0030833700655838,0.00381407332468189,0.00767220494083498,0.0038786869921653,0.00434177961573263,0.00552158314560402,0.00277841813545663,0.00654175955394824
0.00290668998922967,0.000876190711383944,0.00570512025991895,0.00716677589759692,0.00697980312094627,0.00170483341839528,0.00307889681096256,0.00647831269708668,0.00904359825732045,0.00857661908571644,0.0026564970232414,0.00435794358093203,0.00308865466367817,0.00381664500808648,0.00767674669578688,0.00387996938898511,0.0043478655201957,0.00552898482833241,0.00278061741401579,0.0065437657976864
0.00290438877248752,0.000876512988105336,0.00570280584460926,0.00716274816047978,0.00698227073972075,0.00170449477111215,0.00308083771882846,0.00647748958746303,0.0090344958475704,0.00857090743639309,0.00265549988974854,0.00435626007935221,0.00308323795165504,0.00381461241891563,0.00767631382244906,0.00387783532141111,0.00434330287778298,0.00552343741480681,0.00278194732631219,0.00654116202583767
0.00290544575405981,0.000875561842231641,0.00569984311576808,0.00715926921457962,0.00697310838241649,0.00170305979045201,0.00307488272308116,0.00648128084562553,0.0090220255782332,0.00856534328343435,0.00265242690234336,0.00435792489578931,0.00308152630783062,0.00381909426767096,0.00767060122170662,0.00387599873162089,0.0043410155063667,0.00552266251583565,0.00277790027764092,0.00654549876580664
0.00290172281779364,0.000875532362620402,0.0056983627197701,0.00715565957330662,0.00697379406304007,0.00170380614259039,0.00307836226979508,0.00647385175643791,0.00902397225866002,0.00855470156018567,0.00265639941851911,0.0043548172920743,0.00308212279579291,0.00381296818633212,0.00766977031272163,0.00387386081367918,0.00434069948793305,0.00552539648775297,0.00277858364166114,0.00653627825360007
0.00290297424633597,0.000876278642733182,0.00570520427744328,0.00716733367880521,0.00698229566604949,0.00170583042956235,0.00308028388142005,0.00647922230506044,0.00903892645861689,0.00856461518530719,0.00265774145590963,0.00435960621729294,0.00308409508628571,0.00381724363966893,0.00767724793643973,0.00388105102853232,0.00434667264282232,0.00553263313316174,0.00278108359530548,0.00654304615505735
0.00290231484444253,0.000876022756949145,0.00570365368462308,0.00716438036253143,0.00698037528305602,0.00170495268578403,0.003080932058017,0.00647830556952393,0.00903054387012951,0.00855892514526224,0.00265822988281081,0.00435985154409753,0.00308625335305147,0.0038182738676964,0.00767655002380061,0.00387890255141454,0.00434979435188316,0.00552392774980127,0.0027806657316565,0.00654191618094507
0.00290305443942719,0.000875976622443875,0.00570548732686057,0.00716673981121528,0.00697954868036699,0.00170545927485533,0.0030812633284029,0.00647916575385838,0.00902792772603721,0.0085627613324731,0.00265742469949593,0.00435856235054644,0.00308531452904536,0.00381635429921047,0.00767631371761625,0.00388139112007126,0.00435071475558869,0.0055275071856982,0.00278157072011037,0.00654420700567756
0.00290630685790537,0.000876475863942066,0.00570746255429556,0.00716618260655442,0.00698177452711405,0.0017049560512456,0.00307958471199901,0.00647818682267787,0.00904267125232163,0.00856393957888929,0.00265579976335031,0.00435937619333956,0.00308503812364846,0.00381662463598665,0.00767885470347206,0.00388292409299126,0.00434580042019332,0.00552722144104162,0.00278333853931637,0.00654766925207633
0.00290395355034204,0.00087647933753494,0.00570494717586247,0.00716350137399977,0.00697862850678684,0.00170511251649932,0.00307809411977219,0.00647806079784841,0.00902974991981413,0.00856452046768953,0.00265588185787517,0.00435781844432309,0.0030850644442851,0.00381480294432871,0.00767725684400122,0.00387960902803604,0.0043455553953752,0.00552041763825131,0.00277963779678502,0.00654389384192403
0.00290366665261767,0.000875642508009899,0.00570103413925315,0.00716590267613125,0.0069797862281753,0.00170503411113825,0.00308295372599022,0.00648018672175062,0.00903003709002637,0.00855993401025323,0.00265694439220921,0.00435815720788928,0.00308537120943512,0.00381349836786501,0.0076721482221881,0.00387989814914911,0.00434524493707669,0.005526364556877,0.00278069713516854,0.00654632384204746
0.00290560331869641,0.00087627603808502,0.00569800803999685,0.00716355723924255,0.00697730584226759,0.00170444284404785,0.00307599318013977,0.00648313386432145,0.00901978230412236,0.00855282329654374,0.0026558350755347,0.00435433167317673,0.00308195995694843,0.00381726792952434,0.00767100289714116,0.00388172197669125,0.00434229263819944,0.00551716612300474,0.00277902915947631,0.00653849626155918
0.0029024545969902,0.000875045432693966,0.00570129165224037,0.00715929523375709,0.00697736285679797,0.00170312999329703,0.00307390374350964,0.0064682718131984,0.00901655273882985,0.00855125266613364,0.00265164998068063,0.00435210618591166,0.00307975205666926,0.00381201666359669,0.00766878757085923,0.00387464971643059,0.00433837899532055,0.00551712327063744,0.0027791029779312,0.00653186676599986
0.00290522949906104,0.000875999826947449,0.00569926092930212,0.0071620959627605,0.00697612275553925,0.00170439338240369,0.00308003419885863,0.00647650321341217,0.00902508161055425,0.00856827887654942,0.00265507194867372,0.00435714306810607,0.00308735263923498,0.00381672682726189,0.00767165237802525,0.00387675256693721,0.00434323912492038,0.00551711308256023,0.00277973120912195,0.00654177801623314
0.00290665175722209,0.000875172781888685,0.00570073826125178,0.00715764787614469,0.00697631945711248,0.00170299448682892,0.00307354608309679,0.0064837503646045,0.0090234393659967,0.00855342166992319,0.00265655147643211,0.00435589663477687,0.00307898802066193,0.00382097477271863,0.007683072276591,0.00388302716922331,0.00434999070020412,0.00552281226599383,0.0027800106702471,0.00653414785134762
0.00291038609192925,0.000876106753148631,0.00570570330358346,0.00717165141836437,0.00698435549794352,0.00170784084736791,0.00307926254635035,0.00648110779481492,0.00903296189143628,0.00856548182252032,0.00266251826618179,0.00435709981354319,0.00308583887990518,0.00381813532400736,0.00768610542547353,0.00387929334919238,0.00434487699928358,0.00552290617211491,0.00278204632038708,0.00654435913216922
0.00290028457980826,0.00087540176742141,0.00569805928024442,0.00715825255832565,0.00697162090510468,0.00170438868552914,0.00307682514505485,0.00646657013895545,0.00902287377027863,0.008552116850251,0.00265401152406409,0.00435543890144243,0.0030798324193153,0.00381224289204588,0.00766429856337647,0.00387840456643106,0.0043480852867946,0.00552262945651018,0.00277715353632848,0.00653652844481134
0.00290541040167686,0.000876116390854951,0.00570300517967785,0.00716547414345487,0.00697982563555965,0.00170506442176474,0.00308183332549406,0.00647655165089885,0.00903292985675421,0.00856188707775721,0.00265886288680517,0.00435904859027285,0.00308402641676417,0.00381803124369449,0.00767423435214972,0.00387829241918375,0.00434643197281479,0.00552639535693052,0.0027798787897602,0.00654258275748803
0.00290208575488301,0.000876612933594482,0.00570015109646099,0.00716460430041064,0.00697846086572401,0.00170350686754063,0.0030807462318335,0.00647640021995336,0.00902787810910618,0.00856013033081271,0.00265753332651913,0.00435575158340486,0.00308752305482472,0.00381578266772632,0.00767108649958957,0.00387595234320602,0.00434104767901886,0.00551766729482987,0.00277907476418459,0.0065394912478498
0.0029038567082554,0.000875652132818358,0.00570048434534438,0.00716040239181282,0.00697624179545545,0.00170347403065157,0.00307655306355357,0.00647389649691933,0.00902651576964944,0.00856432166492078,0.00265462738685492,0.00435512460157993,0.00308267711675967,0.00381302364837888,0.00767080695989351,0.00387693657151689,0.00434122079163029,0.00552299535649852,0.0027778967152754,0.0065387826763466
0.00290165695907481,0.000874806016793926,0.00569831309462388,0.00715739818015805,0.00696903734443731,0.00170143977309148,0.00307286630663532,0.00646650174188174,0.00902121772860724,0.00854879729278903,0.0026515063552586,0.00435172731617566,0.00308137020844892,0.00381082591389307,0.0076750430869131,0.00387594530310421,0.00433746817513357,0.00552000162795321,0.00278765543011095,0.00653674503383278
0.00290403904721784,0.000875528788097251,0.00570028820161465,0.00715994284579541,0.00697579823849621,0.00170270720073751,0.00307817784843756,0.00647226041273397,0.00902722338925643,0.00855717218048853,0.00265412265066575,0.0043537190067513,0.00308220921301095,0.00381411015515501,0.00766797018813285,0.00387604004343138,0.00434252614613394,0.00551767592140011,0.00277811005053337,0.00654061193491384
0.00290142443327287,0.000875794613472547,0.00570334880247842,0.00716449728787563,0.00697700678990711,0.0017041051300155,0.00307680870730381,0.00647481521849688,0.00902837007020823,0.00855965424226339,0.00265325253408672,0.00435617884084525,0.00308215502927433,0.00381466727702909,0.0076713491828195,0.00387773140543454,0.00434317838763105,0.00551659226347906,0.0027789006528947,0.00653923017176074
0.00289981944060173,0.000875016075752131,0.00569948950244046,0.00715887397854558,0.00697197295454274,0.00170323876267604,0.00307657092634467,0.00647143457205784,0.00902317799073701,0.00855295731801457,0.00265204749855128,0.00435352253690937,0.00308268752008383,0.00381202297863267,0.007667987493718,0.00387675719407525,0.0043409263229518,0.00551506151212349,0.00277936191428896,0.00653724371124388
0.00290466102859036,0.000875744702954559,0.00569691440984387,0.0071581747660561,0.00697645782295625,0.00170331188821663,0.00307686002879629,0.00647243439258364,0.00902307549185489,0.00855864922531306,0.00265384457810403,0.00435535880810574,0.00308575733772722,0.00381359074041696,0.00767089289876292,0.00388120692268831,0.00434603762026891,0.00552243910671731,0.00277858571710398,0.00653742481458242
0.00290428222734113,0.000876131699164094,0.00570266762170969,0.00716105782123427,0.00697844712243574,0.00170508496641712,0.00307993607352212,0.00647637493368244,0.00903907508718385,0.00857107082847636,0.0026585954838084,0.00435583099692206,0.00308581513619421,0.00381915831821673,0.00767152982768427,0.00388004231014509,0.00434869243187204,0.00552303744184277,0.00278156813486644,0.00655094929604911
0.00290244003551565,0.000875315653706499,0.00570191882577661,0.00716154911450989,0.00697865989798328,0.0017049417473845,0.00307998468653353,0.00647306217105791,0.0090286777074997,0.00855972772129863,0.00265658460023599,0.00435728948046775,0.0030835085297456,0.00381664720777548,0.007670218204172,0.00387813896516029,0.00434436323229413,0.00552621740296906,0.00278022586095871,0.00653711413304408
0.00290248526590818,0.000875142519889938,0.00569815265040995,0.00716511204859643,0.00697240698754877,0.0017040694761852,0.00308028806995379,0.00647565285406443,0.00902698050459363,0.0085521367348268,0.00265427511936665,0.0043551790505215,0.003083621085304,0.00381336883991499,0.00767245036676488,0.00387927683218335,0.00434549676797955,0.00552360603224733,0.002777542112802,0.00653925027278025
0.00290394509653159,0.000876313548762345,0.00570463737285686,0.00716777786048668,0.00698112600328795,0.00170527534137466,0.00308066976260957,0.00648100904482022,0.00903453859054547,0.00856470969114234,0.00265884968366411,0.00435916535402203,0.00308519725686906,0.00381682384482823,0.00767752619342929,0.00387908708753424,0.00434567804998935,0.00552879489216232,0.002781443337725,0.00654251184491917
0.00290218473727789,0.000874943886018751,0.0057015854873123,0.00715403111679121,0.00697317632844324,0.0017038058691325,0.00308004949260948,0.00647784239099735,0.00902379244461054,0.00855642965323622,0.00265535513816017,0.00435460200866492,0.00308238588279226,0.00381484592349417,0.00767426786723514,0.00387674067086447,0.00434102711352648,0.0055240248326389,0.00277961182777334,0.00653736174903321
0.00290391736363719,0.000874759282079817,0.00569721774477878,0.00715306004679611,0.00696864739876225,0.001702275231599,0.00307420940907575,0.0064685949149885,0.0090191853177761,0.00855080874688658,0.00265257120482203,0.00435747577142916,0.00308004311049916,0.00381114750293045,0.00766384652748342,0.00387523096340205,0.0043400983861105,0.00551194788217062,0.00277588854124498,0.00653356977466418
0.00290374082718923,0.000875769884273228,0.00570144023300891,0.00716245098343943,0.00697722840955229,0.00170325177427653,0.00307584518595007,0.00647429632643895,0.00902972977362406,0.00855629337252926,0.00265360592403059,0.00435759359342862,0.00309406908883672,0.00381742182406272,0.00767636975054208,0.00387663679084461,0.00434200799744639,0.00552003536843112,0.00277886029368115,0.00654343351473817
0.00290312488669351,0.000875056093113956,0.00569763686611038,0.00715700023166179,0.00697246405048081,0.00170253143209624,0.00307350093912169,0.00647836668486546,0.00902249792854978,0.00855685652234475,0.00265155641010526,0.00435431456725974,0.0030833777189905,0.00381134752978952,0.00766812373187575,0.00387489893708283,0.00434429818092105,0.00551327899481914,0.00277939453810899,0.00654572421828143
0.00290429147484423,0.000876049730376252,0.00570524486423374,0.00716503896537466,0.00697955197208908,0.00170496672547741,0.00308161737559541,0.00651369368421957,0.00903024387808996,0.00856161289207359,0.00265967467857878,0.00435845526292069,0.00308408562985782,0.00381501444414111,0.00767500644866825,0.00388055088257086,0.00434537530223024,0.00553004757822024,0.00278011283178457,0.00653998638673114
0.00290363222225339,0.000875436181775742,0.00570284766490822,0.00715886561348626,0.0069732513492274,0.00170297041808033,0.00307815839372701,0.00647159542655824,0.00902416081803039,0.00856303177042479,0.00265498984191921,0.00435386563536148,0.00308414086444595,0.00381395059036348,0.00767137448765335,0.0038820965961306,0.00434076431996889,0.00551694012235003,0.00277987840229681,0.00653718840732637
0.00290449916045439,0.000876088808869179,0.00570627037637839,0.00716910270745966,0.006983708877814,0.0017059360650719,0.00308107854035078,0.00648261414489383,0.00903602570480071,0.00856499566594803,0.00265922281118006,0.00436090512972857,0.00308444748032185,0.00381925960026286,0.00767663597338682,0.00388155436420798,0.00434821514056621,0.00552974043121015,0.00278098209563723,0.00654341203013336
0.0029045625350025,0.000876407430545488,0.00570719599903039,0.00716760851571377,0.00697779126317863,0.00170673065223448,0.00308261615627927,0.00648196152312568,0.00903523021884929,0.00856474902611186,0.00265965255052722,0.00436174884388061,0.00308636473681228,0.00381936518810754,0.00767815813133592,0.00388170717901467,0.00434599176773358,0.0055301903851004,0.00278220974888303,0.00654373434457462
0.00290502531899391,0.000876405995104014,0.00570661671165878,0.00716754330245325,0.00698261932728003,0.001711888864777,0.00307904105494975,0.00648030819853487,0.00903266648245845,0.00856543927881296,0.00266230044305247,0.00436176052421904,0.00308632855947482,0.00381589577631705,0.00767597277891877,0.0038814573968986,0.00434745385297713,0.00552333467341851,0.00278316613875007,0.0065431348871414
0.0029020815837932,0.000875682389703632,0.00570196386144085,0.0071661106193228,0.00697970131213454,0.00170386110486276,0.00307681168396457,0.00647438446595199,0.0090244840020104,0.00856235453756606,0.00265345898435642,0.00435602621393087,0.00308219294480232,0.00381167099807179,0.00766778155121933,0.00388094477106336,0.00434235690983347,0.00551767157888204,0.00278011502001962,0.00654333023099272
0.00290483387211355,0.000875302712740161,0.00569997409336097,0.00716339181631955,0.00697919530480347,0.00170424976756916,0.00307793217626559,0.0064747804530605,0.00903334933962545,0.00855421299175291,0.00265466616665282,0.00435747657806319,0.0030841355433443,0.00381968588446455,0.00767696972706827,0.00387967211476565,0.00434510730722287,0.00551897759173056,0.00277809171769557,0.00654743303977758
0.00290147246081956,0.000875880778972677,0.00570175982496393,0.00716149531185294,0.00697521535355416,0.00170469154875086,0.00307722480498841,0.00647595363772614,0.00902827050027586,0.00855736767779618,0.00265467788355514,0.00435847300421941,0.00308500747641913,0.00381339873218582,0.00767533867388347,0.003877361550412,0.00434368331022906,0.00551874517934055,0.00277881516432151,0.00653851911247499
0.00290581930300753,0.000876166038431718,0.00570238977936035,0.00716279789806546,0.00698100175197187,0.00171185746245254,0.0030790144967231,0.00647999832428604,0.00903210505982963,0.0085646206338132,0.00265812057392628,0.00435705162206463,0.00308603959249978,0.00381785088926263,0.00767855767205495,0.00387968155051536,0.00434873883377265,0.00552344687447376,0.00277977519050372,0.00654051565552072
0.00289927257628109,0.000875404293340551,0.00569673761657215,0.00715784506163992,0.00697286764877045,0.00170184996942148,0.00307473905882877,0.00646860534496188,0.00901438792416323,0.00857158917132996,0.00265319887509407,0.00435376282986032,0.00308145570216213,0.00381222262783381,0.00766738808992234,0.00387511243439045,0.00434106779383558,0.00551153543051296,0.00277698556534002,0.00653503649237585
0.00289985530283608,0.000875650374436044,0.00569667093222401,0.00716431571923684,0.00697724906027598,0.00170290969166762,0.00307596598041029,0.00647342708088655,0.00901642360975228,0.0085685413622539,0.00265402917012498,0.00435475138908274,0.00308082366789202,0.00381140495140363,0.00766603900346995,0.00387679290938024,0.00434306342543799,0.00551803625018437,0.00277779536105702,0.0065392543581401
0.00290474340442006,0.000875759720948642,0.00569986274935119,0.007159150568568,0.00697383401752581,0.00170255620733446,0.00307297679439972,0.00647102998847823,0.00902970529584929,0.00855178945728862,0.00265371569162328,0.00435429930143038,0.00308169239465601,0.0038103949101802,0.00766746312577105,0.0038823145254644,0.00433909144138889,0.00551918760861329,0.00277900903354628,0.00653674517205661
0.00290502853291782,0.000875854614751725,0.00570384359140248,0.00716200902786087,0.00697917601743303,0.00170618910327,0.00307850540025185,0.00647699825449772,0.00903061834118379,0.00855911025834309,0.00265707744505648,0.00435710085999583,0.00308412958114885,0.00381605285514327,0.00767346255747291,0.00387807177615754,0.00434606398793255,0.00554896397383605,0.00277910679214761,0.00654208071411823
0.00290707733340974,0.000875832682282985,0.00570187392193795,0.00716419171971229,0.00697746356134652,0.00170546937808234,0.00307719778290638,0.00648036925261333,0.00902868222959394,0.00856010150123453,0.00265520866429759,0.00435690870420905,0.00308755938077608,0.00381575160891423,0.00767335155188869,0.00388139730335517,0.00434367239220213,0.00552444891260235,0.00278017392314238,0.00655007227660959
0.00290291899517904,0.000876312771857113,0.00570497343896126,0.00716707191094278,0.00698007110919257,0.00170609603477355,0.00308196652282161,0.00647753687364461,0.00903768629574838,0.00856709180055327,0.00265952348836502,0.00436038495332693,0.00308482374444186,0.00381741666419619,0.0076799514927341,0.00388026281672993,0.00434483419789739,0.00552659655145304,0.00278284976699603,0.00654645501256941
0.00290393619273567,0.000875830145942223,0.00570144365904789,0.00715496200389084,0.00697656147685549,0.00171047657065443,0.00307618944387881,0.00647304590501228,0.00902721116212486,0.00855763464080216,0.0026539412292451,0.00435553560260706,0.00308212685150919,0.00381400898095372,0.00766984517334288,0.00387589186286213,0.0043433275197582,0.00551797736388034,0.00277860122850793,0.00653626253059432
0.00290706069762192,0.000875791139743125,0.00570455981710313,0.00716335150977489,0.0069871406788814,0.00170786273980403,0.00307669207301848,0.00647938216838625,0.00902706637736525,0.00856864948443161,0.00265926368969064,0.00436379902988472,0.00308762894183533,0.00381943967310655,0.00766882501651926,0.00388330330125202,0.00435271431321975,0.00552117937384111,0.00278555748082251,0.00654530579078293
0.00290886775608767,0.000875787149045781,0.00570232089539969,0.00716822980232199,0.00698860431911368,0.00170666412995568,0.00308187054867741,0.00648557662730869,0.00903036969701013,0.00856955841815477,0.00265771727441569,0.00436286260347205,0.0030870096983906,0.00382191684749793,0.00767807791945391,0.00387988038399878,0.00434667633533421,0.00552009854760266,0.00278232473389263,0.00654198143128891
0.00290327880096447,0.000876032454432809,0.00570053347086208,0.00716201673050306,0.00697936332804806,0.00170388854221064,0.00308276092435158,0.00647648769671633,0.00902867852399671,0.00856140021419282,0.00265958337988505,0.00435754036735837,0.00308351669891051,0.00382418206317806,0.00767542321597288,0.00388462863848577,0.00434413444547334,0.00551920258026335,0.00278428161964446,0.00654086916283172
0.00290256979888038,0.000876100073589984,0.00570033636799849,0.00716759870300459,0.00697532373892143,0.0017059025526648,0.00308129550618664,0.00647731935334082,0.0090339340069481,0.00855989225992664,0.00265776133123877,0.00435907299939021,0.00308493027969304,0.00381772015935346,0.00767458010097238,0.00387905737687812,0.00434403287844786,0.00552929741401205,0.00278119488909443,0.00653949488810534
0.00290651476149941,0.000874775112227312,0.00570145194297349,0.00715538512868004,0.00698073929355218,0.00170358865806219,0.00307391143119535,0.00647432814854549,0.00903785928838394,0.00855970194042251,0.00265451801973389,0.00435085575712673,0.00308298453455838,0.00381569689829539,0.00767363534930794,0.00388232531021842,0.00433958207878677,0.00551305304782704,0.00277762182930727,0.0065474791954748
0.00290251187043696,0.000875900610200757,0.00569965870469602,0.00716212386569793,0.00697830201334526,0.00170488613772616,0.00307989984085202,0.00647720162352475,0.0090279518231511,0.00855817242737777,0.00265661307555612,0.00435777232219208,0.00308261759131631,0.00381342008565139,0.0076735843581429,0.00387763982819056,0.00434432073936157,0.00552579594996605,0.00277930853414811,0.00654151816740378
0.00290799491179541,0.000876683633218096,0.00570444507849703,0.00716535193637894,0.00698096307678409,0.00170475350438416,0.00308316562442812,0.00648159347319284,0.00903439355692222,0.00856845385473612,0.00265808099528368,0.00435939744433726,0.00309032758980592,0.00381812865840406,0.00767922158403326,0.00388007750471065,0.00434678667820809,0.005523994060918,0.00278653551303814,0.00654175558398849
0.00290453288286303,0.000880488905939578,0.00570093575165963,0.00719885125395327,0.00697701421663499,0.00171417005345057,0.00307648389959443,0.00647472387518872,0.00907756462052928,0.00855863632065529,0.00266728323221975,0.00438523149590279,0.00309954735776329,0.0038364221211211,0.00771598559672688,0.00387928671016216,0.0043644510344488,0.0055258040033918,0.00279262890599022,0.00657831523813467
0.0029019972543323,0.000875826867586768,0.00570408097192488,0.00715959450375065,0.00697480667635936,0.00170542901255041,0.00308025232096699,0.00647746925347632,0.0090292746736512,0.00856190240148648,0.00265560084028195,0.00435401708257087,0.00308227497055011,0.00381668710086021,0.00767450110676579,0.00387971609297615,0.00434477765516115,0.00552895444378128,0.00278196684770703,0.0065397410621621
0.00290215034670602,0.000876345222760787,0.00570497814440201,0.00716671635381521,0.00698054272187728,0.00170455794027092,0.00308045381032898,0.00647830675993557,0.00903338217864238,0.00856264481927404,0.00265725393295486,0.00435866781398257,0.00308345831087538,0.0038140390024431,0.00767614153947133,0.00388021257740694,0.00434499884715485,0.00552994390233068,0.0027777060860993,0.00654195506211927
0.0029063992188842,0.000876682922495755,0.0057044535605941,0.00716755219248945,0.00698497291049767,0.00170429448273506,0.00308200707671005,0.00647774411850518,0.00903403934433804,0.00856251934812281,0.00265544034635339,0.00435761013062927,0.00308427283275493,0.00382064786806344,0.00767639851334635,0.00387875895280641,0.00434934918863453,0.00552124695374329,0.00278016699757591,0.00654210708698375
0.00290265582195436,0.000875266762132442,0.00569748118754432,0.00715883261929509,0.00697297423279928,0.00170222395227979,0.00307446196520156,0.0064758685292241,0.0090212776886551,0.00855971522821308,0.0026533323328369,0.00435135738600633,0.00308109320964076,0.00381739139479832,0.00766958197378951,0.00387564816989799,0.00433870013530724,0.00551449357038375,0.00277985578203152,0.00653220562187387
0.00290675890292612,0.000875482875081694,0.00569962163509655,0.00716382036091988,0.00697242879082301,0.00170427019360289,0.00307779124968442,0.00647575013849231,0.00902571327688438,0.00857347557269512,0.00265793654101638,0.00436351819452899,0.00308337056923831,0.00381458277542746,0.00767347274433397,0.00387837164416913,0.00434444304134715,0.00551985748476474,0.00278307932848772,0.00654136041767304
0.00290376825541258,0.000875955121708654,0.00570023651550716,0.00716434439036593,0.00697482827017377,0.00170606463860855,0.00307595863056886,0.00647413335039125,0.00903697199295221,0.00855844699893199,0.00265544341875048,0.00436050036869547,0.0030826232044323,0.00381359216132992,0.00767889022222334,0.00387993956317979,0.004344813738535,0.00552312913712949,0.00277872602598313,0.00654448015537818
0.00289858373818081,0.00087494666152487,0.00569642282643195,0.00715392534791948,0.00697217940821676,0.00170219754785111,0.00307425725948718,0.00647051265948214,0.00901371908229247,0.00855182046686004,0.00265072362175891,0.00435267792388166,0.00307916757655536,0.00380978082023725,0.00766389989192735,0.00387306592628733,0.00433721240070354,0.0055128456292149,0.00277553338155299,0.00653206398336621
0.00290158113539031,0.000875907155693017,0.00570432100888177,0.00715856679016689,0.00697496514382444,0.00170343333600787,0.0030755785138461,0.0064735118818776,0.0090251397059478,0.00855750564389724,0.00265335048861487,0.00435545038950828,0.00308133515462656,0.00381370741563344,0.00767357096449156,0.00387575711096029,0.00434149077713129,0.00551543262821103,0.00277917986614024,0.00653846998820692
0.0029078498916876,0.000876502717051522,0.00571002290138447,0.00717036975377704,0.00698736823255183,0.00170738899656019,0.00308007413304506,0.0064793094962943,0.00903533625124739,0.00856697001011295,0.00266028935280592,0.00436130121831053,0.00308704813483976,0.00382322023519047,0.00768013611210197,0.0038838052040733,0.00434631682581734,0.00552674263433358,0.00278100563551555,0.00654657974864424
0.00290275563423154,0.000874939068744963,0.0056996690485912,0.00716211508932113,0.00697519628623467,0.00171038831265767,0.00308960142566708,0.00647813125745925,0.00903038704995212,0.00855559946214762,0.00265596504815128,0.00435376548410634,0.00308225363132208,0.00381326569861326,0.00766853591318486,0.0038753440027869,0.00434623863324401,0.00551756176785462,0.00277759241571442,0.00653914144114224
0.00290108842772097,0.000875320486770337,0.00570293562003306,0.00715956689235339,0.00697827364442295,0.00170402510547626,0.00308210319777128,0.00647851568656619,0.00902885428341605,0.00855893517586827,0.00265603812029362,0.00435550813939686,0.00308337199253077,0.00381573679975492,0.00767403332381785,0.00387640485272841,0.00434394148159028,0.00552199389379756,0.00277857305127857,0.00653753900924583
0.00290502109577519,0.000875964923034384,0.00570279308701028,0.00716080599670424,0.00697388717426327,0.00170618867880895,0.00307608038243889,0.00647184061390181,0.00904411560462277,0.0085536373721357,0.00265919544372614,0.00435740924860283,0.00308440150887664,0.00381716792500377,0.00767919361807297,0.00387947614438075,0.00434459004265144,0.00552321124135617,0.00278119479480705,0.00654670468492203
0.00290722250069166,0.000876398069158162,0.0057028355821117,0.00716034518795478,0.0069831273176575,0.00170898443729653,0.00308394234281656,0.00647860514104312,0.00903184134844851,0.00856078677154985,0.00265870283925011,0.00436972596086184,0.00308941002463862,0.00382281061036714,0.00767658769109223,0.00387963538805298,0.00434380614052429,0.00552669731861436,0.00278392774310821,0.0065437032958038
0.00290188256331489,0.000875968707037351,0.00570332361038746,0.00716120494509849,0.00697595336249416,0.00170464715561547,0.00308141715003547,0.00647833715200495,0.00903022379827121,0.00856038000631522,0.00265721406558338,0.00435858447236296,0.00308471581384481,0.00381656690366835,0.00767350148439454,0.00387911314163938,0.0043453728018288,0.00552796332633185,0.00277941856570421,0.00654120288780882
0.00290539728289186,0.000876315100679131,0.00570417683420235,0.0071651425394704,0.00698259315569479,0.00170642558354637,0.00308103706222653,0.00648000526386296,0.0090316987191401,0.00857303111742524,0.00265528638190621,0.004361070798187,0.00308312058337149,0.00381863037911442,0.00767398681839595,0.00388261952291503,0.00434782632657307,0.00552039606406127,0.00278169152332387,0.00654836018654202
0.00290764884665049,0.000876450546522752,0.00570523503674245,0.00716651575009764,0.00698039002130542,0.00170452332114734,0.00307890204695547,0.0064767727703507,0.00902872013901039,0.00856354947973272,0.00265863434289075,0.00435769872889556,0.00308306460913197,0.00381619224779837,0.00767697681378755,0.0038857539429014,0.00434563905761652,0.00552765965457332,0.00278290191299645,0.00654257611997601
0.00290306562121159,0.000875855925716098,0.00569830220274714,0.00716094147660763,0.00701258646587009,0.00170413684832967,0.00308067467155877,0.00650924084954321,0.00902724150168842,0.00855552783644099,0.00265642315242679,0.00438007603715901,0.00309839794172226,0.00381358145506377,0.00771034372756229,0.00387629666024782,0.00434318463366844,0.00555074773049627,0.00279943230481107,0.00653831323958071
0.00290124657853279,0.000875252043267714,0.00569829538801992,0.00715991034229788,0.00697526627230082,0.00170345299576184,0.00307486797307589,0.00647149230245034,0.00902233141158659,0.00855515708530647,0.00265283188509407,0.00435273183931288,0.00308089714290109,0.00381201332749591,0.00766680130076323,0.00387441489614111,0.00434089494142576,0.00551489819349373,0.00277695893945942,0.00653708113387265
0.0029044068735152,0.000875324535338839,0.00570218380302778,0.00716134838430861,0.00697903732858445,0.00170413337233817,0.00307628063073097,0.00647298728954271,0.00902311454989535,0.00855827780655803,0.0026538557382885,0.00435378151822341,0.00308272102553951,0.00381406157516254,0.00767697804124821,0.0038745679135118,0.00434046882114509,0.00551859735292237,0.00278005044574308,0.00653539189395758
0.00290486219318559,0.000875649982491859,0.00570268643859037,0.00716236781477972,0.0069787257808594,0.00170475228868005,0.00308906618523327,0.00648253757329981,0.0090404804619649,0.00855903797225989,0.00265481038168637,0.004358742970046,0.00308347249651461,0.0038188989770636,0.0076761713138966,0.00388172162840018,0.00434508636645996,0.00552811720630177,0.00279255321132587,0.0065447867725908
0.00290316207839957,0.000875281124986422,0.00570260131885916,0.00715832455021794,0.00697517614743764,0.00170284344355639,0.00307541902882828,0.0064720366390181,0.00902334009506443,0.00854974290407484,0.00265285667723655,0.00435706095196821,0.00308425797555907,0.00381664366782283,0.00767340712336533,0.00387564589803994,0.0043390492378311,0.00551518058998528,0.00277828824385194,0.00654205452401874
0.00290526632267537,0.000875513196154099,0.00570478503997119,0.00716081470658359,0.00697992896329949,0.0017145900360292,0.00308923815290822,0.0064799266500399,0.00903141483829702,0.00856021777448527,0.00265760265490593,0.00435753398057352,0.00308432938429042,0.00381527446119422,0.00767825448332766,0.00388021754403075,0.00434858763637357,0.00552542694720957,0.00277998991540315,0.00654010582401053
0.00290644279507762,0.000876110412421892,0.00569952900792647,0.00715884186892825,0.00697767051324187,0.00170514165148463,0.00307655795931081,0.00648062215556654,0.00903050144403703,0.00857482580397695,0.00265836936717918,0.00436121336909741,0.00308329946224274,0.00381848151748135,0.00768358369009927,0.0038764415658094,0.00434553536936269,0.00552573909321114,0.00277918815277671,0.00654396843281495
0.00290901936560498,0.000876152475461843,0.00570469237905711,0.00716420021063353,0.00698249176207166,0.00170444549259115,0.00308038854245216,0.00647897079087553,0.00903468396593098,0.00856115807123189,0.00265572570125592,0.00436239661800022,0.00308634561566909,0.00381627984100824,0.00768245496026782,0.00387911062045313,0.00434674686631653,0.00552141050028053,0.00278084030329914,0.00654154894121565
0.00290327339370273,0.000876084711008249,0.00570003068153898,0.0071623398991383,0.006979060752778,0.00170556079297367,0.00307794991438555,0.00647516443929309,0.00903512490846947,0.00855868984201323,0.00265821500380854,0.0043589417849314,0.00308497081572268,0.00381686067548386,0.00767232941794962,0.00387858695204386,0.00434714200013474,0.00552397573957523,0.00278222910962194,0.00654251917689296
0.00290568142287704,0.000875769334328946,0.00570371271148151,0.007163888726972,0.00698187749455892,0.00170358996815725,0.00308021686067541,0.00648334489829219,0.00902208479683842,0.00855569334718306,0.0026564888411951,0.00435416209098013,0.00308656035558285,0.00381579380073456,0.00766954929785999,0.00388207139944884,0.00434529044201246,0.00551927331265295,0.00277959362705738,0.00654084843721235
0.00290269453309713,0.000875130916319558,0.00569987104588708,0.00716420903478529,0.00697613447485873,0.00170382425208176,0.00307744681943832,0.00647525877652913,0.00902207207996281,0.00855560537229683,0.0026535608785591,0.00435301752022622,0.00308099214205772,0.00381542798652631,0.00766700975743458,0.0038754234061589,0.00434283824412704,0.00551718395407847,0.00277728463576283,0.00653762721427157
0.00290871379601506,0.000875942487644049,0.00570231132137807,0.00716310648758583,0.00697957658478494,0.00170460058132954,0.00307729344804824,0.00647926951317183,0.00902778228448876,0.00855853050658684,0.00265367135926725,0.00435724834099893,0.00308328568523104,0.00381605791327554,0.00767483071655763,0.00388638838271754,0.00434263119686651,0.00551944029161401,0.00278407613715661,0.00653856887040083
0.0029057787424081,0.000876476647479314,0.00570366516298618,0.00716267680811542,0.0069817673937019,0.00170504890880121,0.00308212922300538,0.00647842892127583,0.00903954345475615,0.00857346174488331,0.00265706498455825,0.00436267946461325,0.00308610343172334,0.00381713791008296,0.00768213166133376,0.00387975315392983,0.0043451474905243,0.00552260904272806,0.00278125050649966,0.00654511194408981
0.00290199729374226,0.000875545285468626,0.00569972451507753,0.00715880002093075,0.00697668487277913,0.00170437111493525,0.00307936372722675,0.00647580573742571,0.00902910850631717,0.00855962036458971,0.00265609363965776,0.00435535084856549,0.00308180678084456,0.00381300477242264,0.00767036398503371,0.00387624975759696,0.00434250172428031,0.00552500222900583,0.00277852078509858,0.00653716430473652
0.00290201054803338,0.000875247789330977,0.00569762955370588,0.00715974230398159,0.00697322530290104,0.0017037047640685,0.00307981995694019,0.00647314832056359,0.00902366977043532,0.00855423204727682,0.0026559819136127,0.00435618629918532,0.00308148820827885,0.00381441230879282,0.00766469104219035,0.00387853772363059,0.00434228237458099,0.00552524798575739,0.0027792503561599,0.00653734709897574
0.00290598938547634,0.000876657383688321,0.00570359129597885,0.00716372306428637,0.0069855896618493,0.00170569348601991,0.00308123587002022,0.00648281501812554,0.00903464655529941,0.00856448923564227,0.00265847175512933,0.00435997418000884,0.00308550672394859,0.00381724533679216,0.0076799170428742,0.00387967233029986,0.00434668428179753,0.00553132326460009,0.00278134372816089,0.00654283842991129
0.00290390239272953,0.000876448173728612,0.00570157536679474,0.00716358231579433,0.0069811271700627,0.00170334519668307,0.00307680857411341,0.00647834543821366,0.00904329596180326,0.0085596830240635,0.00265456839776134,0.0043587798182387,0.00308449777250262,0.00381807768035574,0.00767475080595898,0.00387806802577702,0.00434509367848875,0.00552105253232287,0.00277904896135571,0.00654367906279593
0.00290478859371936,0.00087596903067513,0.00570129798380499,0.0071630913362847,0.00698184819476071,0.00170420637611285,0.00307654778905255,0.00647548497538616,0.00903189866445238,0.0085674212263802,0.00265659613377301,0.00436076473921219,0.00308269165085932,0.00381822711864255,0.00767376786472784,0.00388201526516686,0.00434812060271264,0.00552437438246522,0.00278200695973723,0.00654043864938252
0.00289946956883108,0.000875214709116433,0.00570018153417103,0.00715714171848534,0.00697571193554263,0.00170454947795536,0.00307996951919543,0.00647281683366196,0.00902288668278621,0.00855651386800832,0.0026573166555588,0.00436040812911803,0.00308255070212373,0.00381552648157791,0.00766557299896734,0.00388030723725987,0.00434009746618869,0.00552739996328313,0.00277857576360943,0.00653670072859457
0.00290403650266038,0.000876416255057706,0.0057051514756885,0.00716528450106966,0.00697947390242737,0.00170500717512423,0.00308064950402169,0.0064808156306651,0.00903331963769041,0.00856189858810671,0.00265707347246187,0.00435814755333547,0.00308325934364664,0.00381527660639653,0.00767396999900866,0.00387915354729254,0.00434658092876184,0.00552764287773285,0.00278036727767479,0.00654049607723253
0.0029039864416821,0.00087622848673367,0.00570187842067773,0.00716332761678914,0.00697767125190763,0.00170478438174822,0.00308151878286952,0.00647905277003793,0.00903033404254562,0.00856541769288758,0.00265674722506126,0.00435761621207854,0.00308300591991435,0.00381544552136286,0.00767507040193382,0.00387796156756458,0.00434491670317061,0.00552124616134064,0.00278024982353627,0.00654177396475308
0.00290552783699412,0.000876272985992289,0.00570645967692653,0.00716879714764593,0.00698132399612419,0.00170490918070398,0.00308097689619336,0.0064807777232805,0.00903465571416893,0.00856474843005076,0.00265879707516668,0.00435907078323687,0.0030856776375224,0.00381693781306314,0.00767772496931969,0.00387930920076192,0.0043474410456519,0.00552281204356481,0.00278651018235574,0.00654336581770556
0.0029077930526234,0.000876627460101304,0.00570536688066761,0.00716776729542666,0.00698203036677163,0.00170469386284129,0.00307901393418185,0.00648257416708042,0.00903215306345951,0.00857432850920099,0.00265675428457537,0.00436353057732904,0.00308569933313662,0.00381864830921962,0.00768138690348071,0.00388114602530554,0.00435167871463522,0.00552036816059475,0.00278123986908534,0.00654572561393291
0.00290511922228367,0.000875859475476911,0.00570250123029445,0.00716287873628917,0.00697889855183463,0.0017042513540954,0.00308132052886002,0.00647639835826329,0.00903072703626804,0.00856184093086173,0.00265520630627881,0.00435676866465339,0.00308326335425987,0.00381456338778069,0.00767784008797564,0.00387733096040644,0.00434649396122186,0.00552111057101894,0.00278029248507349,0.00654433084255696
0.00290666552912948,0.000876183729399605,0.00570381653182163,0.00716642883874059,0.00697578443036997,0.00170388882618328,0.00307819043607541,0.0064859944391906,0.00903014533977009,0.00856365633442847,0.00265561264356835,0.00435941884425517,0.00308414567149992,0.00381928300825914,0.00767956824918125,0.00388693646879769,0.00434540494214659,0.00552670463528563,0.00278025248978481,0.00654031632360402
0.00290309345748692,0.000876633241986702,0.00570539987682338,0.00716787316104125,0.00697969127018125,0.00170575608605164,0.00308140347831082,0.00648184685600135,0.0090368472225033,0.00856590549119752,0.00265804121499407,0.00435889618376986,0.00308388890745459,0.00381688557014867,0.00767570568214944,0.00388232979790521,0.00434631747163419,0.00553005990510233,0.00278280902766863,0.00653852088078661
0.00290271459165612,0.000876355575957356,0.00570603123472297,0.00716936783225389,0.00698122106745891,0.0017073201772699,0.00308194578229409,0.00648110083283901,0.00903441349738821,0.00856585824952872,0.00265891449270655,0.00436392810065154,0.00308736139329882,0.00381656756469306,0.00767533366423102,0.00388353901217853,0.00434544606900519,0.00553047350432821,0.00278383856540081,0.00654318264542517
0.00290621050269502,0.000875910164698192,0.0057010828941428,0.00715760663588882,0.00697456286598478,0.00170300508938606,0.00307909781470053,0.00647592199196385,0.00902313738517978,0.00856035450058372,0.00265389397163382,0.00435509126321661,0.00308200303732528,0.00381324547793555,0.00767887105699895,0.00387574973637812,0.00434931774758065,0.00551474446739318,0.0027775581376107,0.00653350297366998
0.0029001651339732,0.000875520517693739,0.0057015113920761,0.00716230613409657,0.0069770548308791,0.00170429197116589,0.00307874296044481,0.00647277767561575,0.00902722795170096,0.00855664231418979,0.00265633552034729,0.00435620940011237,0.00308127775964031,0.00381426240941883,0.00767095241816009,0.00387583225411524,0.00434302881392618,0.00552575768509791,0.00278034713603794,0.00653764858809806
0.00290087896575494,0.000875463182899894,0.00569672502592641,0.0071596164184304,0.00697491864943964,0.00170375345767077,0.00307797947296637,0.00647209861175689,0.00902126624730791,0.00855427658767579,0.00265484207831026,0.00435460959860373,0.00308129742710623,0.00381219125265745,0.00766905037409832,0.00387560587202336,0.00434526928038194,0.0055230592975839,0.00277783179347025,0.00653692506243516
0.00290487126243815,0.000875935557593381,0.00570351343022521,0.00716333533203209,0.00697431829002661,0.00170453427284718,0.00307723576237716,0.00647353748177432,0.00903550137015778,0.00856479007329989,0.00265268248660791,0.00435478697998497,0.00308285294703434,0.00381307048101289,0.00767996221017117,0.00387487650016574,0.00434293267376548,0.0055194820374868,0.00277951464788442,0.00654358917976905
0.0029038022597661,0.000875730573545397,0.00570190132345609,0.00716262479320875,0.00697730237265869,0.00170393603763473,0.00307668639011276,0.00647950120881387,0.0090371161048942,0.00856713170211758,0.00265538245022299,0.00435660412567455,0.00308589316251264,0.00381446178014444,0.00768026146315198,0.00387763586471446,0.00434613017545074,0.00552383962775494,0.00277874218993131,0.00653934873083356
0.00290356642675109,0.000875552521613802,0.00569784817734286,0.00716077366078623,0.00697390538529138,0.0017044804759331,0.00307504275930279,0.00647474406008429,0.00902540368294366,0.00855832276477849,0.00266276181100336,0.0043583193831565,0.00308030244827847,0.0038172012261865,0.00767000623975619,0.00387458391863369,0.00434310862803196,0.0055153886315304,0.00278124050183425,0.00653554595584805
0.00290711091918719,0.00087657515269651,0.00570561327940598,0.00716181672669313,0.00698440129503619,0.00170434170094506,0.0030782559773185,0.00647704827697329,0.00902998250413533,0.00857341629477209,0.00265357492665426,0.00435958644688952,0.00308375925008604,0.00381727792220153,0.00767883392058355,0.00388134910586884,0.00434473683923075,0.00552140210640402,0.00278129092938341,0.00655296921977842
0.00290885818450525,0.000875988472135778,0.00570421512720138,0.00716188088485577,0.00698179153889363,0.00171421082894011,0.00307700452391755,0.00647844297674903,0.00902991381372468,0.00855767095315535,0.00265680811933949,0.00435638939020367,0.00308759315338821,0.00381596404767992,0.00768679369746891,0.00387862647243609,0.00434470840631265,0.00552123030095137,0.00278080489769293,0.00654363150212933
0.00290443808527559,0.000875547819703131,0.00569715795481353,0.00715872921816556,0.0069727814862028,0.00170275568021751,0.0030755123835058,0.00647051947427965,0.00903232586172165,0.00855069404191563,0.0026518284061932,0.00435230713086058,0.00308037898802802,0.00381277668067988,0.00767064433634965,0.00387796787243653,0.0043422862969414,0.00551362293036622,0.00277720735998998,0.00653386942906045
0.0029055199597832,0.000876236430275698,0.0057041121682229,0.0071658101145811,0.00698094626004868,0.00170619289923972,0.00308250644434389,0.00648160250961363,0.00902814418845311,0.00856481710104339,0.00265953318363532,0.00435827341126529,0.00308594310176896,0.00381916224563131,0.00767409333110182,0.00388159252198585,0.0043438723557859,0.00552440886275691,0.0027801863538763,0.00654238191868486
0.0029029841400292,0.000876643460999208,0.0057056708752112,0.00716854818476252,0.00698013929530421,0.00170589191722903,0.00308021090506116,0.00648264537617669,0.00903253608652663,0.00856340576742991,0.00265886422671927,0.00435930344320043,0.00308453794098626,0.00381706231157077,0.00767789492203485,0.00388253034729302,0.00434572634522247,0.00552956135570626,0.00278269000543194,0.00654311918718854
0.00290136134310803,0.000876436261000257,0.00570531074508156,0.00716854518705772,0.00698394379593231,0.00171251198856492,0.00307830634716519,0.00647991200471385,0.00902983195548833,0.00856264824014537,0.00266829320101386,0.00437722204337811,0.00309825944434579,0.00383313542589088,0.00767693053674206,0.0038961938250782,0.00434619754996317,0.00552909954436444,0.00279099680846618,0.00654310040990148
0.00290377487829275,0.000875943199910982,0.00570307680655837,0.00716234173769136,0.00697990831634382,0.00170517312400828,0.00308845597119784,0.00648005961521402,0.00903063795521922,0.00856863006946111,0.00265804571259166,0.00436120682945915,0.00308606284074246,0.00381775464557591,0.00767663693957773,0.0038798461929018,0.00434616321798624,0.00552250097736111,0.00278396449298795,0.00654117560922021
0.0029078555980039,0.000876470714212649,0.00570819472802327,0.00717132201156451,0.00698618407654235,0.00170599915244153,0.00307968598428892,0.00648310619699913,0.00903142452144785,0.00856719203122617,0.00265661456060176,0.0043687251382642,0.00308577355733566,0.00381935720833871,0.00767684774131925,0.00388568000184899,0.00434626991602967,0.00552106562134385,0.0027812574209281,0.00654314906123817
0.00290274781163826,0.000875165365212263,0.00570168106876108,0.00716306950966067,0.00697658599618664,0.00170453119021054,0.00307702010050427,0.00647382630105161,0.00902970741088708,0.00855769845534135,0.00265569408271012,0.00435483574963364,0.00308231564724938,0.00381433871848322,0.00767171943666897,0.00387781256363808,0.00434473800616407,0.00552455579751058,0.00278046633877443,0.0065381335348904
0.00290034052386266,0.000875531741042866,0.00569735057563312,0.00715526627851615,0.00697028201086345,0.00170396649767467,0.00307951378396222,0.00647705952811576,0.0090275811657063,0.00855690632635531,0.0026557099878174,0.00435575055272207,0.0030822145989889,0.00381365504840144,0.00767208445092355,0.00387604142432295,0.0043430288368938,0.00552368714042786,0.00277958821548134,0.00653597770021676
0.00290558319531128,0.000875995330131113,0.00570299069448067,0.00716672202708098,0.00698309919032016,0.00170642799616998,0.00308248234992723,0.00647521157682585,0.00902987563002963,0.00857225051236344,0.00265484586509909,0.00436252294710483,0.00308867517739385,0.00381807627997389,0.00767361569376362,0.00388621814488432,0.00434788015749556,0.00552609790545004,0.00278298068189945,0.00654078622136774
0.00290539111583394,0.000875878010362053,0.00570227235956245,0.0071622604813102,0.00697802151326772,0.00170300741134904,0.00307544635585996,0.00647229356959879,0.00902182977673092,0.0085617385309927,0.00265707894741962,0.00435971032006646,0.00308206430758827,0.00381904140812505,0.00767066140811682,0.00388030908325709,0.00434857827538971,0.00551701779183604,0.0027791800885805,0.00654607823009462
0.00289898264857304,0.000875539877429654,0.00569557500112514,0.00715615977697702,0.00697247774384816,0.00170363612531364,0.00307550230090209,0.00647100196216404,0.00901537081715038,0.00855284464093639,0.00265587712541543,0.00435704809464464,0.00308180304216755,0.00381000132524915,0.00766179940375421,0.00387687318664565,0.00434270837051373,0.00552080103039438,0.00277664061838133,0.00653528144331513
0.00290629875955371,0.000876400390814694,0.00570909678409924,0.00716692428786202,0.00698143954402954,0.00170476786839077,0.00308096192564739,0.00648327122569281,0.00903738804459758,0.00857146340805294,0.00265782941186038,0.00435944452020923,0.00308459164411045,0.00381736402611264,0.00768051046014326,0.00387996969025118,0.00434882944165509,0.00553011128267189,0.00278041721352371,0.00654421942555843
0.00290538118587932,0.000876411381801145,0.00570510932772052,0.00716794758274307,0.00698352989047871,0.00170593254267608,0.00308245129342394,0.00647839676351299,0.00903698262364152,0.00856269463506256,0.0026586160883807,0.0043590143194714,0.00308477214886073,0.00381680260196281,0.00767600669387229,0.00387892270309556,0.0043485863607589,0.00552592681889805,0.00278161282533713,0.00654435529747138
0.00290482142493342,0.000875674626703281,0.00570263214048753,0.00715968038869767,0.00697803363073628,0.00170473378119168,0.00307752219355589,0.00647919960416166,0.0090261694057392,0.00856138989789188,0.0026550867038633,0.00435711459739913,0.00308289787823796,0.00381351028293357,0.0076710091277449,0.00388062214767772,0.00434175674276425,0.00551985494335948,0.00277992684877276,0.00653630208506824
0.00290594486519301,0.000876432707490524,0.005708178665018,0.00716524773280977,0.00698165739298775,0.00170667923787139,0.00308104555717648,0.00648172430859228,0.00903712784031194,0.00856578266480932,0.00265879091851954,0.00435972186148709,0.00308494536484906,0.00381753482734712,0.00767872127612688,0.00387976281606543,0.00434855527274156,0.00553113143946943,0.00278158840389104,0.00654363380491643
0.00290025844722271,0.000874860273644334,0.00569950649787229,0.00715585287877023,0.00697202554848329,0.00170433345468611,0.00307825581973895,0.00646972306281567,0.0090165829494779,0.00855549834532768,0.00265464602728417,0.00435757240637521,0.00308370278715905,0.00381554202655543,0.0076663812364544,0.00387761259193478,0.00434021390181146,0.0055136699878679,0.00277980564481127,0.00653472790176997
0.0029059698189,0.000876354446829163,0.00570577429928322,0.00716724060936902,0.00698352524706933,0.00171045047234302,0.00309228469974041,0.006480062966485,0.00903571850739208,0.00856771919488677,0.00265609509532958,0.00435807272259737,0.00308434320310118,0.00383332124477829,0.00768360449044425,0.00389694913768205,0.00435975326988321,0.00552076681610681,0.0027896006145516,0.00654347768449431
0.00290578613639918,0.000876525717101762,0.00570497337257113,0.00716825202528535,0.006982095353622,0.00170455733560082,0.00308927290912916,0.00647593351247415,0.00903612748474543,0.00856208599669035,0.00265581184481563,0.00435874913850816,0.00308441184397755,0.003818802182555,0.00767638429601823,0.00387989850800008,0.00434528102380625,0.00552229328342786,0.00278278427630814,0.00654593868655013
0.00290197090305318,0.000875935307172192,0.00570308950733737,0.00716411741856582,0.00697867141424841,0.00170507695860074,0.00307730102139354,0.00647738750814466,0.00903158990940782,0.00856107243334137,0.00265479644369741,0.00435796033085733,0.00308391067804428,0.00381441614992547,0.00767622030127565,0.00387763998790744,0.0043439927989833,0.0055216383703292,0.00278007414763228,0.00654138031645394
0.00290477327745525,0.000875921478959733,0.00570066676132944,0.00716295300632541,0.00697660522110297,0.0017042949302919,0.00307803028925432,0.00647571801942227,0.00904496368706803,0.00856768858606141,0.00265703005555543,0.00435468489021187,0.00308365055372913,0.00381519092295822,0.00767803297567665,0.00387767115277514,0.00434235056442355,0.00551821704462952,0.00278215854028127,0.00654189485681082
0.00290601441245625,0.000875645885819068,0.00570266874041034,0.00715985427000715,0.00697888592958424,0.0017031420584181,0.00309142730007809,0.00648281458604687,0.00902607933250231,0.00856182238063815,0.00265514061110413,0.00435414315662778,0.00308590898076,0.00381757748854915,0.00767149442359523,0.00387615555895479,0.00434392354688016,0.00551666535667644,0.00277969020851394,0.00653947523722122
0.00289888128255727,0.00087588851070328,0.00569744875282041,0.00716272378538761,0.00697522748624561,0.0017036790190413,0.00307501792474822,0.00651891287844087,0.00902498997913613,0.00855274958334493,0.00265735834646267,0.00435434378753948,0.00308211403456525,0.00381537654648156,0.00767632810574393,0.00387623904794825,0.00434338360781834,0.00551879294123592,0.00278041988595494,0.0065401819257156
0.0029078899310352,0.000876453956299834,0.0057049868122141,0.00716415176415936,0.00697934532455748,0.00170406772525831,0.00307844094416077,0.00647812091242309,0.00902961530205264,0.00856037870643255,0.00265514318191817,0.00435713469734144,0.00308332009093439,0.0038150852411092,0.00767259877481132,0.00388118520450161,0.00434478445842881,0.00552484358970315,0.00278059744695616,0.00654008768193996
0.00290204217482576,0.000875588014107326,0.00569787503272351,0.00715654773759815,0.00697856674991449,0.00170422853363533,0.00307854129918846,0.00647685002067904,0.00902646237542631,0.00855742597762688,0.00265487638614429,0.00435347380005274,0.00308193272731399,0.00381348645800032,0.00766668190808182,0.00387628029414542,0.00434217393501938,0.00552387115271102,0.00277880278378888,0.00653728955686943
0.00290471783391297,0.000875298844668012,0.00570232055439203,0.00716131425387388,0.00697505503668021,0.00171143714895971,0.00309334174999133,0.00650613480785975,0.00906755133983655,0.00855779564651958,0.00266553391882659,0.00437428680026809,0.00308366299987346,0.00383231409093904,0.00767310982544293,0.00389948505306341,0.00436745722572103,0.00554992297261101,0.00279237418808387,0.00657663979353498
0.00290893343799766,0.000876162931106813,0.00570412662642163,0.00716381468464748,0.00697928384220431,0.00170481885547229,0.0030801071225194,0.00647838180551366,0.00902975359390417,0.00856334370287622,0.00265993707343825,0.00435945343478412,0.00308422537274795,0.00381623838036032,0.00768167418348519,0.00387969745054038,0.00434670657227044,0.0055206096446739,0.00279058227076579,0.0065478756965271
0.00290322159708566,0.000876182275449498,0.00570894406196376,0.00716692551431158,0.0069798642728476,0.00170551504301676,0.00307905713047539,0.00647888300854925,0.00903254023219784,0.00856430214949087,0.00265586413950157,0.00435785389306838,0.00308461455586121,0.00381754563627663,0.00767831513678685,0.00387984053776619,0.00434559801470409,0.00552248637851557,0.00278065789018385,0.00654579084619034
0.00290448617661002,0.000875408573647063,0.00570130919270453,0.00715517951858914,0.00697714764076287,0.00170382890704512,0.00307836821214036,0.00647197912686088,0.0090275404343997,0.00854764599877993,0.00265619982807779,0.00435589274107456,0.0030815499585194,0.00381221219357807,0.00767094081608872,0.00387478574962161,0.00434104549393004,0.00552362246539924,0.00277812702771091,0.00653523548284825
0.00290333113497433,0.000875016861351601,0.00569808746197215,0.00715797540974632,0.00697448148470357,0.00171096078390513,0.00307431974529007,0.00647638296739042,0.00902383336694703,0.00855490475347666,0.00265471321576169,0.00435349009350529,0.00308395490524933,0.00381419006934667,0.00766804726382116,0.00387559833172331,0.0043438444525289,0.00551380107935072,0.00277737499926389,0.00653629108549327
0.00290712652276948,0.000876174391580113,0.00570582350926092,0.00716450201534316,0.00698393412793033,0.00170472809674547,0.00309508853365524,0.00648006317424464,0.0090368509497315,0.00856516187455185,0.00265723363634811,0.00436008153429142,0.00308933473624486,0.00381929869853082,0.00767858347019517,0.00387938920702078,0.00434665921558291,0.0055225740210354,0.00278308103687982,0.00654369928367369
0.00290305608044554,0.000876187648278823,0.00570597648267235,0.00716649752246906,0.00698145292526015,0.00170477903788735,0.00307777398390408,0.00647841559507699,0.00903247782693672,0.00856269717698372,0.00265580674084032,0.00435911962981035,0.00308635149915733,0.00381725703857325,0.00767242433995027,0.00387946176868133,0.00434617356321669,0.00552071672170817,0.00278237563598964,0.006541934219484
0.00290690094840377,0.000876051527223801,0.00570055754319445,0.00716318601041522,0.00697738880551638,0.00170307581729346,0.0030813921621152,0.00648335828331995,0.00902519647030704,0.00855753615497048,0.0026540764844376,0.0043564549938214,0.00308257555309888,0.00381485202546475,0.00767301571098913,0.00387448342045626,0.00434989368464533,0.00551927144806577,0.00277906653129435,0.00654162665345789
0.00290262721840205,0.000875188824550302,0.00569988331337908,0.00716010492286173,0.00697666438086569,0.00170358769579559,0.00307714715887438,0.00647676129464221,0.00903182164505609,0.00855819388109364,0.00265410584070461,0.00435261405425758,0.00308131482110218,0.00381267136131783,0.00767447731340283,0.00387532972622236,0.00434457883088512,0.00552107801632856,0.00277702039042748,0.00654042575909838
0.00290475366884104,0.00087521622255487,0.00569589362232639,0.00716363082326553,0.00697573680019732,0.00170548034771289,0.00307766478191346,0.00647071304011959,0.00902209931962454,0.00856365252714959,0.00265629535927897,0.00435998557020689,0.003083046231575,0.00381407868869008,0.00767078624684516,0.00388203193426904,0.00434340313731395,0.00552479078766688,0.00277998910244911,0.00653716051967033
0.0029088963885614,0.00087629098883089,0.00570490063675029,0.00716693329339614,0.00698166349383865,0.00170487477086733,0.00307983320366175,0.00647921195130974,0.00903367096424857,0.00856564501521756,0.00265697460571658,0.00435878164435856,0.00308453958514295,0.00381628225767335,0.00767562282386425,0.00388018871593136,0.00434547308950323,0.00553096127171067,0.0027817652541195,0.00654253288693944
0.00290414393546367,0.000875918224862483,0.00570265008530672,0.00716157777362829,0.00697779897781325,0.00170602286946964,0.00308038450645172,0.00648196632135963,0.00903182639652783,0.00855922097942301,0.00265446175424482,0.00435794140806702,0.0030869848845722,0.00381605117187357,0.00767434436432248,0.00387677047048124,0.00434372134796316,0.00551879132506648,0.0027832182449316,0.00653899779363466
0.00290575156466372,0.000876396361538457,0.00570538337656221,0.00716848236785021,0.00698222227684205,0.0017059676935113,0.00308131991751233,0.00648290092245809,0.0090378412053239,0.00856983985044862,0.00265749615363563,0.00435813955868994,0.00308548361292456,0.00381685252766708,0.00767825020127806,0.00387952652895232,0.00434789813872352,0.0055308666725623,0.00278126183417412,0.00654090109764685
0.00290119860249192,0.000875190728106168,0.00569652673072431,0.00715481668657699,0.00697310710551644,0.00170310315716758,0.00307496219521708,0.00647053959018436,0.00901914187102828,0.00855424092558727,0.00265148197908249,0.00435470714319559,0.00308035538162435,0.00381234181964734,0.00766584478128446,0.00387486827422952,0.0043410678626878,0.00551508683322439,0.00277815836610726,0.00653710647655197
0.00290959655521005,0.000876146965337918,0.00570433299814639,0.0071661664771572,0.00698029693365429,0.00170490537675342,0.0030799566508451,0.00647922211718318,0.00903753232872332,0.00856844050632481,0.0026546363570646,0.00435769477236531,0.00308522858997556,0.00381523164014778,0.00767449910189156,0.00387810597739204,0.00434383722607145,0.00552303111038957,0.00278228563663124,0.00654034720934455
0.00290464315065376,0.000875618305631866,0.00570166927780306,0.00716088521699498,0.00697721539008704,0.00171044316683875,0.00307584513136462,0.00647627880885089,0.0090272628351081,0.00855769281966649,0.00266731683233568,0.00437681081150494,0.00308290389068515,0.00382873486364105,0.0076793168830544,0.00389496015953906,0.00435875595894544,0.0055179151355872,0.0027924444259522,0.00654781075243715
0.00291012202264734,0.000876298430114561,0.00570257379148372,0.00716570560328665,0.00698012406561966,0.00170498588697342,0.00308373157137307,0.00648058543981166,0.00903329111492718,0.00856904547785902,0.00265693037724447,0.00435920467863285,0.00308504786834011,0.00381847390917382,0.00769141945458793,0.00388698033545525,0.00434797133045947,0.00552373160649886,0.00278140553103482,0.00654294527617963
0.00290439560966922,0.000875712783224058,0.00570301373096134,0.00716015085750457,0.00697584032998177,0.00170456261953612,0.00307752394662283,0.00648238573555896,0.00903769070169157,0.00856016434056027,0.00265565899585068,0.00435540010322444,0.00309639998055292,0.00381583091567461,0.00767119236246228,0.00388183163741385,0.00434350813959195,0.00551987264422973,0.00279051390899772,0.0065423388089918
0.00290244439326697,0.000875557046428695,0.00570521318003643,0.00715983901627965,0.00697444348880628,0.00170452827615218,0.00308222372724737,0.00647535541857171,0.00902506736077061,0.00855967633805524,0.00265855589264673,0.00436148279853481,0.00308497913027452,0.00381386451438101,0.0076714898786829,0.00388181069704158,0.00434426941204773,0.00552224812366744,0.00278657250750585,0.00653962646988155
0.00290119515083233,0.000875457417768743,0.00570171312663435,0.00716138002558507,0.00697437235336805,0.0017067601978583,0.00307493762319276,0.00647159781300669,0.00902343745252857,0.00855632921104953,0.00265806470021787,0.00435733344141424,0.00308216081491512,0.00381313819024402,0.00767161173194543,0.00388033984258085,0.00434065947832208,0.0055159034475008,0.00277884113188848,0.00653620287630431
0.00290596861940308,0.000876307997575891,0.00570638339370245,0.00716897094567201,0.00698724007090376,0.00170519107206563,0.00308211469466211,0.00647973154932767,0.00904086966611929,0.0085631813741075,0.00265633182296358,0.00436203602185438,0.00308668247620488,0.00381754116668386,0.00768070403901796,0.00388199980557033,0.00434632612205937,0.00552338232659945,0.00278178294764441,0.0065443375182878
0.00290345368768325,0.000876293291714501,0.00570459060587266,0.00716638689408006,0.00698199678177906,0.00170553276602299,0.00308215649931985,0.00647748088807607,0.00903259700185215,0.0085661821895465,0.0026579856559697,0.00435894506087171,0.0030835989419771,0.00381612071699158,0.0076750953958515,0.00387896791182795,0.00434505527758146,0.00553035105069725,0.00278132702409137,0.00654170535970748
0.00290559861038959,0.000876649511320481,0.00570518155276579,0.00716709754506631,0.00698395746784329,0.00170610658349893,0.00307939593752159,0.00647782154153088,0.00903548557890111,0.00856691407072368,0.00265613585751513,0.0043626997414131,0.00308585980583758,0.00381964031061571,0.00767894762428569,0.00388113431033868,0.00434506292531292,0.00552591721291989,0.00279288427127569,0.00654926954250469
0.00290598343872874,0.000876002277608716,0.00570316055898791,0.00716436358862293,0.00698253206774823,0.00170614388830658,0.00307479604349066,0.00647544926936864,0.00903615899051728,0.0085608989169312,0.00265588614775174,0.00436329739356644,0.00308327146281278,0.00381476497336408,0.00767186980470819,0.0038785969773469,0.00434663798830164,0.00552503915052418,0.00278003165465399,0.00654112948269328
0.00290105539951604,0.000875658654208449,0.0057011516882032,0.00716108790798764,0.00697313660486298,0.0017024559818427,0.00307579223675237,0.00647171452903517,0.00902057479225122,0.00855313509922452,0.00265220127369023,0.00435550590011309,0.0030825942529641,0.00381405336516947,0.00766725871834279,0.00387628925180087,0.00434208326984413,0.00551551521829521,0.00277836005721215,0.00653680331442585
0.00291080124190583,0.000876492261852742,0.00570149639458329,0.00716746572223751,0.00698314987576177,0.00171356700616293,0.00307708682139704,0.00647755381042373,0.00902777151180718,0.00857042184810114,0.0026549801921899,0.00435972139307966,0.00308811277009845,0.00381657871850267,0.00768781614379927,0.00388467424396703,0.00434680684613049,0.00552458318204012,0.0027817453842982,0.00654500929466377
0.00290534192077185,0.000876206533581236,0.00570443089883,0.00716995941412019,0.0069822303225367,0.00170563584993431,0.00308370795954716,0.00648044805895738,0.00903444789575354,0.00856455294926833,0.00265840868246564,0.00436084605040268,0.00308366904703764,0.00381704066822405,0.00767879120677003,0.0038809750607177,0.00434648821233207,0.00552811108961367,0.002780925360881,0.00654478543182109
0.00290002134801563,0.000875215288293608,0.00569433338066766,0.00715876006814467,0.00697640183796349,0.00170328770454163,0.00307936697888377,0.0064719675039156,0.00902154512975128,0.00855626329033649,0.00265508004513223,0.00435537132561896,0.00308332804996846,0.00381274959930124,0.00766537028782408,0.00387974038801049,0.00434300102807669,0.00552591212681879,0.00277668541133859,0.00653316461698616
0.00290011158408891,0.000875224575652676,0.00569930898838392,0.00715987513181178,0.00697330055704076,0.00170259491888873,0.00307508945406382,0.00647305253471774,0.00902308463702579,0.00855439660531681,0.00265235549081713,0.00435341645242152,0.0030815365401299,0.00381213951334429,0.00766903195485177,0.00387497778229085,0.0043397946203282,0.00551692832025688,0.00277765500056196,0.00653623956320304
0.00290534996966203,0.00087570328334579,0.00570233944808556,0.00716388735730249,0.00697454268295156,0.00170630276743952,0.00307611951938204,0.00647509104462026,0.00902352269318994,0.00857211805640378,0.00265435176279696,0.00436542835624892,0.00308230034799487,0.00381438209181774,0.00768193187338044,0.00387452082577895,0.00434449646905074,0.00552091217800162,0.00278465912852698,0.00653648172324696
0.00290379097436215,0.000875263405729043,0.00569804302060684,0.00715583594164408,0.00697260057847407,0.00170252376484943,0.00308050003269489,0.00647135408337493,0.00902059201486425,0.00855171360956655,0.00265220993339395,0.00435325372802014,0.00308348391372609,0.00381694825126161,0.00766899601273417,0.00387678647503733,0.00433926500172696,0.00551444100775174,0.00277638028489327,0.00653497035682595
0.00290455037507801,0.00087677535622117,0.0057060418131112,0.00716691120663354,0.00697855465329091,0.00170520397810474,0.0030819651453127,0.00647907255029342,0.00903455515597441,0.00856278457820245,0.00265888262447799,0.00436067755397314,0.00308738384388302,0.00381657445263494,0.00767831892596464,0.00387999620331312,0.00434561476659586,0.00553090083575047,0.00278154353005487,0.006542558394833
0.00290139902071655,0.000874965223539118,0.00570168134062622,0.00715836098269186,0.00697686825480673,0.00170490117921856,0.00307978454282173,0.00647349727043911,0.00902496034424671,0.00855394294589972,0.00265691507459261,0.00435728268531386,0.00308177889909128,0.00381538341001134,0.00766611737154018,0.00387897363569846,0.00434306928193958,0.00552470909943372,0.00277926286073721,0.00653687796765429
0.00290635708425102,0.000876691021603784,0.00570559500863137,0.00716504877223525,0.00698528457440675,0.00170771781745928,0.00308562191760357,0.00647554823701415,0.00903876733821399,0.00856204715605531,0.00265836372791422,0.00435898821643522,0.00308471866690294,0.00381810857740195,0.0076736260532055,0.00388261653314174,0.00434653747141297,0.00552343023661973,0.00278214787515257,0.0065444192179999
0.00290184867704139,0.000875919373366957,0.00570204507054149,0.00716333059183104,0.00697875385648513,0.00170418194473071,0.00307712926250127,0.0064742981305685,0.0090285965808815,0.00855991100911421,0.00265444392428629,0.00435723917933723,0.00308291300789347,0.0038139475069933,0.0076724394813409,0.00387679323455436,0.00434215607040068,0.00551848128426791,0.00277851249656805,0.0065414385069785
0.0029012164853101,0.000875826624176811,0.00569834258843941,0.00715944324863568,0.00697396790296102,0.00170350466197927,0.00307587426605499,0.00647226286204043,0.00902390860196725,0.00855659856972552,0.00265306424443256,0.00435416770037161,0.00308149319023905,0.00381274694925205,0.00767021457275618,0.00387669020408673,0.00434117896200513,0.0055243393250376,0.00277772481158824,0.00653604409197756
0.00290595796462566,0.000880010559779626,0.00570348528282999,0.00717240332997775,0.00698292412270587,0.00170522449966953,0.00308007974335785,0.00648116584066803,0.00903632369482145,0.00856706664678059,0.00266165713136871,0.00435845476545074,0.00308469866047382,0.00381765335225253,0.0076790033734634,0.00388093823405613,0.00434612507286,0.00552732324422737,0.00278022419876031,0.00654400572614831
0.00290049339872069,0.000875589848756673,0.0056986144145026,0.00715667447246059,0.00697420643488791,0.0017035112883952,0.00307894336753712,0.0064734216967595,0.009021859904563,0.00855498027998931,0.00265565522590138,0.00435412662330392,0.00308160598560897,0.00381194741254432,0.00766779999346192,0.00387593103783227,0.00434673425202926,0.00552127935473949,0.00277830607329509,0.00653333859951857
0.00290474510543274,0.000876283650526474,0.00570566297931,0.00716437327042853,0.00698107214876183,0.0017048686801815,0.00308269081684135,0.00648013629330152,0.00903212562192956,0.00856047839167492,0.00265930741987939,0.00435702375486407,0.00308476657588734,0.00381628275513417,0.00767747034650108,0.00387910386646351,0.0043459862413595,0.00553221638150026,0.00278057804680941,0.00654045526602499
0.00290458113480835,0.000876216156191225,0.00570581959065357,0.00716662013129672,0.00697951542550652,0.00170555120408379,0.00308081739399329,0.00647940988372962,0.00903233425032129,0.00856362274271907,0.00265737081519232,0.00435764604555836,0.00308357753666407,0.0038159788588878,0.00767489933378338,0.00387866651807656,0.00434687221928532,0.00552973703821918,0.00278050065192905,0.00654159121488967
0.00290171754963722,0.000875726279066514,0.00570221898153094,0.00715995052441583,0.00697831908732254,0.00170426607087185,0.00307849777751827,0.00647454662325046,0.00902693115270898,0.00855721243071623,0.00265731615043981,0.00435702515509828,0.00308193709010701,0.00381494407834275,0.00767200976338298,0.0038791555530979,0.00434379138928456,0.00552539610995698,0.00278043288154509,0.00653733352888805
0.00290621655762493,0.000876161946691037,0.00570362148384142,0.00716541541802412,0.00697947826778169,0.00170516175549363,0.00308262248574529,0.00647851956600699,0.00903434310627318,0.00856358545953394,0.00265766674608531,0.00435818847801104,0.00308775394451799,0.00381467867855494,0.00767359827545587,0.00388273565992352,0.00434307326433292,0.00552670100356319,0.00278053645688581,0.00654430996826026
0.00290529759124421,0.00087660226139647,0.00570746685616714,0.00716871950757525,0.00697896069440462,0.00170693852075439,0.00307967850509825,0.00648194507675304,0.00903616164571255,0.00856921580946759,0.00265681909114465,0.004361367829866,0.0030855881288528,0.0038179874086736,0.00768217021458724,0.00387662906963873,0.00435134669065539,0.00552518764649822,0.00278377751570023,0.00654203424327311
0.00290923746307809,0.000876656403942776,0.0057070805999379,0.00716788134597632,0.00698178534289654,0.0017048536422904,0.00308593423229454,0.00648074198518444,0.0090343528011964,0.00856456885211922,0.00265628059111958,0.00436238882002001,0.00309192806134917,0.00382900207876695,0.00768191503230239,0.00388038717765332,0.00434963931696083,0.00552567353327154,0.00278295275186219,0.00654935995933884
0.0029024692883069,0.00087481244446133,0.00570103669503102,0.00715635696338421,0.00696972077982348,0.00170629515726086,0.00308203980677338,0.00647197579847611,0.00902613259174798,0.00856026193171125,0.00265492796190494,0.00435578216979536,0.00308335070390024,0.00381505763786257,0.00767189666541241,0.00387756059600514,0.00434318246018263,0.00552536552300075,0.00277789540296127,0.00653671000857218
0.00290368033491253,0.000875349397265657,0.00569998483650403,0.00715689948556694,0.00697510294730106,0.00170252345217718,0.00307522244570798,0.00647204162673284,0.00903101097829558,0.00855272776791452,0.00265201807298701,0.0043528874707219,0.00308046816468476,0.00381514258981448,0.00766654409432213,0.00387566758041528,0.00433987694745383,0.00552102946276399,0.00277740289147736,0.00653818662412306
0.00290679469110318,0.000875936938300982,0.00570525236052664,0.00716705750714064,0.0069818360234859,0.00170435194557125,0.00307956642834561,0.00647812844585873,0.00903285616755241,0.00857513894969664,0.00265654905032328,0.00436020543078775,0.00308543694212541,0.00382285445235752,0.00767550106322688,0.00388006331706291,0.00434932915951201,0.00553098047247915,0.0027815298643966,0.00654354967691878
0.00290516681380763,0.000875803018383412,0.0057032130930747,0.00716114876470779,0.00697476065525625,0.00170484559098503,0.00307661062482446,0.00647422072171643,0.00902991094562486,0.00855795304529027,0.00265557471196244,0.00435583228266523,0.00308515218267992,0.00381762903426239,0.00767250874842117,0.00388015851609009,0.00434207934711203,0.00552043081324258,0.00277882336999274,0.00653970310350949
0.00290612219398147,0.000876231557101642,0.00570590685035544,0.00716831222882507,0.00698083707347582,0.00170413801341552,0.00307746101407124,0.0064774826912482,0.00903303233384605,0.00856352036724997,0.00265544783248861,0.00435927052202753,0.00309690418177616,0.0038172822888194,0.00767727871236616,0.00388275591658284,0.00434542280808909,0.00552337183672034,0.00278037902546138,0.00654218292342693
0.00290488531966862,0.000876388091147177,0.00570053078958386,0.00716603538436919,0.00698071176317002,0.00170495279264964,0.00307886928414519,0.00648035206305317,0.00903140936374451,0.0085624578551619,0.00265621747472368,0.00435910558007624,0.00308415617303314,0.00381555726785284,0.00767502417584869,0.0038794902144903,0.00434427099093531,0.00552848915411137,0.00278017243015271,0.00654107955382779
0.00290473228492147,0.000875788577187939,0.00570408785225546,0.00716321529182196,0.00698276350224592,0.00170549518946777,0.00307823331027222,0.00647777592690425,0.00903294186636653,0.00856433633064773,0.00265750189284774,0.00435645234332484,0.00308354511162717,0.00381542976720338,0.00768234952224573,0.00387895647366641,0.00434454753543594,0.00552561045516382,0.00278243938688162,0.00654127305069343
0.00289642951587123,0.000874202922516012,0.00569201290105273,0.00714902008234616,0.00696404888488072,0.00170043112166343,0.00306970909658707,0.00646677561444033,0.00900999424469734,0.00854189250186198,0.00264997841716629,0.00434853857578456,0.00307628501445895,0.00380841085231232,0.00765693079966173,0.00386977909233717,0.00433518687345164,0.00550565839201347,0.00277690031368934,0.00652700776292902
0.00290154860296841,0.000875529508155112,0.00569943937106503,0.0071606355800261,0.00697517674574713,0.00170269575083435,0.00307575998189697,0.00647257633015859,0.00902059141462516,0.00855673225518303,0.00265255306292719,0.00435283751785022,0.00308087002845702,0.00381201112710101,0.00767013027732372,0.00387509950887737,0.00434116029211153,0.00551568398787076,0.00277769691195558,0.00653915097600827
0.00290066357166331,0.000874957353969323,0.00569940033727699,0.00715903560209985,0.00697485842822962,0.0017044712609595,0.00307718650552002,0.00647305631429972,0.00902602964049931,0.00855728905710475,0.0026561706463749,0.00435357968422343,0.00308199624143575,0.00381257867172744,0.00766639174495748,0.00387700395059663,0.0043418864191232,0.00552554809919243,0.00277868173258761,0.00653982997054394
0.00290866788670664,0.000876302650477967,0.00570480834940897,0.0071669185736596,0.00698280103588572,0.00170430923504488,0.00307878114968753,0.0064886675527295,0.00903264873737047,0.00857622573165882,0.00265596325419526,0.00435741003487606,0.00308378619385117,0.00381611602412057,0.00767895846928614,0.00388525250991507,0.00435138826677304,0.00552128433348755,0.00278077943258162,0.00654204766050119
0.00290316693899493,0.000875859024243527,0.0057055828245128,0.00716778722004454,0.00697715662508095,0.00170543199452613,0.00308067677368877,0.00647808494968253,0.00903314874234297,0.00856161041891086,0.00265820654403306,0.00435485538031538,0.00308337308280722,0.00381235240317578,0.00767778540903355,0.00387888226573476,0.00434390925107049,0.00552972039374839,0.00278041429655596,0.00654188908079763
0.00290146006704943,0.00087540059854908,0.00569966830532857,0.00715873482218159,0.00697431481823936,0.00170376583023155,0.00307724720990543,0.00647372234369971,0.00902267952495584,0.00855472274405302,0.00265486082576892,0.00435580976486637,0.00308017201142334,0.00381234914988299,0.00766729167507161,0.00387545797128818,0.00434238602272515,0.0055246232712866,0.00277722188057779,0.00653566657645946
0.00290348393494382,0.000875637038344145,0.00570168276853403,0.00716656646674975,0.00697857402288715,0.00170320192226963,0.00307714692812317,0.00647449734938151,0.00903013214955408,0.00855956979425046,0.00265331938620269,0.00435560704489123,0.0030883690888183,0.00381487631021955,0.00767223765063589,0.00388221826381354,0.00434937526739156,0.00551912384144419,0.00277864813380382,0.00653975961911402
0.00290347520005163,0.000875233090012446,0.00569626844893265,0.00715769414838552,0.00697128063640691,0.00170269234511986,0.00307807705218611,0.00647210530181953,0.0090177705348792,0.00855762238036115,0.00265212298489969,0.00435831618743129,0.00307919933610236,0.0038129750287466,0.00766641701650341,0.00387771901013756,0.00434126887237461,0.00552527166824795,0.00277963354706897,0.00653985530417152
0.00290264442205745,0.000875386716332971,0.00570049300847528,0.00715717785701289,0.00697132861365587,0.00170248607571188,0.00307493229262677,0.00646863201360372,0.00902231819562292,0.00855289868319591,0.0026512429978229,0.00435128487830802,0.00308030309684536,0.00381181887239229,0.00766718888885393,0.00387302661422004,0.00433861555265306,0.00551457585346292,0.00277699668166272,0.0065386943944786
0.00290299505711293,0.00087596769406698,0.00570457422147658,0.0071643975360145,0.00698084605640457,0.00170421021678528,0.00307736626295078,0.00647825675678299,0.0090291176930957,0.00860605908419686,0.00265479009061147,0.00435701494858274,0.00308357906642972,0.00381512769913679,0.00767344401043929,0.00387883228420701,0.00434402821701277,0.00552160879478546,0.00277977299607623,0.00654131298009743
0.00290217519637727,0.000875877438151702,0.00570048643131788,0.00715612242400794,0.0069762109134323,0.00170445914267081,0.00307860599511989,0.00647483194682117,0.00902845351288862,0.00855735495275272,0.00265590393936374,0.00435706897357335,0.00308254219653874,0.00381382965942559,0.00767030963930313,0.00387741398453069,0.00434283198228395,0.00552509462497421,0.00278089127767333,0.00653545788734116
0.00290539134967095,0.000875940121404521,0.00570298930308285,0.00716268929759208,0.00697889670069129,0.00170397579545447,0.00308034533139257,0.00647596356966739,0.00904098202230491,0.00856044590073205,0.00265755183812169,0.00435825578068387,0.0030869731945624,0.00381583090951581,0.00767411390329497,0.00388417174924227,0.00434469213889704,0.00551963427587615,0.00277996565715637,0.00654059780831124
0.00290162752423425,0.000876250579022779,0.00570015107500566,0.0071653271040525,0.00697512938425462,0.00170589833687227,0.00308116229236422,0.00648080505782406,0.00903214507014851,0.00856037450706726,0.00265821941637945,0.00435969211393742,0.00308471304891362,0.00381679253403271,0.0076764168011186,0.00388057591689219,0.004346433419538,0.00552994719489238,0.00278163220529967,0.00654081738155018
0.0029058075608421,0.000876117275922237,0.00570160951967313,0.00716277063859671,0.0069807726358193,0.00170313271534735,0.00307672180013974,0.00647786022243646,0.00903298875027754,0.00856080023753047,0.00265837798249107,0.00435662373691465,0.00308425753614899,0.00381683285598963,0.00767286211031161,0.00388105318756328,0.00434977128031893,0.00552193629072643,0.00277942948363855,0.0065421001620232
0.00290581267606162,0.000876194860757017,0.00570458116530178,0.00716859764345466,0.00697981146484391,0.00170901429852439,0.00308254718454856,0.00647798418193811,0.0090372819865972,0.0085618801550102,0.00265925688696003,0.00436046044260598,0.00308375527797431,0.00381539666254963,0.00767756256738804,0.003880676882544,0.00434591302734359,0.00553214831173455,0.00278058401368069,0.00654585656811189
0.00292028795005883,0.000876060703933892,0.0057033056373558,0.00716445600384482,0.00697991159245214,0.0017057606866466,0.00308163743554787,0.00648201623437066,0.00903933467539973,0.0085670850360488,0.00265887420483978,0.00436170953299785,0.00308430064849951,0.00381850213876662,0.00767986093898133,0.00388075085132354,0.00434632741380344,0.00553320429413799,0.00278341461318675,0.00654611370307182
0.00290007565132633,0.000875039521931955,0.00569865397794904,0.00715676617057304,0.00697296125924699,0.00170212325608381,0.00307424415248262,0.00647034794841318,0.00902007819818233,0.0085523312372267,0.0026515283995197,0.00435352525484954,0.00308016955946608,0.00381064975700113,0.00766717936720721,0.00387335465962262,0.00434139643438709,0.00551644904205249,0.00277915285143687,0.00653429218653939
0.00290695205127443,0.000876460921176825,0.00570463744779645,0.00716764414692207,0.00698232872559544,0.00170556737724751,0.00308163197653115,0.00648705138564553,0.00903959925044723,0.00856376230347618,0.00265790340817931,0.00435943252970766,0.00308608050959796,0.00381766441061596,0.00767955233437742,0.00388010417998719,0.00434776516429343,0.00552921347034028,0.00278123877036684,0.00653951283735502
0.00290188745231696,0.000876206014234507,0.00570281679194287,0.00716510917086756,0.00697845597412659,0.0017044985396469,0.00307674013416489,0.00647666590252648,0.00903056489745692,0.00856425936458328,0.00265377168552185,0.00435648450734938,0.00308383987068093,0.00381495811736185,0.00767417070405788,0.00387930136440832,0.00434500674546843,0.00552064996995619,0.00277905672883446,0.00654018840870636
0.00290922810412913,0.000875896769810557,0.00570228214380194,0.00716375636617006,0.00697829457065696,0.00170806926617081,0.00307785371354373,0.00647842881583357,0.00903825609097597,0.0085684939868367,0.00266171706019421,0.0043550646307042,0.003090979980637,0.00381364391232467,0.00767461682631226,0.00388852668714487,0.00435497223455234,0.00552602813577378,0.00278550833403965,0.00653879071176844
0.00290599648276624,0.00087625693515199,0.00570213449379831,0.00716306740662037,0.00697889137112271,0.00170403333748377,0.00307801933257113,0.00647525539386485,0.00902564604978971,0.00856008350692622,0.00265518991546617,0.00435745172833166,0.00308776082520958,0.00381689905379669,0.00766999669842144,0.00387688713976506,0.00434295527451876,0.00551808219607652,0.00277969886586631,0.00653832757085241
0.00290016383446043,0.00087535960594353,0.00569877532133557,0.0071611546564227,0.00697364640991457,0.00170240856098165,0.00307627922050985,0.00647248324329257,0.00902209131919475,0.00855333729832266,0.00265241580719461,0.00435531208578302,0.00308057212259523,0.00381400744530432,0.00767076079589382,0.00387478407762847,0.00434077295545231,0.00551519254049925,0.0027795121304005,0.00653616529997554
0.00290694727241217,0.000876910431216871,0.00570722000650828,0.00716773056579162,0.00698140791816967,0.00170486045063751,0.00307803644218084,0.00647934337403007,0.00903506716271311,0.00857435893430992,0.00265550473990874,0.00435872630828577,0.00308484725956419,0.00381713104233972,0.00767629327656594,0.003880139540877,0.00434544087691662,0.00552192327964925,0.0027804974444054,0.00655031194858599
0.00290247999116875,0.000875857638517256,0.00570139381748339,0.00716377212935642,0.00697671918478874,0.00170378153987497,0.00307715365340002,0.00647747038110128,0.00902609739350016,0.00856078805558251,0.00265276591949311,0.0043556041208564,0.00308333644192795,0.0038138389057276,0.0076730677501424,0.00387628559025607,0.00434298152370697,0.00551917443310172,0.00277811515212689,0.00653728638193799
0.00290210283864136,0.000875725345585101,0.00570348840690433,0.00716384452348023,0.00698045625501578,0.0017055716858908,0.00307863928417346,0.00647794105585554,0.00902887952038301,0.00855769305537648,0.00265750706762077,0.00435964571406566,0.00308331624868404,0.00381397753849371,0.00767887600038486,0.00387912744871273,0.0043490022022435,0.00552507599322289,0.00278041777893195,0.00654415658790459
0.00290304601318731,0.000876420094396138,0.00570568401369703,0.00716697712432298,0.00698166836764908,0.00170503699249114,0.00308094700428136,0.00647717379867972,0.00903202440122739,0.00856322977277581,0.0026578387561146,0.00435788071593572,0.00308515363645171,0.00381568424128179,0.00767872712704759,0.00387816669414643,0.00434729371667038,0.00552582806721115,0.00278108543872394,0.00654353251395485
0.00290331709290019,0.000876699704840801,0.00570577486827837,0.00716807511750136,0.00698509389918112,0.00170474560417157,0.00309112575237246,0.00647831841423491,0.00902955386437992,0.00856837216602321,0.00266615605182001,0.00437683196590688,0.00309754635897396,0.00383266996256384,0.00767805187503207,0.0038961643845083,0.00434574670944679,0.00552770576745827,0.0027924553713357,0.00654235375807544
0.00290457571088267,0.000876654022084393,0.00570490265128685,0.00716964243819049,0.00698578085440624,0.00170541943352154,0.00308161235508252,0.00648247321497783,0.00903593795744343,0.00856657565023179,0.00265968625227695,0.00436181193312497,0.00308474467450797,0.00381823753981428,0.00767828053618205,0.003881209704483,0.00434777963377755,0.00553111641109784,0.00278194702980434,0.00654267779071759
0.00290287886904083,0.000875882554313114,0.00570130331406603,0.0071638141995627,0.00697813795289322,0.00170428267182505,0.00307725441404148,0.00647745196017727,0.00902739793135273,0.00856069745167769,0.00265418318221061,0.00435947567403752,0.00308311125257173,0.00381596267495003,0.00767259870957525,0.00388222199974306,0.00434329590598398,0.00551942960686872,0.0027803910991455,0.00654140733862885
0.00290329164021201,0.000875838109628075,0.00570265078804758,0.00716567791885735,0.00697380184089249,0.00170431685357787,0.003079443681872,0.00647459870340071,0.00903121398712171,0.00855996380548535,0.0026564028179007,0.00435704272834544,0.00308266413110031,0.00381452398916396,0.00767184497923246,0.00387763571845436,0.00434337874544342,0.00552633885740869,0.00278012453552322,0.00653838908053186
0.00290066448231562,0.000875667654148776,0.00570103606696852,0.00715757684294107,0.00697733817539535,0.00170338671880707,0.00307439379819122,0.00652564086449146,0.00902264448787385,0.00854973629723982,0.00265522942524682,0.00435524386356655,0.00308386019212846,0.0038149779509427,0.00766769874055132,0.00387734325801578,0.00434083316083739,0.00551516424760732,0.00277765182942676,0.00654002704118969
0.00290191890490161,0.00087653152643696,0.00570618266983434,0.00716514586452555,0.00697931804917761,0.00170498251748916,0.00307990568818629,0.00647886559130176,0.00902887574312111,0.00858208623971556,0.00265821098542463,0.00435974564940054,0.00308503340934748,0.00381584509031472,0.00767963999602604,0.00388297317738495,0.00434630631198871,0.00552580841823965,0.00278075423073047,0.00654623983067506
0.00290691944015661,0.000876535736661492,0.00570853632943263,0.00716657571772529,0.00698379711254185,0.00170534943632787,0.00307904604789132,0.00648956980750662,0.00903873855462109,0.00856634642004207,0.00265832890155908,0.00436067941891791,0.00308717801282009,0.00381902339725511,0.00768037439536182,0.00388200534742177,0.00435148035587077,0.00553008351996189,0.00279170776933846,0.00654402079835028
0.00289977623803171,0.000874996736129596,0.00569828372566406,0.00715727881063627,0.0069726202812209,0.00170221105021699,0.00307362464494885,0.00646874158240802,0.00901755370454451,0.00854982507858441,0.0026511255978272,0.00435106972321003,0.0030793560711523,0.00381195326534112,0.00766390340497307,0.00387386683181942,0.00433853054188663,0.00551519360906855,0.00277712957008593,0.00653658730445449
0.0029048384974359,0.000875995829496904,0.00570789961544516,0.00716306070288695,0.00698062951789155,0.00170565195004604,0.00308161833601393,0.00647863424941739,0.00903334461301097,0.00856493072747249,0.00265774928860216,0.00435909218030005,0.00308506330049224,0.00381740448667037,0.00767399971344009,0.00388006745806471,0.00434549477807446,0.00552857392124369,0.00278119271664312,0.00654348328871891
0.00290883198585023,0.000875876600056442,0.00570204303056944,0.00716655004167177,0.0069799170247176,0.0017039517324978,0.00308844075184864,0.0064815392308026,0.00902921042533898,0.00856795533195077,0.00265555108213503,0.00435685277350756,0.00308307601594941,0.00381498019091971,0.00767321213182802,0.00387876989418549,0.0043451461507265,0.00552214906874995,0.00278066681900247,0.0065388238830102
0.00290498016626617,0.00087569578656683,0.00570014110407504,0.00715881999539879,0.00697734559176826,0.00170373518696116,0.0030768357130105,0.0064734167765762,0.00902611294307494,0.00855342510111333,0.0026532577828507,0.0043538906477427,0.00308165269110237,0.0038133285016983,0.00767211825986236,0.0038756682350872,0.00434182737169689,0.00551510688090852,0.00278266020945042,0.00653897780604399
0.00290688093831181,0.000876359802781677,0.00570522898452701,0.00716753131518484,0.00698052162124959,0.00171073635426764,0.00308086851160926,0.00647935726750249,0.00903631485030853,0.0085655810404979,0.0026653084268728,0.00436212353390797,0.00309661656444974,0.00383077282279785,0.00768849548444263,0.00389316998229677,0.0043623540478328,0.00552805074655843,0.00279396464610316,0.00655162025485398
0.00290587429378098,0.000876276374772378,0.00570442754896081,0.00716816021118249,0.00698007657861551,0.00170445081142026,0.00307818101988399,0.00647765466571219,0.00903331741771587,0.0085618405575209,0.0026560957184671,0.00435780359506554,0.0030861141875982,0.00381672864627406,0.00768102022936492,0.00388169353913725,0.00434604976140759,0.00552649083874364,0.00278037380266428,0.00654126405279921
0.00290128482990193,0.000876254908494845,0.0057039008617541,0.00716642723908969,0.00698221330683936,0.00170424789098429,0.00307915904270876,0.00647638739720312,0.00902688235757135,0.00856142695246717,0.00265570902548023,0.00435906206004528,0.00308471731019655,0.00382440299158499,0.00767739820077258,0.00387876841904021,0.00434480440143007,0.00552074580976721,0.00277970608344896,0.00654107094754824
0.00290111914885229,0.000875665330459266,0.00570008849870276,0.00715890832710322,0.0069762692914549,0.0017039402136161,0.00307634231825499,0.00647418781879934,0.00902184842370492,0.0085597226167494,0.00265248749080026,0.0043533034790193,0.00308203700796678,0.00381326204645115,0.00767293722015897,0.00387788236887838,0.004341303172285,0.00552073013443388,0.00277875158313023,0.00653785287962312
0.00290154908142137,0.000875926336184241,0.00570264539930533,0.00716441886051416,0.00697843220756155,0.00170707615767462,0.00307660048454778,0.00647492898841616,0.00904886226834936,0.00856511351050691,0.00266055071450942,0.00435708626816149,0.00308472632890201,0.00381614074139042,0.00767449966109589,0.00387737033009068,0.00434400408485085,0.00552040962489457,0.00278502021679575,0.006556638997818
0.00290398639860361,0.000875272962406119,0.00570303254682652,0.00715962386844086,0.00697724041634681,0.00170319025949159,0.0030754946348445,0.00647022179091521,0.0090239470033042,0.00855494702953101,0.00265644501653227,0.00435800642728838,0.00308127743262073,0.00381326567066528,0.00767106834106151,0.00387748499402987,0.00434293790946312,0.0055175235116647,0.0027772528201532,0.00653475404021827
0.0029058625690106,0.000876024983932917,0.00570099347221072,0.0071654419050206,0.00698113861280954,0.00171027115228113,0.00307708374729413,0.00647849496673476,0.00902885398447453,0.00857209715050062,0.00265571923936936,0.00436136842631295,0.00308358322808639,0.0038196681265088,0.00767664681602685,0.00387997304012577,0.00434586228044703,0.00552410933436002,0.00278397122051697,0.0065482792048047
0.00290264365956575,0.000875427640498246,0.00569905618851444,0.00715994300310244,0.00697335129025306,0.00170263573994871,0.0030746423900604,0.00647230201162811,0.00902081337072937,0.00855153293102386,0.00265219500220894,0.00435219522972517,0.00308070013173744,0.00381175266885825,0.00766647813886422,0.00387468940957957,0.00433943223384547,0.00551837157412572,0.0027779245345751,0.00653340645861756
0.00290493801531633,0.000875518237445732,0.00569839098002006,0.00716055877512787,0.00697627304546179,0.00170376705927541,0.00307641747363171,0.00647486668501439,0.00902690535649735,0.00855212304520798,0.00265254667428453,0.00435562963311769,0.00308038285725635,0.00381231427914872,0.00767188737040661,0.00387583959749629,0.00434245823193243,0.00552116424502261,0.00277894080898048,0.00654408351574484
0.00290076980213066,0.000875461159304767,0.00570044564161979,0.00715944405780957,0.00697673986159337,0.00170609980843256,0.003075209491264,0.00647256291805589,0.00902065650137799,0.0085567357030108,0.00265232337840838,0.00436313549372878,0.00308194185759275,0.00381333208737702,0.00766821085200914,0.00387534693067793,0.00434088081089104,0.00551711672923483,0.00277790737919495,0.00653701273621825
0.00290400587667151,0.000875426718614362,0.00570293647654709,0.00717177895930323,0.00698158499089016,0.00170485816098597,0.00308182647076917,0.00647579690582465,0.00902976364231837,0.00856190237853544,0.00265749582839478,0.00436298953258458,0.00308416130888014,0.00381232238026743,0.00767034123256652,0.00388037866042819,0.00434569792954541,0.00553206073672146,0.00277838467889625,0.00654145640730937
0.00290464012325218,0.000876374412733362,0.00570477418739701,0.00716623588730722,0.00698316444043559,0.00170561636343184,0.00308106303052944,0.00648034590262811,0.00903176982547144,0.00857533754486843,0.00265530013883499,0.00435765246074601,0.0030833308302936,0.00381572308398488,0.00767581709651451,0.00388269895888579,0.00434531947648681,0.00552834648515366,0.00277990447910386,0.00654583258785112
0.00290528025860439,0.000876211935097566,0.00570201265304269,0.00716272520747549,0.00697985591151213,0.00170389487044954,0.00307732803883716,0.00647444346770716,0.00902794579590891,0.00856165895808729,0.00265792927644632,0.00435754936653198,0.00308750340706565,0.0038224304946003,0.00767243215277605,0.00387879562150999,0.00434305471891783,0.00551984870947789,0.00278352060382155,0.0065445903255055
0.00290272269187148,0.000875912259076311,0.00570256490947072,0.00716611801370486,0.00698330415031082,0.00170423247435191,0.00307730039765182,0.00647669389136941,0.00902823115924634,0.00856368514396422,0.00265518049707092,0.00435894086557183,0.00308321925909994,0.00381544183520184,0.00767795199942666,0.00387820299164785,0.00434482183421281,0.00552060976472753,0.00277987343748753,0.00654311781963063
0.00290615890789552,0.000877202002385881,0.00570153927266973,0.00716289844367005,0.00697793805094099,0.00170585107605287,0.00307628593245573,0.00647390558447283,0.0090249577003998,0.00855852598682962,0.00265700888727806,0.00435595066739145,0.00308208939431626,0.00381356969345457,0.00768042609570571,0.0038760108001897,0.00434172349946654,0.00551769545119188,0.00277872942674721,0.00654701506042593
0.00289932626768611,0.000875289639007651,0.00569843393060361,0.0071570552204112,0.00697550735068035,0.00170290476503358,0.00307570779219856,0.00647096594622034,0.00902025915018462,0.00855268546301571,0.00265199870718985,0.00435430216865192,0.00307918163594573,0.00381409075262215,0.00766631106651663,0.00387447137652408,0.00433954641645871,0.00551735019922776,0.00277641510237182,0.00653397364354053
0.00290468869083229,0.000876180911523224,0.0057061875043012,0.0071639363093674,0.00698199039549362,0.00170606963941854,0.00307894824412535,0.00648306233895007,0.00904413453948466,0.00856627247692055,0.00265796027374788,0.00435805419765345,0.00308290347460758,0.00381635686323565,0.00767619569861548,0.00387801588766249,0.0043489373831601,0.00552367350524928,0.00278060238153854,0.00654279111087751
0.0029009703015816,0.00087569051267612,0.0056982029716934,0.00716084727847202,0.00697180273324988,0.00170445544392547,0.00307707733379804,0.00647375052640659,0.00902850427289435,0.00855860609513248,0.00265337432990997,0.00435655008714479,0.0030824619182549,0.0038143045257476,0.0076694482035208,0.00387631450115005,0.00434249584513455,0.00551948594747717,0.00277903734639812,0.00653854431160924
0.00290325198507509,0.000875250345428511,0.00569883360820293,0.00716013918115753,0.00697643136891743,0.00170280227187794,0.00307952637023238,0.00647463872480742,0.00902301556029216,0.00855635626563617,0.00265531569510981,0.00436461372678208,0.00308593265065183,0.00382066859283378,0.007678679346871,0.00387655103479217,0.00434819594901706,0.00551741686431467,0.00278242022244884,0.00653692187164594
0.00290216405919289,0.000875873375157703,0.00570286235462183,0.00716265290105301,0.00697699203516696,0.00170349105974898,0.00307775882078221,0.00647432885973533,0.00902515881005214,0.00855836534256215,0.00265887197689757,0.00435425337067905,0.00308211472701604,0.00381392466315807,0.0076870319008158,0.00387706458921855,0.00434172497832557,0.00551805516277372,0.00277857793128828,0.00654105069169664
0.00290709173129258,0.000876052233917402,0.00570450263489933,0.00716313580824721,0.00697955216417639,0.00170471853284174,0.00307856040600737,0.00647972231942097,0.00902725637784997,0.00856638633888812,0.00265547171013328,0.00435899853751137,0.00308475722311392,0.0038163452411606,0.00767287365320795,0.00387796925713959,0.00434517548507481,0.00552156467384299,0.00278100600971384,0.00654017213374878
0.00290487383866532,0.00087584302498575,0.00570291116005712,0.00716199273677447,0.00697772714886246,0.00170514883298608,0.00308323935884804,0.00648218089431781,0.0090308476610469,0.0085653648879028,0.00265838719411877,0.00435875063916574,0.00308631655603416,0.00381554583124125,0.00767319542683077,0.00387900533932243,0.00434657098501148,0.00552524024061219,0.00278180807812883,0.00654452936014007
0.00290486545143193,0.000875673791922046,0.00570550969577369,0.00716476542465038,0.0069802766808027,0.00170585609630767,0.00308002490611551,0.00647842229924485,0.00903693773698248,0.00856080500416385,0.00265902829006398,0.00435874966855546,0.00308456554157883,0.00381719576637326,0.00767901852417156,0.00387951879279997,0.00434496159588814,0.00553086510892782,0.00278076140436676,0.00654496918901176
0.00290619626885617,0.000876426721985154,0.00570299550471464,0.0071680108215049,0.00697997505018117,0.00170444778838668,0.00307784098431329,0.00647953272753179,0.00903937566475236,0.00856345243104917,0.00265818024245903,0.00436006687918062,0.00308446126979624,0.00382368196685098,0.00768499994322055,0.00388609171240543,0.00434944105695393,0.00552676371740762,0.0027835221740923,0.0065416143542889
0.00290005534896016,0.000875670893031738,0.00569730551963906,0.00715365557559088,0.00697694792093886,0.00170400598900528,0.00307372341592326,0.00647047174079586,0.00901531844442869,0.0085546129909482,0.00265331739322415,0.00435314942642994,0.003079697193668,0.00381275951935126,0.00767101174903408,0.0038740257789975,0.00433840384255819,0.00551608338336492,0.0027786670226952,0.00654023776677697
0.00290645471466451,0.000876433909882106,0.00570922920307165,0.0071678547912466,0.00698200719572129,0.00170448897412751,0.00307911500804645,0.00648054355133592,0.00903526612304339,0.00856627993075749,0.00265970073555356,0.00436496201907261,0.00308656489325091,0.00382098521846983,0.00767570073660346,0.00388252421073425,0.00434614694906216,0.00552881082996661,0.00278611147444984,0.00654761217003418
0.0029072454423083,0.000876462500744213,0.00570483739851983,0.00716546991334877,0.0069806927107529,0.00170421206306961,0.0030804388427204,0.00648138636044768,0.00903285452254417,0.00856075491794977,0.00265804898377774,0.00435845621547106,0.00308375298447808,0.0038153361107612,0.00767597116366279,0.00387878689682268,0.00434567259384532,0.00553061218514098,0.00278020960196147,0.00653756817985393
0.0029048050395033,0.000875625895707268,0.00570161084747933,0.00716256062315749,0.00697770546639144,0.00170990202844364,0.00307955549759952,0.00647570815628674,0.00903618741785616,0.00855827870712515,0.00265457436718449,0.00435625386180298,0.00308338099497068,0.00381467466270314,0.00767348129509973,0.00388029822187186,0.0043431633895494,0.00551945005133772,0.00277899441937576,0.0065400653202316
0.00290612577630377,0.000876164250509412,0.00570255612355512,0.00716477982347808,0.00697871432918869,0.00170549369068051,0.00307926034854654,0.00648127342511812,0.00902832520567376,0.00856033109759727,0.00265400785463887,0.00435600219092036,0.00308479143841197,0.00381461700731373,0.0076731674202356,0.0038808719018432,0.0043423179466562,0.00551855167895012,0.00277863061744705,0.00653883899380272
0.00290278773883767,0.000875228174676994,0.0056962965682863,0.00715774273687825,0.00697132009221701,0.00170277331700475,0.00307378852291484,0.00646809461942427,0.009023560887919,0.00855468968060525,0.00266336764042751,0.00435494187429807,0.00308317372636422,0.00381353873744246,0.00766684138655668,0.00387865824996867,0.00434095031822788,0.00551543161632146,0.0027783580923103,0.00654047653475153
0.00290021383558494,0.000875558450094376,0.00569742742598424,0.00716359983506208,0.0069746805984898,0.00170719667572331,0.00307869874361502,0.00647592398304908,0.00902503908290751,0.00855419859139775,0.002656356533881,0.00435493680797406,0.00308259144234874,0.00381373602129175,0.00766955545655214,0.00387656927587655,0.0043419761301678,0.00552292547003051,0.00277934522150726,0.00653763589808621
0.00290621054835512,0.000876168214916138,0.00570585799650026,0.00716604213294301,0.00698115571588845,0.00170554777059213,0.00307891164632843,0.00647965417703401,0.00903270367020769,0.00856166012880281,0.00265671019948804,0.00435806501253996,0.00308461514532213,0.00381652038997846,0.00767720823536921,0.00388394696907202,0.00434651481886683,0.00552191511570467,0.00278041363943762,0.00654377829827588
0.00290639071133367,0.00087597078764876,0.005705026353597,0.00716593827310362,0.00698141794918521,0.00170539219259942,0.00308152233553484,0.00648421019424891,0.00903400627075581,0.00856124628844896,0.00265755660022573,0.00435822180642067,0.00308505882510028,0.00381690445782442,0.00767558541805909,0.0038794578032248,0.00434551983211906,0.00552964671921001,0.0027811495400994,0.00654229276839976
0.00290670122380261,0.000876954912615747,0.00570275801309641,0.0071620208178462,0.00698167369716906,0.001706266949507,0.00308336973148572,0.00648222754158408,0.0090431431499005,0.00856592856541738,0.002659078628233,0.00436118417625689,0.00308598968970549,0.00381959407823359,0.00767834196591299,0.00387943794496206,0.00434599110546018,0.00552851266722895,0.00278252080751876,0.00654307286251352
0.00290604046298142,0.000875940279418072,0.00570152512433848,0.00716069017067305,0.00697749434732087,0.00170388917306051,0.00307779585483368,0.00648104202913706,0.00903138630841811,0.00856176741810111,0.0026590405002378,0.00436619617502978,0.00308816805596451,0.00381639461498566,0.00767405853351422,0.00387926017877636,0.00434833160831122,0.00553109816031375,0.00278025616621191,0.00654538972023158
0.00289881661542219,0.000875383220860334,0.00569663130957272,0.00715095151882057,0.0069677970651893,0.00170273838116535,0.00307684839872738,0.00646851904907239,0.00901869877523173,0.00855499492755455,0.00265211246855223,0.00435191723878882,0.00308077645010683,0.00381146466220271,0.00766459138349799,0.00387503987675878,0.00433916993971462,0.00551327973360974,0.00277741357534871,0.00653129989778962
0.00290493323779439,0.00087591659300164,0.00570617414433495,0.00716318218344884,0.00698111959291408,0.00170758364506645,0.00308115635066381,0.00647950720436666,0.00903145330007693,0.00856045767530532,0.0026562080301026,0.00435554378163045,0.00308533678675497,0.00381505800326918,0.00767144188155671,0.00388042966228041,0.00434692375839774,0.00552536827478982,0.00278144657090377,0.00654357244431658
0.00290204038206841,0.000876192277689936,0.00569874696145414,0.00716144038224617,0.0069711237908311,0.00170283478537036,0.00307735505175493,0.00651908145725059,0.00902887821216033,0.00856523187627841,0.00265880716688125,0.00435702804043535,0.00308551199850136,0.00381244462124849,0.00767424467771966,0.00388064378967575,0.00434199992371575,0.0055178832789301,0.00278116693901352,0.006543615363918
0.00290581761441156,0.000875016519060865,0.00569769648075077,0.00716536031587007,0.00697167617827904,0.00170377526605312,0.00307622169836958,0.00647264929276821,0.00902891078054631,0.00856138873877484,0.00265435472288702,0.00435440412960311,0.00308304859314845,0.00381274583756664,0.00767026029266113,0.0038786776834753,0.00434551595717481,0.00552039779088454,0.0027790915492874,0.00654095603080466
0.00290709045078491,0.00087609260103861,0.00570138011752035,0.00716514435393925,0.00697787079228575,0.00170424614388601,0.00307824731458747,0.00647900618892965,0.00902752311022262,0.00855745176999926,0.00265470022766703,0.00435928526801592,0.00308312548049135,0.00381680522133573,0.00767649074330172,0.0038799647172397,0.00434354209593746,0.00552062294529858,0.00277992717435831,0.00654456768844663
0.00290721112776107,0.000875837969916493,0.00570336456415217,0.00716589753570654,0.00698152721166415,0.00170510871186158,0.00308051028789739,0.00648375695576136,0.00903228723733901,0.00856157685402936,0.0026577868427636,0.00435841550669875,0.00308341947873584,0.00381612550791394,0.00767600229671793,0.00387924276990202,0.00434500027520715,0.00552835076155216,0.00278107802238841,0.00654186142758158
0.00290120245221104,0.000876128067567564,0.00570166148281517,0.00716202280636113,0.0069764922427128,0.00170529234396974,0.00307906807128126,0.00647499032957454,0.00902552903071673,0.00855703110383583,0.00265716168895247,0.00435866353249019,0.00308258630134516,0.00381378022961801,0.00767184420684593,0.00387898926558225,0.00434994171984031,0.00552435289182716,0.00277992714706112,0.00653997891699432
0.00290327170491548,0.00087516372768105,0.00569950712063408,0.00715973753782063,0.00697455217065856,0.00170320958022783,0.00307825457746491,0.00647522359338418,0.00902709703956244,0.00855575119235728,0.00265317924187277,0.00435209783169487,0.00308390993339431,0.00381452790979722,0.0076736308305807,0.00387614426152782,0.00434493322309295,0.00552021005616612,0.00278002857906898,0.00653911921613558
0.00290602983344762,0.000876103682491985,0.00570324268199572,0.00716489683953995,0.00697916525457199,0.00170607887644879,0.00307781137324076,0.0064769828828985,0.00903054265135897,0.0085689753481734,0.00265579636901056,0.00436360143199116,0.00308473831945018,0.00381802080568836,0.00767530871962117,0.00387763103768771,0.00434550458898077,0.00552231831362531,0.00277966262728634,0.00653841469635832
0.00290134737060143,0.000875295632956297,0.00569837641936664,0.0071564071109393,0.00697322054571088,0.00170272912362413,0.00307764377363702,0.00647097630785013,0.00901854860408198,0.00855092178579629,0.00265449323292926,0.004352434176816,0.00308011233488422,0.00381068429827557,0.00766755134378931,0.0038737612272831,0.00434591367389301,0.0055210414900213,0.0027775290146776,0.00653187091788248
0.00290476849443093,0.000875752553674694,0.00570309207165963,0.00716217214347596,0.00697804715436174,0.00171031101382821,0.0030770920724526,0.00647384926422991,0.00903138322463131,0.00855840486625914,0.00265353336197447,0.0043573677306046,0.00308191733104306,0.00381391728179637,0.00767275622506021,0.0038785781865763,0.00434637173086547,0.00551833068152858,0.00278169480771693,0.00654060103685254
0.00289784769450357,0.000874200881841539,0.00569053643776998,0.00715083182259852,0.0069659017012198,0.00170089498493729,0.00307197107993294,0.00646331515026995,0.00901415920044159,0.00855530531706594,0.00265014997480861,0.00434884312345848,0.00307805468968475,0.00380676492541398,0.00766119656178394,0.00387040119544379,0.00433883703463016,0.00551096006971806,0.00277567190529668,0.00652754919424529
0.00290133526220844,0.000874747282388866,0.0056986676610642,0.00715875211653975,0.00696956749561564,0.00170302007833356,0.00307805228642362,0.00647077550677555,0.0090318366730548,0.00855274870942037,0.00265300554008421,0.00435308042986418,0.00308106972864833,0.00380898543832159,0.00766709756008069,0.0038735406493361,0.00433923421465294,0.00552081028242429,0.00277903694462282,0.00653456126241563
0.00290671591493824,0.000876362651305551,0.00570599559250448,0.00716219087835318,0.0069827046949004,0.0017058889395915,0.00307925398672898,0.00647894830423853,0.00903203088458248,0.00856601606615328,0.00265899219478192,0.00436139368130836,0.00308478320955495,0.00381681919976141,0.00767897045860918,0.00388178267647116,0.00434637827582729,0.0055306737839565,0.00277917470526797,0.00653845028929545
0.0029051940199654,0.000876050357947816,0.00570384898981015,0.00716593198775834,0.00698056356219689,0.00170447014049538,0.00308177791535304,0.0064771977330086,0.00903528494949617,0.00857159689261938,0.00265933250151719,0.0043587459739173,0.00308426394423293,0.00381670076498401,0.00767578681654705,0.00387848953867552,0.0043443568420045,0.00552644555282109,0.00278022091225317,0.00654176747753813
0.0029074284270673,0.000876507103846759,0.0057051910925559,0.00716600019698287,0.00698189720134438,0.00171170166149377,0.00307976385778972,0.00648020700949201,0.00903813739687231,0.00856189464394038,0.00266693253055625,0.00435886003009875,0.00308364958915001,0.00381673344555427,0.00767545190771982,0.00387961765377232,0.00434536168435305,0.00552172854356853,0.00279185428213697,0.00654347741924258
0.00290917232379842,0.000876638721792288,0.00570707784489706,0.00716924782592364,0.00698306891387111,0.00170509572245824,0.00308319266310208,0.00649048109773276,0.00903279170164791,0.008566266179554,0.00265609295240993,0.00435916932097243,0.00308484302087871,0.00382335200064314,0.00767703651158507,0.00388248438993929,0.0043526941119758,0.00553118947842801,0.0027813167927095,0.00654336332774609
0.00290377687785941,0.000875400092857462,0.00569948981551151,0.00715588565164734,0.0069693727856872,0.00170595636322412,0.0030784874220946,0.00647398367360516,0.00902451936071309,0.0085578666304702,0.00265675805618349,0.00435492277885162,0.00308191002445592,0.00381443134776463,0.0076724785753949,0.00387584734560831,0.0043402602813441,0.00551935147204179,0.00277867212136333,0.00653357374076061
0.0029057669332371,0.000876240504658088,0.00570206343292348,0.0071657145846593,0.00698316784472385,0.0017056421569482,0.00307855142417893,0.00647919250291734,0.00902287200054204,0.00856851298801697,0.00265621934166654,0.00436298696270309,0.00308446416454556,0.00381601989368752,0.00768136777996932,0.00388395835431002,0.00434594891533913,0.00552258906546312,0.00278101615553293,0.00654294534499792
0.00289932064006883,0.000875655484983103,0.00569766377112941,0.00715852856928857,0.00697639420839458,0.00170327162359011,0.00307573335477815,0.00647291572975449,0.00902151493661136,0.0085543590828255,0.00265202161682141,0.00435281923900554,0.00308085303729501,0.00381177104172636,0.00767051406560596,0.00387564834090139,0.00433973778229481,0.00551753227757439,0.00277761745450511,0.00653721437320624
0.00290682488357946,0.000876674089994086,0.00570811730588323,0.00716518660451675,0.0069855562245855,0.00170651927949827,0.0030775976388247,0.00648693616226241,0.00903010425338846,0.00857363179210544,0.00265894881950641,0.00435890642549609,0.00308379111284913,0.00381797795722511,0.00767895135528628,0.00387963236945705,0.00434510119225993,0.00552751547513224,0.00278082563767681,0.00655193158289171
0.00290508117456838,0.000875708778177674,0.00570056422935031,0.00716159560689465,0.00697629714906512,0.00170644849738351,0.00307604634999439,0.00648307946349022,0.00902515370778831,0.00856236232887507,0.00265379089601842,0.00435613544288792,0.00308701765393478,0.00381728253610317,0.0076724897094251,0.00387633937084539,0.00434302054602807,0.00551781440082022,0.00277889958478519,0.00653776740264163
0.00290499412978506,0.000875489847674436,0.00569971065021558,0.00715710166033801,0.00697376851215809,0.00170382685102684,0.00307577048099361,0.00647342532261685,0.00902280576123345,0.00854848241886762,0.00265559119997803,0.00435578197847145,0.00308574127143175,0.00381501010780383,0.00767282031404323,0.00387499872410051,0.00434124450858654,0.00551544802105042,0.00278119324843024,0.00654508244926364
0.00290009939511151,0.000874609522201528,0.00570098953170878,0.00715813981181463,0.0069780710867467,0.00170279494237771,0.00307531271489937,0.00647181091956634,0.0090231499353931,0.00855667977556445,0.00265114782065606,0.00435540635411164,0.00308020541026149,0.00381198999173247,0.00766978308753355,0.00387597645688335,0.0043422041428126,0.00551325076297089,0.00277739510839664,0.00653567854761119
0.00290637292045572,0.000876230722625864,0.00570613537580923,0.00716738105971476,0.00698191621496368,0.00171053301876718,0.00307954966536226,0.00648153783320377,0.00904026414281077,0.00856494028840316,0.00265577877318913,0.00435726424430609,0.00308518302161188,0.00381797355147154,0.00767314386190955,0.00387970244613612,0.00434957923175121,0.0055202664330799,0.00278125435442428,0.00654280444116057
0.00290484744723368,0.000875166629568833,0.0057012518950266,0.00715795187754458,0.00697627920269473,0.00170277888509202,0.00307596426970295,0.00646904198675455,0.00901855528780756,0.00855683284141324,0.00265220765766834,0.00435165150286329,0.00308069139444826,0.00381993534285889,0.00766780822146258,0.00387643193947852,0.00434209465786776,0.00551602348747584,0.00277755419991875,0.00653774355802394
0.00290190765416788,0.000874811863000007,0.00569586618039902,0.00715747500438512,0.00697454923489828,0.00170224681496053,0.00307406857093322,0.0064694266594624,0.00901717565108578,0.00854891223788534,0.00265301244567524,0.0043513024230311,0.0030824310820954,0.00381025106872996,0.00766965953789415,0.00387483997929177,0.00433807054449266,0.00551487626549272,0.00277705160059689,0.00653653562072853
0.00290429363573423,0.000876412561433742,0.00570217706154079,0.00716531227605467,0.00698288679292978,0.00170540227445613,0.0030790752093903,0.00648091992820325,0.00903496645089898,0.00856266432030893,0.00265775516025072,0.00436025662809116,0.00308669548356061,0.00381454631245061,0.00767619641256239,0.0038837198025544,0.00434770533047966,0.00552703734327258,0.00278011686464708,0.00654022544628366
0.00290368494725128,0.000876541244884147,0.00570242550478242,0.00716557576214587,0.00697926913055813,0.00170628843267914,0.00308443942403942,0.00648005764625065,0.00903265758701644,0.0085615779815981,0.00265807592514266,0.00435908760797015,0.0030862934208328,0.0038184647193592,0.00767776282526641,0.00388118948949751,0.00434591295101095,0.00552889825195363,0.00278338761882484,0.0065425498704354
0.00290253716687502,0.000876905488443999,0.00570691227384453,0.00716761850443147,0.00697830314218867,0.00170530143229108,0.00308184011699657,0.00648085004501043,0.00903807220458264,0.00856374069271331,0.00265985447215854,0.00436020194080408,0.00308601795205927,0.00381861708556815,0.00767641227870581,0.00387969656629932,0.00434811978596024,0.00553271870885444,0.00278219476918919,0.00654415848565019
0.00290792559330154,0.000876234036180528,0.0057068115830236,0.00716714343956073,0.00698494082056338,0.00170627081004121,0.00308329782505908,0.00648264844075052,0.00903707585131081,0.00856279920977594,0.00266017272570948,0.00436531253063352,0.00308552785743254,0.0038171072992176,0.00767920601031702,0.0038814020045264,0.00434942622298628,0.00552166540295761,0.00278067343803277,0.00654174197420577
0.00290403894352583,0.000876218243662992,0.00570508472567799,0.00716786839022596,0.00698012192048623,0.00170513920384884,0.00308114650036203,0.0064808222156613,0.00903265908933564,0.00856452025824976,0.00265878725053191,0.00435872230145884,0.00308294213907918,0.00381600834431202,0.00767474417034713,0.00387890868616512,0.0043440885252396,0.00552898497008234,0.00278102969250874,0.00654220962274964
0.00290720532907282,0.000876210482391821,0.00570298709897627,0.00716083874016999,0.00697899731305716,0.00170423063908887,0.00307890920699423,0.00647556048962185,0.0090318863362321,0.00856112176765762,0.00265623203209505,0.00435758659473775,0.00308309398819707,0.00381481663264571,0.007673724774715,0.00387957741528522,0.00434454786563139,0.00552831134959654,0.00277934821542479,0.00653993569300062
0.00290873277544496,0.000875862309952522,0.00570399758051584,0.00716252971542549,0.00697764307203801,0.00170777651313284,0.0030783450753026,0.00647659249699275,0.00902648077832635,0.00856164960652045,0.00265644823766623,0.00436422014936063,0.00308398455493594,0.00382271079395962,0.00767931246890669,0.00387878290632196,0.00434537991337503,0.00552928509968407,0.00278358237781856,0.00654422574477935
0.00290052285226897,0.00087560199913392,0.00570080123146014,0.0071605985549557,0.00697431676178283,0.00170276897137716,0.00307565192255552,0.0064732147680318,0.00901882208115422,0.00855407426891273,0.00265304070705441,0.00435465435866188,0.00308099761046472,0.00381262039995714,0.00767207150718805,0.00387833195815849,0.00434017327917866,0.00551679097020607,0.00277906194320185,0.00653936821227453
0.00290707980970497,0.000876304764461167,0.0057043620983198,0.00716429417779054,0.00698133476508971,0.00170486069489063,0.00307852937525189,0.00648049942467402,0.00904104624451668,0.00856578803003241,0.00265895823222846,0.00436681044399815,0.00308456199978602,0.00381788943656334,0.0076761115222195,0.0038794777195034,0.0043460153087424,0.00552206303570943,0.00278113347390578,0.00654521575628989
0.0029066826002301,0.000875848198267132,0.00570230438949219,0.00716659360819865,0.00697665637044349,0.00170347704381426,0.00307535389271131,0.00647529022861481,0.00902696532367636,0.00857146623438101,0.00265597248171673,0.00435758542304084,0.00308254302447103,0.00381924612615007,0.00767420415239676,0.00388366239592809,0.00434802678793663,0.00552575086900836,0.00278247146055978,0.00654285680959628
0.00290433238398799,0.000875485557413165,0.00570273338510252,0.00716199450329948,0.00697711148513686,0.00170470932241415,0.00307601654108497,0.00647168213594117,0.00902611820477012,0.0085559687912062,0.00265453936623214,0.00435670666714919,0.00308472361500937,0.00381267175953893,0.00767383421937737,0.0038758116127392,0.00434657547654063,0.00551709552278997,0.00277799919593761,0.00653620884684712
0.00290579933793567,0.000876162111292539,0.0057047661201191,0.00716489207148659,0.00698180872312242,0.00170428930034739,0.00308138239173011,0.00647503794085131,0.009029797054007,0.00856177419067312,0.00265526155181076,0.00435907279010328,0.00308418640167012,0.00381586613776152,0.00767303874102054,0.00387809092452202,0.00434543171595296,0.00552215828301336,0.00278031384247373,0.00654855106816566
0.00290869725165066,0.000876229411955635,0.00570618866821251,0.00716474738367156,0.00698326072653729,0.00170617196570107,0.00308044658793621,0.00648613317861488,0.00903368723363291,0.0085606257444238,0.00265645603786417,0.00436505384776206,0.00308922051209731,0.00382211816424239,0.0076785471096352,0.00388823241415524,0.00434629971260063,0.00552357475763863,0.00278491750172995,0.00654598939826352
0.00290380980017653,0.000876806551783991,0.00570651739323269,0.00716854528363126,0.00698517709142682,0.00170953971397083,0.00308765948283119,0.00647825647963702,0.00903274716099813,0.0085609231868563,0.00266478164783386,0.00437208446821212,0.0030848905778794,0.00383013493556928,0.00767776934397761,0.00389067920117423,0.00435039733473776,0.00552561096025135,0.00279084194341569,0.0065427961565796
0.00290901186295289,0.000875828004356983,0.00570033170326738,0.00716348259261907,0.00697958733286946,0.00170428754944078,0.00307661320031916,0.00648690587823245,0.00903134662856545,0.0085617251205726,0.00265899192881175,0.00436410105412259,0.00308369873754068,0.00381633697166911,0.00767521013718952,0.0038791874467574,0.00434427178912913,0.00552005247399829,0.00277949847588986,0.00654148906489662
0.0029052072519428,0.000875651439569891,0.0057076111416094,0.0071687761238823,0.0069776369071263,0.00170600675785826,0.00308164441237019,0.00648328191751828,0.00903598195666786,0.00856709476776879,0.0026597254079831,0.00436053887910174,0.00308589188861724,0.00381850919708037,0.00767796967500048,0.00388047752211728,0.00434693427563234,0.00553132779056572,0.00278153704520607,0.00654635000109292
0.00290417632855903,0.000876255805361868,0.00570647162833515,0.00716145425098745,0.00697653965285201,0.00170404730269096,0.00307671621133843,0.00647935071874752,0.00904741685565343,0.00856735623747432,0.00265417381289281,0.0043593727934,0.00308296919843097,0.00382032103456089,0.00767704201047162,0.003878360861132,0.00434948214447426,0.00552030921896207,0.00278073689620194,0.00654696560889006
0.00290531272837877,0.000875923560891551,0.00570055199933456,0.00716372846431257,0.00698156158394643,0.00170416681851007,0.00307652844255988,0.00648128022395573,0.00902636230627583,0.0085570102929841,0.00265554387055571,0.00436034301994173,0.00308273183817759,0.00381414321757429,0.00767233108483601,0.00387797830430932,0.00434765042782082,0.00552000594148698,0.00278162626259022,0.0065466347500397
0.00290388634799446,0.000875992863092844,0.00570854806887411,0.00716546943443804,0.00698004712771052,0.0017053338992687,0.00308040164713114,0.00648178129896092,0.00903483583371375,0.00856532049171364,0.00265784054666273,0.00435904919641342,0.00308413478935301,0.00381732660612093,0.00767635306408441,0.00388006373195377,0.00434788926519168,0.00552940307114429,0.00278089501025557,0.00654270679060465
0.00290352570817329,0.00087649138623052,0.00570405492262172,0.00716391706179965,0.00698110876156695,0.00170459118254645,0.00307906243194384,0.00647791945747799,0.00902145980178778,0.00856843561701314,0.00265639854877109,0.00435822418611865,0.00308174365443595,0.00382346464860733,0.00767810782882774,0.00387895609870416,0.0043447172162092,0.00552524686756194,0.00278041856646284,0.00653605442923729
0.00290005785835234,0.000875527838251071,0.00570022310748956,0.00716161354647987,0.00697797551947671,0.00170488994757851,0.00307741880497795,0.00647576253928546,0.0090259494828823,0.00856254230848614,0.00265323028180886,0.0043555827202254,0.00308249515511094,0.0038128076832791,0.0076721061280053,0.003876510806939,0.00434375012563958,0.00551564546663721,0.00277876153402652,0.00653750989218031
0.00290061291141778,0.000875384041845198,0.00570024735460275,0.00715726524662499,0.00697506387669311,0.00170316748279154,0.00307673354063353,0.00647515083089551,0.00902378681618117,0.00855283152740022,0.00265446945346323,0.00435366966028016,0.00308071636469337,0.00381151716290264,0.00766279518869612,0.00387494289217362,0.00433945777135238,0.00552316725420195,0.00277753694223586,0.00653564349788083
0.00290762510081944,0.000876537382521821,0.00570017893697702,0.0071637974961002,0.00697691684647921,0.00171880157041548,0.00307845647276166,0.00647614761781415,0.00902417296977983,0.00855952881765853,0.00265952990893082,0.00435758207112577,0.00308357745089148,0.00381631033426812,0.00767207360036179,0.00388052610871401,0.00434739353814478,0.00552209522091643,0.00278112701207073,0.00653906642577075
0.00290637264605926,0.00087564323784184,0.00570368011290815,0.00715642478031122,0.00697333917453524,0.00171260192955845,0.00307765700012389,0.00648321291408173,0.00902946100732907,0.00855976809589399,0.00265897263092833,0.00436412354524205,0.00308415908781458,0.00382092177520738,0.00767384407322231,0.00388117109656266,0.00434868306876889,0.00552320771028676,0.00278289047538051,0.00653912121094406
0.00290234848252821,0.000874923849072889,0.00569943359326542,0.00715583493390367,0.00697397790771937,0.00170343609072571,0.00307474966031493,0.00647642660304163,0.00902532584796714,0.00855777702323865,0.00265380747490848,0.00435604968737343,0.00307996189473216,0.00381617433428647,0.00766718947671604,0.00387657022645624,0.00434591435060999,0.00552184439760786,0.00277813447477199,0.00653870035551561
0.0029024790286399,0.000876052046814672,0.00570478950007038,0.00716486280341859,0.00697911007785057,0.00170434913980044,0.00307664177856623,0.00647916396538636,0.00904829283345503,0.00856134214596409,0.00265455328927367,0.00435682098371996,0.00308355682022243,0.00381538628944117,0.00767307467515233,0.00387845481843455,0.00435256158019706,0.00551950681118617,0.00278027232349222,0.00654297076203033
0.00290449258388742,0.000875567998539835,0.00570253877205682,0.00716211031822731,0.00697645915352915,0.0017046743982503,0.00307601193134521,0.0064755152575905,0.0090292606812048,0.00856290680669236,0.00265445206254348,0.00435888824438393,0.0030808220445406,0.00381612630003843,0.00767724772568113,0.00387780976916669,0.00434676333633426,0.00552003326077799,0.00277841800645412,0.00653698796364273
0.00290732179142405,0.000876248301823341,0.00570387608282268,0.00716655795177987,0.00698094501293171,0.00170666269477457,0.00308117176344114,0.00647882569720714,0.00903448203914472,0.00857381464743816,0.00265566061180953,0.00435800916364832,0.00308805794569183,0.00382125909011945,0.00767624752731237,0.0038793352039916,0.00435130067586772,0.00552790095956322,0.00278373563698292,0.0065500592870046
0.00290434871201104,0.000876232720262137,0.00570521829821554,0.00716832215330473,0.00698306456938813,0.00170613944376696,0.00308369176298082,0.0064810179089677,0.00903438116665057,0.00855932908862781,0.00265880098646554,0.00435888263759181,0.00308588516755964,0.00381701083236277,0.00767957129319155,0.0038815810329584,0.00434832540215385,0.00552786462864159,0.00278145289581648,0.00654299153966983
0.00290471119462632,0.00087539917842649,0.00570169613810591,0.00716242144956386,0.00697606010246949,0.00170565490664668,0.00307899935335872,0.00647464903714439,0.00904017909231718,0.00856425864697784,0.00265437642924552,0.00436012821827502,0.00308324798040824,0.0038149491501491,0.00767032549196613,0.00387618251273132,0.00434679381591459,0.00552256307036393,0.00278153589579322,0.00653894451827243
0.00290107636212377,0.000875848282940748,0.00570153352981863,0.00716152959669489,0.00697754817009949,0.00170394329397644,0.00307719706976955,0.00647494581888679,0.00902607103896394,0.00855754011203388,0.00265376505767645,0.00435567237725408,0.00308339952910221,0.00381474725220553,0.00767078045397816,0.00387807995253196,0.00434205000485159,0.00551718713145267,0.00277917673222961,0.00654004960344998
0.00290026915328275,0.00087540548581324,0.0056997285916631,0.0071569607196223,0.00697252701831051,0.00170271677480855,0.00307369052367284,0.00647129981342721,0.00901974627706579,0.00855219058128434,0.0026527146577796,0.00435226399979858,0.00308128302389534,0.00380963611196565,0.00766745835869206,0.00387408838362858,0.00434064543643999,0.00551341427724538,0.00277737603109301,0.00653550017247254
0.00290710914161041,0.000875856419546575,0.00570487822747903,0.00716143467965492,0.00698305054674496,0.00170650499962054,0.00308144205234333,0.00647815236903849,0.00903387349568834,0.00856531617111576,0.00265954276203546,0.00436035586044537,0.00308425352945529,0.00381754886940678,0.0076757129608981,0.00388337583337515,0.00434733952792273,0.00552762265475751,0.00278150809700422,0.00654409182577294
0.00289784649799331,0.000874169856745767,0.00569362314265367,0.00714883000614447,0.00696883686870732,0.00170242894567313,0.00307238193747832,0.00646701138819159,0.00901630756035198,0.00854877093591421,0.00265109501761891,0.00434942201744546,0.00308005142298673,0.00380974159698133,0.00765890736578952,0.00387145952638316,0.00433540423009059,0.0055110220514094,0.00277546540414342,0.00652982316739927
0.00290511769792508,0.000877082735586511,0.00570420530681542,0.00716343757213902,0.00698547546963608,0.00170593680230205,0.00307774331751977,0.00647893518125198,0.00904091100877343,0.00856738011836355,0.00265470768165577,0.00436043579378981,0.0030835892182508,0.00381694282930569,0.00767416884650556,0.0038772610258425,0.00435011330651135,0.00552570401776563,0.00278109676896294,0.00654765966229707
0.00290695528607646,0.000876899248995941,0.00570751224655487,0.00716376923613305,0.00698040895536225,0.00170587919005367,0.00309232749841645,0.00648386862611601,0.00903686293069228,0.00856742703174498,0.00265832172096407,0.00436062622925483,0.00308743476477538,0.00381867492763207,0.00768197847120146,0.00388207768430993,0.00434892478280228,0.00553030724040902,0.0027826767487856,0.00654980901386845
0.00290530070352287,0.000875732914227421,0.00569923973822633,0.00716050032214282,0.0069814073800461,0.00170532280295146,0.00307672386480118,0.00647972944838893,0.00903118636360824,0.00855870891324545,0.00265417437642181,0.00435868952767235,0.00308387113523067,0.00381525516122819,0.00767086571889154,0.00387612260290369,0.00434532796249321,0.00551717613441568,0.0027790499809644,0.0065392804707195
0.00290228665239237,0.000875874379031008,0.0057043334681534,0.00716542247912127,0.0069802508676001,0.00170437049216935,0.00307895089358408,0.00647647729318944,0.00902832931960193,0.00855786919919282,0.00265407213521637,0.00435954750681822,0.0030833645218133,0.00381521559501128,0.00767594778879246,0.003876472729452,0.00434586908123495,0.00551904888390941,0.00277945430978386,0.006540469260396
0.00290205939890089,0.000876452746074377,0.00570565654538444,0.00716810026008049,0.0069813793994029,0.00170579226650997,0.00308041821391424,0.00648029212203487,0.0090323418452158,0.00856097335219558,0.00265762222448584,0.00435861185621151,0.00308393919289476,0.00381609561843439,0.00767689747139721,0.00387970280246206,0.00434599848132513,0.00552845347920159,0.00278058067345499,0.00654404985227157
0.00290167530737347,0.000875619160666235,0.00570013798068706,0.00716296164390911,0.00697609852203117,0.00170362761686127,0.00307797518953483,0.00647662622321123,0.00902471463575227,0.0085578675661262,0.00265552477148271,0.00435575064118787,0.00308156758777647,0.00381335053847666,0.00766907394578959,0.00387420723411596,0.00434145711107407,0.00552508032547903,0.0027786125639163,0.00653638895146041
0.00290298164441988,0.00087601709296046,0.00570203029766404,0.0071637631177569,0.0069802927893109,0.00170428522113522,0.00307785085560277,0.00647763317956222,0.00902399613120282,0.00855865030842816,0.00265634920558854,0.00435645631488821,0.0030830412567559,0.00381395418300324,0.00767184529790413,0.0038773648458543,0.00434330416769582,0.00552472300470603,0.00277903713091603,0.00653764547573026
0.00289997891945301,0.000875745930408611,0.0056994035627658,0.00716047747791811,0.00697758032875147,0.00170476769492994,0.00308043316043121,0.00647351819886605,0.00902869805579872,0.00855261114815392,0.00265639311417862,0.00435690754787465,0.00308228299714698,0.00381233350444032,0.00766850561960358,0.00387714472920294,0.00434321418027534,0.00552456731726573,0.00277912096172137,0.00653549244591741
0.00290729557801703,0.00087632577385082,0.00569834927836032,0.00715891136669997,0.0069758346336886,0.00170319814097076,0.00307751896833764,0.00647700241425443,0.00901712516998761,0.0085726741640186,0.00265407671436704,0.00435992556316977,0.0030818076375056,0.00381344967531845,0.00766788020623685,0.0038839049523734,0.00434689949452004,0.0055174902402131,0.00277741529279138,0.00654287262173392
0.0029021231972651,0.000875440960043229,0.00569972121433331,0.00715918902683685,0.00697769068935286,0.0017045360891248,0.00307871401523605,0.00647487631799665,0.00902388213282503,0.00855854312142454,0.00265448882349309,0.00435580136759868,0.0030806820129033,0.00381367383878269,0.00766759600772316,0.00387627511281879,0.00434210364207141,0.00552117300765969,0.00277942311082503,0.00653656505921787
0.00290375189613651,0.00087550729852584,0.00569965964076979,0.00716211444469943,0.00697593173263599,0.00170314265884496,0.00307547724780481,0.00647201575740775,0.00902297473324809,0.00856271168908704,0.00265424488000446,0.0043555901324547,0.00308310736175997,0.00381316956647211,0.00767066323629983,0.00387885411370406,0.00434263082889899,0.00551641627835901,0.00277898416192043,0.00653686734122309
0.00290333875626167,0.000875861578219253,0.00569729432772629,0.00715571875830893,0.00697592276174923,0.00170688987209045,0.0030809898554689,0.00647151773847815,0.00902739617915403,0.00855851464547666,0.00265634985661404,0.00435512625569866,0.00308298535030111,0.0038148199225574,0.00767212754164887,0.00387450362261121,0.00434170015217187,0.00551823413870163,0.00277925689529065,0.00653736941098032
0.00290186021433564,0.000875893396706474,0.0057045516943762,0.00716693904524785,0.00698055046854834,0.00170493040559462,0.00307882460691903,0.00647611025853073,0.00903216693804738,0.00856421623035915,0.00265637168181471,0.00435848641950709,0.00308373799489186,0.00381567951507786,0.00767491035275112,0.00387855082119383,0.0043477629562172,0.00552641516113036,0.00278023147115363,0.00654355240911888
0.00290082448642483,0.000875181205301266,0.00569784238312895,0.00715961282617105,0.00697286390731993,0.00170400656568885,0.00307741073180207,0.00647956647005566,0.00901792108388394,0.00855937427605519,0.00265847333745844,0.00435441768609471,0.0030862478964661,0.00381643172176062,0.00767816517420684,0.00388096807605114,0.00434655063976952,0.00551825863703889,0.00280626145269487,0.00654425594761178
0.00290206617598507,0.000875567802425449,0.00570294540608307,0.00716605256391708,0.00697839971923221,0.00170466926686002,0.00307971193813683,0.00647685981802578,0.00903213134548232,0.00856252664568738,0.00265566050440116,0.00435774740520684,0.00308784126611228,0.003815931853124,0.0076724505649769,0.00388164506196402,0.00434635051618479,0.00552271844031461,0.0027820887296417,0.00654079390595725
0.00290384075955205,0.000876781745450055,0.00570901803642814,0.00717140833435261,0.00698277752842148,0.00170622083512411,0.00308214968293696,0.00648526420729368,0.00903675234186921,0.00856623452371905,0.002658986770642,0.00436110329391352,0.00308581307311016,0.00381908466245099,0.0076778140445152,0.00388121365483827,0.00434502847112214,0.00553212192684748,0.00278063723157651,0.00654399682249375
0.0029037016284189,0.000874921751564301,0.00569539837468742,0.00715508620026605,0.00696951814869765,0.00170442627185594,0.00307280831086365,0.00646853062158665,0.00902020998410866,0.00855452496205638,0.00265110948641159,0.0043517630602338,0.0030798740798032,0.00381120580858677,0.00766138127696019,0.00387272964018493,0.00434418293557614,0.00552120964984149,0.00278096327819546,0.00653234882080542
0.0029016315645556,0.000875064030476931,0.00570063880468669,0.00715811754610894,0.00697339594183859,0.00170300522346322,0.00307736929959029,0.00647224833346866,0.0090291210158995,0.00855422867935913,0.00265497762784679,0.00435243039209993,0.00308116688140149,0.00381191699199368,0.00767144977205956,0.00387456801445401,0.00433916038371509,0.00551709385181209,0.00277871568135037,0.00653172895324775
0.0029054911318498,0.000876199205419901,0.00570217278758109,0.00716837248836875,0.00698140555979274,0.00170997385254301,0.00307856786024253,0.00647979681788628,0.00903034361668122,0.0085689557568605,0.00265488161741536,0.00435783313894884,0.00308460310097501,0.00381373088424649,0.0076740427510978,0.00387691809588139,0.00434695342090344,0.00552560965932674,0.00278184637925807,0.006545746346017
0.00290707515189947,0.000875086911638306,0.00570198632956558,0.00716264832535908,0.00698101760204152,0.00170341727570645,0.00307606002155237,0.00647613995961239,0.00902193817121476,0.00855342064946667,0.00265379217935565,0.00436287936541529,0.0030815248584652,0.00381885902773801,0.00767300812745234,0.00387546728846165,0.00434195923353234,0.00552214153999822,0.00278086369556771,0.00654724763208416
0.00290296466281948,0.000875945165631966,0.00570277592139166,0.00716068101019194,0.00698144680657911,0.00170508951876362,0.00307932599996399,0.00647584151553258,0.00903743847669637,0.00856513777667685,0.0026569385950207,0.00435966182530287,0.00308364044764419,0.00381376503250408,0.00767448801817082,0.00387768908078803,0.00434721958170582,0.00552585883553577,0.0027811613868833,0.00653950042043837
0.00290123086782039,0.000875191550617196,0.00569816112907527,0.00715841184456571,0.00697067216365191,0.0017037244611541,0.0030770041946707,0.00647299091629963,0.00902320103829016,0.00855252048606519,0.00265569985342071,0.00435454936171842,0.00308224625003442,0.00381276202868266,0.00766743787685078,0.00387476373611858,0.00434273170491705,0.0055227223470265,0.00277872162666639,0.00653605881074052
0.00290350942535749,0.000875313819672046,0.00569445394401482,0.0071514911629796,0.00696988463479332,0.00170449302073728,0.00307546272518341,0.00646919888940149,0.00901335142820317,0.00855459550083152,0.00265205259054197,0.00435338818031911,0.00308047821439928,0.00381254289253302,0.0076647147870735,0.00387678678628486,0.00433866772285382,0.00551358989585933,0.00277621736746321,0.00654233598933738
0.00290532683228695,0.000876500962854521,0.00570538233624894,0.00716656316383066,0.00698122483955049,0.00170525558998758,0.00308105104624432,0.00648001418122539,0.00903770485959863,0.00856260653552476,0.00265677636358822,0.00435891411898804,0.00308626616408768,0.00381737215388191,0.00767849883452572,0.00388094968590835,0.00434681133585996,0.00552978249700934,0.00278066458126558,0.00654587970126432
0.00290262217807301,0.000875894705823433,0.00570148596113353,0.00716310641951135,0.00697768586681309,0.0017048086707917,0.00308330907893431,0.00647554465995237,0.00902629373322314,0.00856004615426592,0.00265642358725405,0.00435716790152063,0.00308226416802478,0.00381401212412877,0.00767240479069876,0.00388010353335209,0.00434456555214733,0.00552287795227102,0.00277865187089559,0.00653886867418473
0.00290438086609839,0.000874949244606578,0.00569691535587934,0.00715620763644115,0.00697119193751483,0.00170209026645905,0.00307357781931699,0.00646965967418688,0.00902056090002926,0.00856066413856441,0.00265281470783802,0.00435390469252888,0.00308443591973961,0.00381599045760627,0.00766671591578615,0.0038730477847783,0.004339041008967,0.00551292638416573,0.00277614337753221,0.0065372131875394
0.00290750384561401,0.000875835988435721,0.00570341157755918,0.00716440251713193,0.0069788808064215,0.00170647849332459,0.00307649278925142,0.00648433175810029,0.00902838756894656,0.00855869693958114,0.00265500782260137,0.00436788994821723,0.00308390324918407,0.00382661059997345,0.00767158552999552,0.00388472916556696,0.00434771177751654,0.00552113318953252,0.00278434125451849,0.00654234224087598
0.00290298574191091,0.000876699350984823,0.00570242306631908,0.00716670044057272,0.00698337248904158,0.00170505191051883,0.00308023842065127,0.00647627903718468,0.00903048465871658,0.00856140949163682,0.00265775761915223,0.0043594639845186,0.00308345551351006,0.00382132329217893,0.00767176062491309,0.00388025116728163,0.00434532037253439,0.00552600612180941,0.00278092760184848,0.00654035826773776
0.00289959768681289,0.000875263523040089,0.00569696681447101,0.00715611405116477,0.00697154907394887,0.0017150379913768,0.00308188637942211,0.00647364295801066,0.00902138841742451,0.00855064940444203,0.00265908962512274,0.00435809092809434,0.00310203816754262,0.00383811970417195,0.00766569516674045,0.00387893586836956,0.00436496924834839,0.00552288525755645,0.00279340463314293,0.00657277827725982
0.00290478216706726,0.000874294101924531,0.00569484378629893,0.00715599392526271,0.00697434008925481,0.0017098591828505,0.0030717235291081,0.00646976164756793,0.00901881401024239,0.00854418447533575,0.00265053633186796,0.00435187249331746,0.00308088281201848,0.0038067884511868,0.00766867411066501,0.00387912031967115,0.00433744487997122,0.00550755888613934,0.00277368541574151,0.00653482571309655
0.00290305033102056,0.000876398078284878,0.00570456463194369,0.00716507280439444,0.00697841137435156,0.00170788973028832,0.00307714790252653,0.00647717820855924,0.00903088634161463,0.00856214609551476,0.00265507446339318,0.00435705219068039,0.0030836864150063,0.00381616018134678,0.00767736697840209,0.00387844828174099,0.00434507500626389,0.00552073312459058,0.00277951175336464,0.00654085756913013
0.00290427988913071,0.00087538334156949,0.00569911205340546,0.00715640798431142,0.00697569533378041,0.00170296793749236,0.00307527971927765,0.00647265761492104,0.00902341197844958,0.0085550626044494,0.00265596547891003,0.0043547186728291,0.00308062866771569,0.00381202509192181,0.00767140253174379,0.00387725282479107,0.00433766235621871,0.0055175923226129,0.00278061663850657,0.00653479643296687
0.00290621969256805,0.000876165458759716,0.00570516777091454,0.00716626618295387,0.0069818258530079,0.00170583597211738,0.00308281727098382,0.0064843722129129,0.00904108771303242,0.0085720053023014,0.00265914152881504,0.00435903842808313,0.00308360546140102,0.00381969494092439,0.00768454070834624,0.00388574830622709,0.00435013599144711,0.00552088191447254,0.00278232901995366,0.00654276320361036
0.00290508397395359,0.000875314649423832,0.00569508437005234,0.00715690293244379,0.00697200813195651,0.00170227763554242,0.00307533937472675,0.00646902144788577,0.00902260725923532,0.00855597787207079,0.00265154262848185,0.00435241580200446,0.00308038865738654,0.00381941394394149,0.00766646849107569,0.00387380792633656,0.00433880019722019,0.00551421670989801,0.00277667635627557,0.00653617803588399
0.00290613022993822,0.000876318510440175,0.00570525908366737,0.00716863124148446,0.00698395433638483,0.00170613917790209,0.00307930986879522,0.00647901221721484,0.00903632223759647,0.00856078000890945,0.0026580070215529,0.00436265184731787,0.00308454298900916,0.00381716168632323,0.00767694932938582,0.0038791630387659,0.00434681876862043,0.00552347315660689,0.00278147525973371,0.0065443578718415
0.00290575874462775,0.00087622917465551,0.00570562185885605,0.00716813761588331,0.00698060611418285,0.00170638296084142,0.00308071656161536,0.00648152294008467,0.00903683056875226,0.00856340856147652,0.00265740787812416,0.00436084935471085,0.0030843056150698,0.00381799255148193,0.00767783095195415,0.00388035617783012,0.00434719114712448,0.0055311041526807,0.00278277246915932,0.00654243334826477
0.00290687406352018,0.000876068753479141,0.00570473965820468,0.00716821278222037,0.00698395693763325,0.00170408482952232,0.00307806981278479,0.00648318153423643,0.00903190870823576,0.00856288286033827,0.00265518313858676,0.00435682894948773,0.00308602392480958,0.00381957730177576,0.00767621792967505,0.00387926043973023,0.00434614797834538,0.00552159064449817,0.0027820617443753,0.00654867643584778
0.00290414533461709,0.000875679826515218,0.00570152864432212,0.00715633424685542,0.00697520373736645,0.00170345357358123,0.00307553448791597,0.00647461025968226,0.00902726743309346,0.00855852371130824,0.00266646842558062,0.00435943713146228,0.0030861265829573,0.00381782219566993,0.00767050312806451,0.00387611223469673,0.0043426273562265,0.00551753657700315,0.00277874422006288,0.00653362094497519
0.00290254597022449,0.00087607854326176,0.00570374666131661,0.00716286718905168,0.00697861143704562,0.00170434750093089,0.00307715908897784,0.00647697260760581,0.00902771736613271,0.00856162534216376,0.00265450080584015,0.00435694940795922,0.00308318147296878,0.00381587232231617,0.00767570180077285,0.00387889918201772,0.00434451195145972,0.0055203198936746,0.00277879703268654,0.00654324366828579
0.00290275330329216,0.000875856172055031,0.00570194041074139,0.00716039381147153,0.00697641905434187,0.00170354489529816,0.00307690663195304,0.00647339520873797,0.00902724125957029,0.00855784687645399,0.00265317609510042,0.00435465326551208,0.00308225284046794,0.00381509464698947,0.00767082598294598,0.00387563893382201,0.00434333327162802,0.00551709183090383,0.0027781408310532,0.00653771156474655
0.00290389985474688,0.000875556624387972,0.00570053660295876,0.0071587712235371,0.00697463878000408,0.00170300940264798,0.00309947836586918,0.00647435954119947,0.00903540746903918,0.00855413185284174,0.0026636291642022,0.00435847335074269,0.0030813924867446,0.00382598885002652,0.00766722595223012,0.00389130727799911,0.00434183556896739,0.00552104029975537,0.00278769776595692,0.00653848456490977
0.00290836620987243,0.000876234917143681,0.00570321256626023,0.00716408407772238,0.00697965631505063,0.00170700385302713,0.00307729189753883,0.00647685521269943,0.00902668259070333,0.00856072118648138,0.00265930912957747,0.00435791175188907,0.00308815508039889,0.00381653604868304,0.00767321749936715,0.00388221649332331,0.00434452604584641,0.00552167292515348,0.00278424847055998,0.00654094357778717
0.00290226775625788,0.000875880963248609,0.0057026890509408,0.00716185056365441,0.00697525942154082,0.00170379332666461,0.00307675112269037,0.00647532583897573,0.00902698136302547,0.00855962279855939,0.00265379025806643,0.00435592550714081,0.0030828527336545,0.00381581462382893,0.00767191689539109,0.00387805789001203,0.00434316995140622,0.00551976874279976,0.00277925345337756,0.00653954301513796
0.00290236801604049,0.000876112271396138,0.00570143997114499,0.00716363849705923,0.00697800183237747,0.0017057621725266,0.00307880216677229,0.00647545999838022,0.00903219359729605,0.00856044267869743,0.0026586991635635,0.00435958278725738,0.00308298033449996,0.00381246014087823,0.00767074010019569,0.00387840716922792,0.00434312317632787,0.00552586495242656,0.00278024964033548,0.00653923272237014
0.00290890858049188,0.000876094725543551,0.00570454640043288,0.00716507404315535,0.006983171661855,0.00170344889220466,0.00307943040015138,0.0064810556251687,0.00905009507590858,0.00856239155543003,0.00265391555756316,0.0043589215924553,0.00308966443907032,0.00382308217770736,0.00767536970722664,0.00388527502025251,0.00435241396936494,0.00552110222656443,0.00277890939621356,0.00654452322178108
0.00290282061261549,0.000875930684026608,0.00570068112913303,0.00716401068891695,0.00697949770705667,0.00170453326574456,0.00307943778510086,0.00647159818840722,0.00902149574092735,0.00856210571911891,0.00265696594929564,0.00435719607219225,0.00308282048324474,0.00381424792914418,0.00767388701765593,0.00387892808785971,0.00434324682530124,0.00552653471659533,0.00277960720084666,0.00653955460851268
0.00290209507861711,0.000875822513052576,0.00569766383144094,0.00716209998494244,0.00697674577629474,0.00170403083614978,0.00307832145405408,0.00647570086671122,0.00902804749552325,0.00855661709028967,0.00265686007762817,0.00435716855976544,0.00308193265530396,0.00381436542494811,0.0076722084811199,0.00387741861576457,0.00434240944591703,0.00552599887815281,0.00277977161000871,0.00653711348475274
0.00290584580752423,0.000875902352601005,0.0057053353595499,0.00716327925129728,0.00698411173131078,0.00170504629702642,0.00307846966614228,0.00647456316760027,0.0090319800014778,0.00856476516191449,0.00265823739566468,0.00435827145680885,0.00308505355593968,0.00381626530136828,0.00767806809835038,0.00388090991577741,0.00434936971904126,0.00552176170651735,0.0027915301608078,0.00654295010811581
0.00290169164731422,0.000875948926201503,0.00570042037358719,0.00716571238892161,0.0069770978087049,0.00170380622764601,0.00307923040237294,0.00648108064695551,0.00902480337590467,0.00855912501688531,0.00265612119268347,0.00435846386895273,0.00308421768399924,0.00381497393811049,0.0076740741359047,0.00387557805472479,0.00434570281465276,0.00552714105044523,0.00278143258486086,0.00654511718166469
0.00290433842907983,0.000876556433091726,0.0057026773561132,0.00716390711667576,0.00697835571874902,0.00170567695292414,0.00307937043034612,0.00647701652525853,0.00903833776237065,0.00856825709797649,0.00266520630806294,0.00436080918277741,0.00308422527769834,0.00381663133051438,0.00767403030545464,0.00388171083828737,0.00434487011341699,0.00552430628810264,0.00279019114691831,0.0065421897673812
0.00290630349295537,0.000876518324409374,0.00570534433964948,0.00716599889987994,0.00698173306052709,0.00171187396237972,0.0030818513373042,0.00648284025965198,0.00903157207747683,0.0085607698922792,0.00265628434290481,0.00435729302558239,0.00308612186641161,0.00381668652394444,0.00767515940470292,0.00388146417319421,0.0043443008571036,0.00552729961102553,0.0027796918990326,0.00654148611222544
0.00290540663774536,0.000875812630685027,0.00570170271035029,0.00716531886153066,0.00697919125288137,0.00170489964172079,0.00307979885792157,0.0064774072449704,0.00907666885022391,0.00855807547501869,0.00266813616073255,0.00437966185039582,0.0030837458640401,0.00381527352823601,0.0076751274125939,0.00387914739330185,0.0043694235868652,0.00554765567738256,0.00278249635944161,0.00657430480700561
0.0029063121604237,0.000874909340117423,0.00569466282271075,0.00716403937790504,0.00697663408236324,0.00170586265716117,0.00307555447256541,0.00647363011501891,0.00902452539467671,0.0085601319635011,0.00265461759557073,0.00436339711653744,0.00308587075603417,0.00381446358490206,0.00766962147203267,0.00387968202222711,0.00434077459930106,0.00552270064233903,0.00277973927513732,0.00653898002632002
0.00290602384795812,0.000875719957410392,0.00570420703176489,0.00716182931618367,0.00697847153605147,0.00170502095541891,0.00307690108720645,0.0064776954973903,0.00902706029275763,0.00856371517138486,0.00265718337470107,0.00435674245326307,0.00308566601538577,0.00381461239066179,0.0076741368224408,0.00388205273038456,0.00434801122538365,0.00552731308705759,0.00278266080632602,0.00654968834347206
0.0029030918859365,0.000875990401936246,0.00570110424980455,0.00716054656742175,0.00698328757280682,0.00170395846106645,0.00307769320671809,0.00648072780442905,0.00904200308700769,0.0085602402393214,0.00265641038503363,0.00435816105949879,0.0030832124095622,0.00381961293446127,0.00767830440936164,0.00388055479695805,0.00434647808023462,0.00551881254258703,0.0027804561962187,0.00654317154397515
0.00290661344964785,0.00087630756186801,0.00570601333040701,0.00716846790705382,0.00698265167792162,0.00170633686193563,0.00307978740084443,0.00648025048950708,0.00903612321593535,0.00857349726426311,0.00266572592412653,0.00436080884023727,0.00309578520467052,0.00381735916452539,0.00767979409735212,0.00388027747200249,0.00434644558710213,0.00552771691068099,0.00278326565211814,0.00654385816547535
0.00290228794904249,0.000875619015530464,0.00570148518275046,0.00716312142609305,0.0069753469077296,0.00170452349846713,0.00307806913044687,0.00647625828119624,0.0090310938251653,0.00855522114991985,0.00265714444180265,0.00435590431395485,0.0030832628881724,0.00381358723633012,0.00767025407247114,0.00387740772580449,0.00434379408214772,0.00552653236695572,0.00277957312376915,0.00653805322602585
0.00290089992465609,0.000875939048351812,0.00569989123471284,0.00716422719139019,0.00697626511372962,0.00170412923552162,0.0030770304215993,0.00647088836763466,0.00902208333111229,0.00855564138145848,0.0026551804144533,0.00435895734825367,0.00308259338017231,0.00381487527521115,0.00767530669622837,0.00387855968894847,0.00434211468874484,0.0055183491660017,0.00277936746182923,0.00654052569795193
0.00290470281735124,0.00087616991555574,0.00570340132937577,0.0071689122588492,0.00697927560720879,0.00170489212561126,0.00307770484379168,0.00647589524646832,0.00903344596894346,0.00857584197616676,0.00265513617002126,0.00435711077140639,0.0030838602979879,0.00381613508914542,0.00767808178785139,0.00387895074361401,0.0043473339882437,0.00552220747762708,0.0027804827729517,0.00654349540235213
0.00290581076643982,0.000876333013621771,0.00570543175445538,0.00716480263989211,0.00698305705983533,0.00170506223741612,0.00307856785138238,0.00647970652175727,0.0090447013519111,0.00856280409163342,0.00265850979802504,0.00435808410110818,0.00308436501241666,0.00381729173745829,0.00767549412514678,0.00387971528935115,0.00434985102317602,0.00552164480529844,0.00278115311247969,0.0065440878774373
0.00290065899293297,0.000875277328241617,0.00570200257447472,0.00716499834539258,0.00697712438283622,0.00170515648722912,0.00308082380976944,0.00647545158391481,0.00902877200997365,0.00856126500649958,0.00265822905103092,0.0043575036255107,0.00308271714430848,0.00381511335401695,0.00767133994686734,0.00388022194656401,0.00434741883627952,0.00553016871842156,0.00278085460159801,0.00653966004097226
0.00290254661954498,0.000875947803380374,0.00569981691027091,0.00716783273377401,0.00697687843908337,0.00170329543529024,0.00307748859409159,0.00647868455860427,0.0090238942579943,0.0085795295010162,0.00265608459616101,0.00435620745051079,0.00308655675148715,0.00381375564215741,0.00767304381723413,0.00388087519529083,0.00434563988022898,0.00551763795689672,0.00278128682420186,0.00654201850643001
0.00290454363329078,0.000875797399859254,0.00570246300305413,0.00716570405845817,0.00698332061812306,0.00170567768819521,0.00308356568365403,0.00648292478688142,0.00903518362219197,0.00856673482002038,0.00265836041645127,0.00436135097043648,0.00308408804327413,0.00381671748052453,0.00767872623629261,0.00387987300962069,0.00434619495915743,0.00552964965155558,0.00278292325403328,0.00654034076799315
0.00290085628946991,0.000874958915275577,0.00569841900875239,0.00715784231617103,0.00697284982561148,0.00170326457195658,0.00307682260700275,0.006473573057815,0.00902488850893847,0.00855155262764169,0.00265471592333276,0.00435368387671673,0.00308040109117502,0.00381130470356684,0.00766793690972145,0.00387373917109866,0.00434217789627044,0.00552545836310191,0.00277797667250924,0.00653439631227155
0.00290151037194609,0.000875513844067669,0.00570149323348571,0.00716195393931712,0.00697505219526254,0.00170385264163436,0.00307677142020388,0.0064754523731261,0.00902735791075626,0.00855834421570237,0.00265371979430536,0.00435861063210298,0.00308261489522738,0.0038140584786875,0.00767183728758533,0.00387815585343316,0.00434236165578992,0.00551827424944699,0.00277964982108057,0.00654131672702506
0.00290590562704461,0.000876428840559601,0.00570653095246771,0.00716273090395439,0.00697897126513182,0.00170502132816903,0.00308111094532038,0.00648109191678569,0.00903337143043837,0.00856342670713531,0.00265770661453901,0.00435948747634589,0.00308397914626053,0.00381770274770392,0.0076776817453781,0.00387919515808252,0.00434612391755019,0.00552620160306865,0.0027813950467317,0.00654136911619754
0.00290372273185135,0.000876397840866697,0.00570480159523311,0.00716583911939674,0.00698080882486714,0.0017053349484751,0.00308068612206087,0.00648074749319674,0.00903390105567102,0.00856363985086914,0.00265824495078689,0.00435927140158022,0.00308418290916587,0.00381591978722423,0.00767518327252992,0.00387976924475028,0.00434608136562259,0.0055303585721302,0.00278019934474348,0.00654410271710762
0.00290645542157707,0.000876006657352809,0.00570400904972316,0.00716192269200947,0.00697814131839844,0.00170522733564018,0.00307911286267058,0.00647694018314108,0.0090322540519737,0.00856168506113662,0.00265718791180127,0.00435989120619099,0.00308693755191794,0.00381791659545783,0.00767422640157813,0.00388116826625534,0.00434335751706704,0.00552076289261533,0.00277950346523096,0.00654434292113016
0.00290463836791016,0.000876564457010572,0.00570616315491139,0.00716980038032058,0.00698420689130803,0.00170585724596735,0.00308181567141573,0.00648495757500459,0.00903682072547683,0.00856624679130449,0.0026587980613033,0.00436047207925064,0.00308571781035762,0.0038188110823221,0.00767960896779023,0.00388130798645716,0.004347981173053,0.00553198189369739,0.00278334756678266,0.00654326508237811
0.0029028336865365,0.000875828657926236,0.00569901578397144,0.00715995347706453,0.00697561541552812,0.00170290724363018,0.00308003514629968,0.00647098138894043,0.00902461962233635,0.00856058233424294,0.00265238569463807,0.00435741328368923,0.00308068877776446,0.00381300923212013,0.00767670172699529,0.00387605936388495,0.00434234625318147,0.00551573428137621,0.00277939529023427,0.00654164735246268
0.00290584195565802,0.000876028025244817,0.00570409914959838,0.00716480289655327,0.00698041441145219,0.00170439230817513,0.00308802135198445,0.00647911686915566,0.00903923423129804,0.00856125152303501,0.00265542150090199,0.004361499297605,0.00309396188432452,0.0038150385799336,0.00767469419441407,0.00387785509496396,0.0043486525071744,0.00552544676516287,0.0027805692006943,0.00654068915615763
0.00290710256384046,0.00087587944861569,0.00570103693240835,0.00716652190748313,0.00697753321502938,0.00170601309655886,0.00308144642511496,0.00648261647897858,0.00903556920900158,0.00856206473979523,0.0026555327336942,0.00435614554090966,0.00308333251374228,0.003819571506494,0.00767361649648985,0.00387942069646937,0.00434491446753419,0.00551935023267,0.00278311798149592,0.00654280487520979
0.00290485360056625,0.000875974095948536,0.00570056671932463,0.00716090482332677,0.00697652306554456,0.00170313671527966,0.00307595662909348,0.00647611054642244,0.00902457013099988,0.00855993448856257,0.00265712405805695,0.00435407409973422,0.00308202958380757,0.00381889715562554,0.00767100508097608,0.00387834395643629,0.0043426505090568,0.00552379669920799,0.00278222125154099,0.00654041783812963
0.00290442699560623,0.000875749076232193,0.00570571167546912,0.00716084444245612,0.00698115608419751,0.00170503001408451,0.0030828395029715,0.00647862051013007,0.00902766123626206,0.00856450684546459,0.00266167897526352,0.00435844885595447,0.00308443559678481,0.00381602581929163,0.00767589734274669,0.00388022463334002,0.00434590352292978,0.00552573634100453,0.00278129534251832,0.00654365529442915
0.00290792546807273,0.000876690519752357,0.00570845577365395,0.00716673178702971,0.00698432810426983,0.00170605111957724,0.00308366626641713,0.00648650001925402,0.00903759995149011,0.00856448422243735,0.0026597521243199,0.00436242448472839,0.00308741389782538,0.0038166380797655,0.00767550641824778,0.00388003703150271,0.00434900009977906,0.00552914321592802,0.0027833087289675,0.006544413864518
0.00290393457113063,0.000875323043960104,0.00569837818087921,0.00715616776418682,0.00697246162521357,0.0017043480873119,0.00307452680682527,0.00647321354351416,0.00902465768566662,0.00856312511633106,0.00265144018625866,0.00435369862517123,0.00308090287908068,0.0038172977981164,0.00767827507741544,0.0038746724922503,0.0043412107098221,0.00552059519503346,0.00277756794755404,0.00654201486838599
0.00290591629847771,0.000875189522961859,0.00569770635788799,0.00715674786751975,0.00697129827751705,0.00170287640764391,0.00307508698370168,0.00647048056012993,0.00902001997378131,0.00856090324270219,0.0026545065081957,0.00435274787904442,0.00308104370634699,0.00381197739000461,0.00767084455372982,0.00387647954963648,0.00434231718456153,0.00551832104689475,0.00278164511986542,0.00653536282698764
0.00290111867185761,0.000875346952673987,0.00570185023119099,0.00716084840970322,0.00697113071605393,0.00170502141583716,0.00308031445544859,0.00647605634330849,0.00902590015361113,0.0085566962258064,0.00265826001958348,0.00435652465356032,0.00308175054197198,0.00381427496687517,0.00766938678936862,0.00387627819118728,0.0043452714493398,0.00552473534138862,0.00278131384357065,0.00653715657947314
0.00290277494919651,0.000876442811363487,0.0057060355750517,0.00716269558536554,0.00698140238214425,0.0017043199464924,0.00307768789677753,0.00647474314200415,0.00902547361175515,0.00856401340386785,0.00265669114681827,0.00436038425715212,0.00308510816293097,0.00381946059243563,0.0076781107700621,0.00387939042474887,0.00434756307611634,0.00552620260818085,0.00278325210687653,0.00654251409100698
0.00290345467605947,0.000876149949858407,0.00570128481677347,0.00716068478745504,0.0069755428470551,0.00170574218356873,0.00308260598162088,0.00647742631692331,0.00902841562531835,0.00856044593231897,0.00265846582597276,0.00435895237542297,0.00308289965799687,0.00381346330599183,0.00767091013326079,0.00387758344911305,0.00434257996538959,0.00552614708438513,0.00278022956395922,0.00654091066878091
0.00290680079754156,0.000876359751002903,0.00570159450545061,0.00716322649632439,0.00698257663760012,0.00170804791877124,0.00308001430333075,0.00648149570561059,0.00903611804206089,0.00856347737979748,0.00265790285022109,0.00436167489823501,0.00308430183313073,0.0038201065514902,0.00768556083960163,0.0038846983620433,0.0043510459444847,0.00553021845996343,0.00278124569848245,0.00654697151852881
0.00290145967234934,0.000875820968423726,0.00569933312633545,0.00716204950666658,0.00697625125974604,0.00170342416884386,0.00307547906772307,0.00647276902572749,0.00902304021332214,0.00855707487693658,0.00265305860392261,0.0043547675524468,0.00308197795108251,0.00381413093755609,0.00767035276121869,0.00387615866628035,0.00434185688329706,0.00551793373633735,0.002778268395022,0.00653836052801621
0.0029057456838621,0.000875844540123955,0.00570375188131549,0.00716634233245122,0.00698102171549096,0.00170596907558988,0.00307735197252167,0.00647905004047256,0.00903433907494457,0.00856216411541686,0.00265519094905063,0.0043604254202951,0.0030829655476802,0.0038161862831336,0.0076726541583324,0.00388062736354594,0.00434427001129355,0.00552028326264706,0.00278052040819035,0.00654734423632484
0.00290361880347172,0.000875830231992308,0.00570466376950394,0.00716632451545773,0.00698132324333518,0.00170627662597096,0.0030813017079562,0.00648025188517464,0.00903462066315331,0.00856504721495023,0.00265645504779566,0.00435636205721293,0.00308459926377713,0.0038170644529568,0.00767534247581168,0.00388046085867837,0.0043427546590708,0.00553082874918908,0.00278082339655795,0.00654255677472167
0.00290094052216009,0.000875110427620381,0.00569672401830393,0.00716120490439205,0.0069764298750406,0.0017037049293962,0.00308079115237363,0.00647536813983177,0.00902801758619987,0.00855627335402475,0.00265528624143414,0.00435415627112024,0.00308155519858068,0.00381406274527754,0.0076684506830202,0.00387614789061833,0.00434113598449419,0.00552142061289535,0.00277834881835472,0.00653561487233876
0.002902968236016,0.000876277521235033,0.00570561075458564,0.00716601541781006,0.00697923291863087,0.00170554322077346,0.0030797383329725,0.00647702597265704,0.00903843563448006,0.00856122679274813,0.00265767671742388,0.00435848880354093,0.00308439978569324,0.00381589610544564,0.00767530825425918,0.0038786481528808,0.00434573568129697,0.00552861829645421,0.00278081686600892,0.00653944883927731
0.00290424802825159,0.000875427989722472,0.00569912509758637,0.00716164447588944,0.00697446647410589,0.00170630031475288,0.00307809288419951,0.0064743307285603,0.00902217306204142,0.00855918168861007,0.00265452585493883,0.00435569909407432,0.00308179282883764,0.00381698542846471,0.00766972249640324,0.00388097510192034,0.00434120028789073,0.0055176807809979,0.00277847886364697,0.00654024013892593
0.00290205738454018,0.000875576256234009,0.00570286477916066,0.00715813930559068,0.00697895960260637,0.0017048152055939,0.00307991297654146,0.00647684693545659,0.00902861991730715,0.00856010649590676,0.00265480676193089,0.00435333845782013,0.00308292640291635,0.00381485387997796,0.00767531548136719,0.00387886246623118,0.0043443780559684,0.00551851187377978,0.00278018680792526,0.00653910253750063
0.00290480383572808,0.00087548440192251,0.00569920999725857,0.00716781933894245,0.00697991587187025,0.00170479666248474,0.00307607247193891,0.00648041917826783,0.00903142898828328,0.00855993037884766,0.00265521790868592,0.00435949923621208,0.00308643999708777,0.00381715685079619,0.00768240741332298,0.00387911026271487,0.00434733827228584,0.00552587633495093,0.00277986798907957,0.00654914230316285
0.00290321981536194,0.000876387129997933,0.0057005797761358,0.00716561402081583,0.00697736313972275,0.00170427363172406,0.00308415691165829,0.00647927191849277,0.00903345005647183,0.00856858650890377,0.00265766130838942,0.00435643863469194,0.00308516404352418,0.0038166722986384,0.00767014814963544,0.00388135612592219,0.0043457907699218,0.0055271318565204,0.00278143514369572,0.00654280303381721
0.00289996477384598,0.000875572396334082,0.00570325852221574,0.00716306434398383,0.00697601599034039,0.00170465081781636,0.00307838808106242,0.00647490519256804,0.00902728029250973,0.0085555868121025,0.00265549417072457,0.00435598165808618,0.0030801405845635,0.00381331715375758,0.00766943955496271,0.00387598893900944,0.00434190855943785,0.00552429596010273,0.00277887761535389,0.00653758753396584
0.00289898049003362,0.00087484578430263,0.00569768116112454,0.00715362644308529,0.0069688632564275,0.0017030419500049,0.00307861638550038,0.00647546546227328,0.00902488757035729,0.00855389173119367,0.00265482736410894,0.00435263656223201,0.00307873699952191,0.00381130731930327,0.0076679941333963,0.00387370107164756,0.00434053931399065,0.00552101491460749,0.00277774004222579,0.00653311666718798
0.00290624932969275,0.000876750820404311,0.00570539937092888,0.00716483400793476,0.00698168989123894,0.00170586239878917,0.00307716923925001,0.00647718728400053,0.00904036893134582,0.00857212483401355,0.002655394885444,0.00435966518576101,0.0030844165663552,0.00382028296417362,0.00767676052907236,0.00387685069117807,0.00435033280216233,0.0055256110129162,0.00278105496553166,0.00653912573629715
0.00290236496776706,0.000876207150731208,0.00570135143245238,0.00716594892752413,0.00697655182990051,0.00171644147598157,0.00309300186071795,0.0065066701822491,0.00907487140863059,0.00860344697918563,0.00265949620193449,0.004380154504368,0.00309964109921758,0.00383403057034967,0.00771214898063187,0.00387734750087643,0.00434227505932133,0.0055452338111604,0.00279421814192743,0.00657543813854501
0.00290521660477974,0.00087649974539537,0.00570187553875041,0.00716760638050577,0.00698292306940819,0.0017054066824917,0.00308342741168777,0.006479518324327,0.00903547222838618,0.00856586891603096,0.00266181276166394,0.00435966075169543,0.00308436691108197,0.00381932645004124,0.00768160418526897,0.0038797674577951,0.0043481133464332,0.00552904367431288,0.00278194077205278,0.00654605953162703
0.00290520033115738,0.000876166293656418,0.00570387810562918,0.00716511712295655,0.00697949421000964,0.00170430015809642,0.0030799939323675,0.00647556800104322,0.00902670648901256,0.00856605902975487,0.00265893181232609,0.00435857530605527,0.00308474125274122,0.00381803869761973,0.00767408604431732,0.00387763742785615,0.00434419951001946,0.00552126880955859,0.00278311616618834,0.00653934231670714
0.00290661840376165,0.000875680668377268,0.00570107025048655,0.00715995635326594,0.00697608096272728,0.00170350526400496,0.00307555079804586,0.00647611287270907,0.00903871540912583,0.0085655881688848,0.00265325571823585,0.00436156232272578,0.00308553524676293,0.00381474230252616,0.00768125294154085,0.00387679046493732,0.00435004669500456,0.00551981319215376,0.00277826225577269,0.00654676546193713
0.00290565621671247,0.000875871388459004,0.00570281464699845,0.00716288017264394,0.00697841281941431,0.00170410896240968,0.00307701037813691,0.00647877956318454,0.00902434412759032,0.00856151349101091,0.00265577734959604,0.00436028286575336,0.00308213251103504,0.0038167043247461,0.007674873098044,0.00388110934807483,0.00434700653734009,0.00551939851283257,0.00278202068317488,0.00654182024745408
0.00290284226544845,0.000874666859979801,0.00569557647639092,0.00715481157122408,0.00696865562544204,0.00170381191130343,0.00307440269878048,0.00646718484315173,0.0090246447530169,0.00854966611516158,0.00265502775579705,0.00434985902723078,0.00308387750903913,0.00381059772459396,0.0076653768839466,0.00387399070079334,0.00433914569635077,0.00551280372129377,0.00278046884077847,0.00654080973862839
0.00290544770469856,0.000875612820652337,0.00570279784457858,0.00715968012506599,0.00697627901164895,0.00170287064936146,0.00307681170227108,0.00647211672963361,0.0090336233065865,0.00855866980214376,0.00265203111192487,0.00435167286314105,0.00308043429652614,0.00381912669724839,0.00766970531699962,0.00387457437605863,0.00434595089552082,0.00551727492843831,0.00277823796237616,0.00653690425800148
0.00290290095987742,0.000875760306224324,0.00570282994538224,0.00716308460289103,0.00697969489456367,0.00170812860275126,0.00308231379242232,0.0064767445813042,0.0090376001318486,0.00855719031525941,0.00266161011833129,0.00435989827398543,0.00308274360965426,0.00381501901390951,0.0076735888477229,0.00387749182421898,0.00434407410710509,0.0055236580335523,0.00278135329458978,0.00653875072934745
0.00290196827370176,0.000875256845568051,0.00569872068624011,0.00715817822347035,0.00697278939055039,0.0017025966310704,0.00307514378665038,0.00647749793695878,0.0090309064982018,0.00855429244825845,0.00265284915643863,0.0043541572252384,0.00308382983414397,0.00381651489975796,0.0076675763541214,0.00387564780299092,0.00434157654384346,0.00552004662142649,0.00277805411552405,0.00653785632828079
0.00290055365997353,0.000875645181544207,0.00570015333357629,0.00716061629610191,0.00697504974949838,0.00170378121073677,0.00307820854922813,0.00647561847238878,0.00903297875997371,0.00855587111441673,0.00265483778587436,0.00435540835793747,0.00308252658187366,0.0038137372625475,0.00766907427699234,0.00387737875279766,0.00434171221648153,0.00552571630044891,0.0027798406990462,0.00653583522611128
0.00289988292897456,0.000875270447154567,0.00569827272823674,0.00715860834322163,0.00697178108332888,0.00170293384945876,0.00307675539068407,0.00647102532367847,0.00902082455881258,0.00855496248716679,0.00265422414221904,0.0043533614497738,0.00307963215438739,0.00381080110011469,0.0076678357833778,0.00387368399274637,0.00434256561906411,0.00552070658232187,0.00277731245578965,0.00653322799168301
0.00290528913028922,0.000875731445687265,0.00570391090739588,0.00716499210971935,0.00697979305554289,0.00170360004366245,0.00308164970598324,0.00647707942584488,0.00902997322394157,0.00856128040218396,0.0026578527939245,0.00435802731429104,0.00308276170976585,0.00381497219280572,0.00767265833087905,0.00387882170420057,0.0043446987058846,0.00552974821953623,0.00277920643490151,0.00654038322640328
0.0029056596034427,0.000876168715374799,0.00570182778944965,0.00716064319758723,0.00697262026891176,0.00171195251908165,0.00307434978239511,0.00647500774485513,0.00902609418638722,0.0085539746457186,0.00265474656434592,0.00435156678026817,0.00308283667381751,0.00381783336446858,0.00767153053240183,0.00388002647328807,0.00434414179608656,0.00552008835327109,0.00277984588645293,0.00654043679229996
0.00290391258494462,0.000875310809188625,0.00569871355246287,0.00716423138727129,0.00697697125807967,0.00170232373488064,0.00307937242418564,0.00647872699510466,0.00903313435195506,0.00855381924471201,0.00265267763973576,0.00435210528643754,0.00308111139879672,0.00381270434606951,0.00766603995739057,0.0038757893178915,0.00433964487287386,0.00551827723892293,0.00278052029295299,0.00653416020868706
0.00290742344671014,0.000876005328621233,0.00570450044478566,0.0071643931538387,0.00697904047508867,0.0017046291926665,0.00307635539435005,0.00647615932148326,0.00902806423525385,0.00855979188344434,0.00265552224239516,0.00435721750549192,0.00308436172697808,0.00381689951614983,0.00767444741633907,0.00387885725998303,0.00434867374240896,0.00551901075801007,0.00278365881553806,0.00654172946275826
0.0029027324288369,0.000875264206321848,0.00569772214337361,0.00715710426747528,0.00697310355953715,0.00170255685064316,0.00307519883522608,0.00647183258240605,0.00903109947252772,0.00856101191265155,0.00265241192547102,0.00435339538551996,0.00308077571089686,0.00381239761430345,0.007668239531096,0.00387469568684104,0.0043407871504206,0.00551437913866706,0.00277749640486633,0.00653653959713174
0.00290705749348756,0.000875963416357848,0.00570377986348096,0.00716672380729656,0.00697736668604536,0.00170398709554242,0.00307833899097254,0.00647481049269404,0.00903248102723947,0.00855869677967036,0.00265616299067387,0.00435704877533045,0.00308363007101469,0.00381385142894094,0.00767329015475865,0.00387794740062701,0.0043441035670782,0.00552718302960972,0.00278022078689548,0.00653994970157695
0.00290481666917827,0.000875493331560782,0.00570214547502625,0.0071554885891752,0.00697009639497421,0.0017026723845581,0.00307558457657363,0.00647354461776238,0.00903032922575332,0.00856028010054425,0.00265111442640023,0.00435726978857907,0.00308231177191492,0.00381937628127945,0.00767121595261922,0.00387416271456881,0.00434097830133272,0.00551653653206785,0.00277913776152535,0.00653731483749037
0.00289947979932982,0.00087440865011764,0.00569871880362338,0.00715283687370016,0.00696850933809143,0.00170408088673459,0.00307484896305622,0.00646716401234707,0.00901694655506427,0.00855328543338415,0.00265507801826226,0.00435405255908611,0.00307945625222901,0.0038153510920805,0.0076635485180705,0.00387334010788731,0.00434092407772726,0.00551450153586894,0.00277546289044747,0.00653972182042729
0.00290324179867945,0.000876384551929509,0.0056957322969854,0.00715400845884854,0.00697295202219233,0.00170263118780757,0.00307508006246537,0.00647493486336233,0.00902347116178775,0.00856004798490718,0.00265391927967091,0.00435511706850076,0.0030824370397658,0.00381424817813122,0.00767287319671978,0.00387568547002821,0.00434116261478093,0.00551324279763809,0.00277827907904429,0.0065376875727314
0.00290438635228077,0.000876646068099367,0.00570735184829892,0.00716761182383384,0.00698273523372813,0.0017058849909799,0.00308181494929111,0.00648097876094428,0.00903805336423718,0.00856116501747969,0.00266062023954035,0.0043606950108263,0.00308492258097224,0.00381724631615219,0.007679506173048,0.00388160168920128,0.00434753053235765,0.00553083337163153,0.002782418841107,0.00654410779980019
0.00290465133384129,0.000875700758549614,0.00569943148570517,0.00715911370708494,0.00697712414192879,0.00170270494593209,0.00307993420876286,0.00648036819839084,0.00902284479467464,0.00855652947438229,0.0026539694833625,0.00435519314278638,0.00308168038042407,0.00381559499761287,0.00766971650278058,0.00388123275836827,0.00434238554700584,0.0055162897048774,0.00278241389203125,0.00654021990673653
0.00290656117455259,0.000876435302795741,0.00570550285128924,0.0071656340668404,0.00698275417410616,0.00170469456482765,0.0030791254975573,0.00648093181933686,0.00903315000916956,0.00857187022731596,0.0026553681389878,0.00435731065992343,0.00308675919800258,0.00381916174561949,0.00767439394094565,0.00387894427840306,0.00434628297633134,0.00552204288687083,0.00278150501279901,0.00654253579487038
0.00290437660795287,0.000875621468215802,0.0057041940590174,0.00716094313882436,0.00697721325774966,0.00170500662678979,0.00307998603426492,0.00647827567392755,0.00903672421920369,0.00856397065907638,0.00265675896378007,0.00435872921493152,0.00308469277381965,0.00381726707628118,0.00767612461503796,0.00387855785668726,0.00434417188458972,0.00552537126608917,0.00278053884998576,0.00654089343673079
0.00290383473798528,0.000875267155581622,0.00569745406339293,0.00715714936302341,0.0069729877743967,0.00170408021734829,0.00307493435589652,0.00647152544466221,0.00902137200507084,0.00859840228937731,0.00265254195722659,0.00435365535101229,0.00308178416378613,0.00381431562369439,0.00766459243095566,0.00387498515427107,0.00434440765302976,0.00551735853439859,0.00277908815686321,0.00653829043207012
0.00290391113613317,0.000875979634413341,0.00570437982746973,0.00716072096397758,0.00697914610364223,0.00170541822053242,0.00308019231792615,0.00647737764216602,0.00903330567694897,0.00856498643358928,0.00265832424837953,0.00435708061105162,0.00308339770507665,0.00381468209978112,0.00767233158818916,0.00387743649597124,0.00434441331525654,0.00553006277818105,0.00278154443409449,0.00653988714816381
0.00290360654463507,0.000876267663804719,0.00569996248517608,0.00715982250929411,0.00698093211769116,0.00170642272273339,0.00308149405304366,0.00648182219843752,0.00902717063632771,0.00855943252776062,0.00265718322982658,0.00436092992145872,0.00308598145913837,0.00381792457694885,0.00767576563321223,0.00387871969099578,0.00434663452618951,0.00552964643411336,0.00278246746424496,0.00654427844162468
0.00290152555551183,0.000875522446191284,0.00570408485506041,0.00716424195197991,0.00697731051761275,0.00170354653014128,0.00307735687165352,0.00647488243588554,0.0090253581176329,0.00856123494324267,0.00265357351745571,0.00435595148108752,0.00308320266738712,0.00381396991885042,0.00767130462858677,0.00388676619865503,0.00434344394311205,0.00551848784734188,0.00278074458954269,0.00653788341042659
0.0029042912009758,0.000875497419239943,0.00570215023357038,0.00715985877193761,0.00697521856052864,0.00170364705343375,0.00307598012005959,0.00647436030467449,0.00904082725653795,0.00857114231104723,0.00265480125600281,0.00436058067460719,0.00308461735535549,0.00382045502238807,0.0076698224097219,0.0038758724099758,0.00434557967390932,0.00551727566137042,0.0027809030886197,0.00653935477296486
0.00290497801465468,0.000876289575182715,0.00570705871443198,0.0071631146304889,0.00698278060457955,0.0017044673387784,0.00308138199198568,0.00648580627314064,0.00903552188059119,0.00856695093189079,0.00265726043494079,0.00436245416606051,0.00308388444211948,0.00382087977205318,0.00767453969370027,0.00388280450280397,0.00434900496349267,0.00551958378764959,0.00279070200380815,0.00654357898847627
0.00290641679872149,0.000876284100848123,0.00570385177183823,0.00716345335632709,0.00698114587988471,0.00170394894744021,0.00308089348586417,0.00648336645391342,0.00904046736657169,0.00856375732920639,0.00265495691825139,0.0043590512388713,0.00308648294105236,0.00381688271568946,0.00767236361293777,0.00387995468885717,0.00434712370365969,0.00551902690840356,0.00278030985450426,0.00654229255411084
0.00290332253857117,0.000875695964369716,0.00570260815758883,0.00716069063258483,0.0069786688016073,0.00170511569775573,0.00307790949454834,0.006477650561583,0.00902741563376116,0.00855817792247804,0.00265369952913958,0.00435821947145989,0.00308294851531579,0.00381426114777747,0.00767343122655329,0.00387813697811389,0.0043413320888482,0.00551851646703011,0.00278196743782801,0.00653891687177286
0.00290535047297041,0.000876054441288813,0.00570295016906514,0.00716470872737778,0.00698135914724995,0.00171041633119636,0.0030800211654032,0.00647594832188556,0.00902905243782121,0.00856367638114117,0.0026556183567779,0.00436166254995281,0.00308362336713876,0.00382010685631638,0.00768116238017336,0.00388156416633918,0.00434590011992709,0.00552040341651711,0.00278234724196317,0.00654913633504159
0.00290493418233516,0.00087582441378285,0.00570467938293612,0.00716664209887779,0.00698279779626093,0.00170667181807566,0.00307971558026494,0.00648116006706121,0.00903323332096902,0.00856508795776994,0.00265915136786411,0.00435933090132267,0.00308457035200723,0.00381851615173947,0.00767733425664435,0.003879537105406,0.00434495102831967,0.00553140214655994,0.00278256443026555,0.00654424243560117
0.00290163999861166,0.000875649504318484,0.00570051707407234,0.00716071188506749,0.00697576253590744,0.00170412947950742,0.00307867484401636,0.00647327217848056,0.00902506543420651,0.00855491339269971,0.00265581663555496,0.004354991814269,0.0030816586793495,0.00381915663304494,0.00766932529243889,0.0038764035894654,0.0043425553249438,0.00552276130807022,0.00277936803061623,0.00653668724569023
0.00290280453655392,0.000875769092496758,0.00570279899537512,0.00716460969150187,0.00697769196504279,0.00170470017418122,0.00307663134693155,0.00647876219670092,0.00902690878512211,0.008563126211008,0.00265489764311823,0.00435547773637487,0.00308435912336037,0.0038143966791723,0.0076755877794274,0.00387932314607487,0.00434487710412189,0.00551836956903793,0.00277980026568433,0.00653896067136976
0.00290458628314891,0.000876071011457715,0.0057009399183847,0.00716844257938738,0.00698385784315283,0.00170618634424312,0.00308211379675707,0.0064802984766733,0.00903382449872724,0.00856271307516627,0.00265893569933853,0.00435993111832084,0.00308466400090103,0.00381909610869089,0.00767724438572049,0.00388193441605063,0.00434590367823975,0.00552960070217746,0.00278218853871701,0.00654498231533207
0.00290761717190383,0.000876651829704376,0.00570716892270521,0.00716343738913315,0.00698126030880501,0.00170320760606556,0.00307745856385499,0.00647791635043704,0.00903384012341483,0.00855777963526123,0.00265815977073366,0.00436355196253564,0.00308122617029787,0.00381854519992267,0.00767642723722432,0.00388047430985438,0.00434525439865902,0.00552294555214586,0.0027799666917473,0.0065432182378251
0.00289928229978844,0.000875263706389264,0.00569896270430772,0.00715777005024629,0.00697087832840863,0.00170385366179526,0.00307683041944138,0.00647199169646052,0.00902312056523657,0.00855159582703306,0.0026546322584302,0.00435385112789887,0.00308214019022955,0.00381152520453774,0.00766653748946845,0.0038748812968006,0.00434109974851889,0.00552377340497296,0.0027786296723215,0.00653410821597053
0.00290497375358703,0.000876271581532003,0.00570199226902354,0.00716499325063834,0.00697740559547089,0.00170475675790209,0.00307724310860598,0.00647633385018061,0.00902687361192543,0.00856501686684944,0.00265544085741382,0.00435945072439589,0.00308542238395807,0.00381555653425238,0.00767648145537502,0.00388018224281457,0.00434581668916322,0.00552573821427767,0.00278047274070966,0.00654509431690527
0.00290462399182326,0.000875180257295591,0.00569890697995571,0.00716050141156485,0.00697687987040463,0.00170322926006529,0.00307652724264541,0.0064758745272998,0.00902348078530901,0.00855727914921571,0.00265538000977497,0.00435440424627288,0.00308099689998083,0.0038138926076365,0.00766584743537123,0.00387660222273474,0.00434744542413118,0.00551499956845959,0.00278013468339152,0.00653767211344653
0.00290103634762185,0.000875554284146073,0.00569733416960085,0.00716441377522577,0.00697678762389094,0.00170442920402169,0.00307759287138564,0.00647932084168664,0.00902480369672834,0.00855767639165122,0.0026562001706116,0.00435545957274259,0.00308469287213099,0.00381432599346247,0.00766728001097336,0.00387757457276096,0.00435101940077244,0.00552155881215792,0.00277835104907408,0.00654188301724054
0.00290047555193549,0.000875644071968261,0.0057001518446675,0.00715797260423862,0.00697640491693069,0.00170355044000381,0.0030763446573006,0.00647460413521531,0.0090231226139771,0.00855945411929234,0.00265324726593571,0.00435457168733062,0.00308234416001568,0.00381319167302075,0.00766921700023746,0.00387721292514562,0.00434152432321786,0.00551551925477254,0.00277779832674993,0.00653702989061455
0.00290100684723979,0.000875380122763235,0.00570030200559668,0.00716692274610228,0.00698249390592093,0.00170586331021686,0.00308087764128004,0.00647783384864134,0.00903285466819555,0.00855445921153804,0.00265849571777572,0.0043592765059603,0.00308341464341136,0.00381713938169927,0.00767426203915229,0.00387521935790312,0.00434414559406997,0.00553161625887691,0.00278132607493356,0.00654256600213839
0.00290377604323568,0.000875844948303131,0.00570255189650077,0.00716193400062992,0.00697784736613448,0.00170575771220918,0.0030786502223326,0.00648047854906768,0.00903083402842692,0.00856942978476423,0.00265800270608952,0.00436043170274324,0.00308370274457583,0.00381937217632586,0.00767455461305181,0.00387702781868051,0.00434651342925766,0.0055236078095209,0.00277835263314395,0.00653889438421473
0.00290145431287032,0.000875988767900273,0.00570239999554096,0.00716299480157792,0.00697926447611985,0.00170417392892849,0.00307710832735994,0.00648021102057742,0.00902945416296188,0.00855960964710134,0.0026558759065911,0.0043565402044996,0.00308267641796045,0.0038151207539221,0.00767096045229239,0.0038804099390578,0.00434466110758158,0.00551784662662904,0.00278117579532396,0.00654044780814934
0.00290281083309977,0.00087602090691168,0.00570195264178906,0.00716959948165589,0.00698295625891297,0.00170546268144367,0.00308187442511565,0.00648075414038135,0.00903087900673602,0.00856296863234144,0.00265923412827203,0.00436123926770947,0.0030845641609233,0.00381706773354101,0.00767731732111351,0.00388044271955871,0.00434921519053975,0.00553013469343917,0.00278411630326314,0.00654343981935984
0.00290708956003074,0.000876381514053914,0.00570492441243393,0.00716534498213226,0.00698032586409671,0.00170402483488038,0.00307734064731644,0.00647877875265111,0.0090273526616788,0.00856143097421877,0.00265466523586249,0.00435704231482679,0.00308331778421652,0.00381687244951734,0.00767665364612863,0.00387952106665416,0.00434509541073561,0.00551914888585592,0.00277973222978653,0.00654176887519049
0.00290575826790737,0.000876459565754279,0.00570593227533995,0.00716532299460514,0.00698007529586518,0.00170578942030347,0.00308073370475606,0.00647690592320534,0.00902995322455249,0.00856386496525193,0.0026552970037976,0.00435731174703505,0.00308738505908234,0.00381639489707476,0.00768423288147667,0.0038798602924175,0.00434800657367443,0.0055224629730075,0.00278090267916429,0.00654353610902659
0.00290731444462008,0.000876432819054357,0.00570906344660331,0.00716712117094368,0.00698193102832697,0.00170632438544787,0.00307902231433811,0.00648299247139459,0.00903461285180589,0.00856411244817284,0.00265788979084511,0.0043611385861633,0.00308457880287174,0.00381686786703727,0.00767630474795978,0.00388042427994315,0.00434500345067242,0.00552578638175555,0.00278018190833688,0.00654203006422247
0.00290026210021484,0.000875298180696829,0.00570059043104233,0.00716156363472285,0.00697264634037976,0.00170331053645262,0.00307505046926811,0.00647301807010516,0.0090218606697026,0.00857282487691939,0.00265882766360151,0.00435373586671837,0.00308151780306493,0.00381285771178208,0.00766830566116003,0.0038838100842682,0.00434150958575625,0.00553164624608353,0.00278428770256239,0.00653887675687535
0.00290440130193353,0.000875822239643003,0.00569993967049642,0.00715958670374773,0.00697828516885246,0.00170458941495426,0.00307636747692808,0.00647537512219185,0.00902476185509463,0.00855568169858459,0.00265795922817587,0.00435523601632236,0.00308290423481694,0.00381869664920408,0.00767132759500264,0.00387829283718478,0.00434255348242742,0.00551862643172066,0.0027805166444385,0.00653860073729727
0.00290208529977259,0.000874992951136544,0.00569650611580142,0.00716155944869822,0.00697918344290633,0.00170447847478426,0.00307621869901339,0.00647138670698581,0.0090284877827843,0.00855910364560955,0.00265585738995753,0.00435574580059389,0.0030824259819869,0.00381459957477811,0.00767135391502046,0.00387591970008126,0.00434039802003342,0.00552024772291865,0.00277866749050198,0.00653431802335676
0.00290622578515443,0.000875415082567406,0.00569607599801399,0.00715781267037335,0.00697364090880704,0.00170151995462624,0.0030749536632252,0.0064830370034787,0.00902382477675431,0.00855465034661883,0.00265412288061013,0.00435512932446299,0.00308536701724118,0.00381427532986329,0.0076743672076929,0.00387481075153868,0.00434041716527832,0.00551474571446031,0.00277625396852087,0.00653529270231653
0.00290762847218732,0.000876337510963598,0.00570614435061809,0.00716559051045571,0.00698099726805168,0.00170478226711082,0.00307943677472106,0.00647701746158224,0.00904077186574498,0.00856867876209558,0.00265564866378598,0.00435934307369869,0.00309696035163598,0.00381905209090805,0.00768758629551322,0.00388438988627367,0.00434467957324032,0.00552290512714799,0.00278310650925329,0.00654286790222189
0.00290749206966682,0.000876208334281875,0.0057061611752078,0.007169485445599,0.00698568032512737,0.00170444311421853,0.00308003195675512,0.00648843701286597,0.00903674775907883,0.0085631194796382,0.00265813482569976,0.00436127993305755,0.00308469935257217,0.00381539898279272,0.00767701341458089,0.00388191343385202,0.00435258186268466,0.00552421757762949,0.00278189091430225,0.00654642692658296
0.00290053426973437,0.000875087181675127,0.00569999500667267,0.0071567139764577,0.00697082095256608,0.00170333279863301,0.00307407308838659,0.00647160065185197,0.00902373774935576,0.00855570660909877,0.0026518490772252,0.00435146981835278,0.00308161610622508,0.00381352892273076,0.00766466016631659,0.00387463162018222,0.00434046384136415,0.00551555257964434,0.00277818246988845,0.0065361952752516
0.00290033765570263,0.000876304509159747,0.00569919776815732,0.00716287326079477,0.00697883406186152,0.00170566367640906,0.00307869664928709,0.00647497428403868,0.0090301062272511,0.00855877424881659,0.00265696918519459,0.0043568249239993,0.0030818494740362,0.00381680189555052,0.00767411833860549,0.00387926349966241,0.00434435342819731,0.00552686045137051,0.00278050661791139,0.0065396235790597
0.00290268469162814,0.000875319153242859,0.00570334216026704,0.0071606822484446,0.00697871897448656,0.00170396474169417,0.00307859868096736,0.0064765503404732,0.00902520131097565,0.00855699675913547,0.00265428945293868,0.00435398669434471,0.00308122770509759,0.00381634136118224,0.00767146101763244,0.00387665035890029,0.00434192868663848,0.00551877481225405,0.00277790087999964,0.00654103283756249
0.00290053032670319,0.000875749126093813,0.00570295635604805,0.00715931676311385,0.00697754230145904,0.00170284281576597,0.00307598641814898,0.0064750951916723,0.00902034424761533,0.0085538957724868,0.0026531970094012,0.0043534714153786,0.00308310039993784,0.00381466974130842,0.00767005556264558,0.00388031707568245,0.00434148693815563,0.00551768758429467,0.00277791453912939,0.00654942613826249
0.00290603523721575,0.000876749987397988,0.00570372994294443,0.00716621994794941,0.00697841446661453,0.00170462994187984,0.00307931675036529,0.00647887091560038,0.00903477142437977,0.0085678670410512,0.00265786330970219,0.00435733133990727,0.00308389343423623,0.00381605677431834,0.00768501369063924,0.00387862152122973,0.00435104004775889,0.00552395859620971,0.00277999093979736,0.00654072215788195
0.00289716694546245,0.000875162182417968,0.00569482138325626,0.00715867314610533,0.00696951101172695,0.00170502289369302,0.00307424822402298,0.00647024248891204,0.00901932452690464,0.00854947662575114,0.00265243115904635,0.00435420602992167,0.00308061779528042,0.00381154183440428,0.00766691377166739,0.00387570193540672,0.00433931447332624,0.00551411997659161,0.00277709218790411,0.00653529850592676
0.00290154864345619,0.000875694496960708,0.00570093077829569,0.00716267949209879,0.00697588210925673,0.00170383425302516,0.0030797035325956,0.00647468661006536,0.00902878213192391,0.00855763734906793,0.00265363639022556,0.00435554749880829,0.00308577928940302,0.00381362053518935,0.00767362965113748,0.00388214539224021,0.0043448469368851,0.00551820144993654,0.00277915890153389,0.00653873330506653
0.00290359526791512,0.000875804400007173,0.00570373534804334,0.00716096788830298,0.00697848135343138,0.00170350750876945,0.00307803966169798,0.00647114054571449,0.00903680274529084,0.00855437522084746,0.00265481538174457,0.00435548848450492,0.0030844293824536,0.00381244745644257,0.0076732184145209,0.00387598475452214,0.00434129145120625,0.00551997000486881,0.00277829025458861,0.00653665580385055
0.00290196044264635,0.000876282780350799,0.00570561345084036,0.00716280603847953,0.0069809916146368,0.00170520212106678,0.00308273898994754,0.00648393565040415,0.00903443784494111,0.00856352073376896,0.00265802706493193,0.00435810195045828,0.00308449545937213,0.00381687456910246,0.00767627076980669,0.00387998772221471,0.00434525140182277,0.00552746527709627,0.0027818562151957,0.00654517089090938
0.00290414092194642,0.000875959533782495,0.005702667778373,0.0071660103679862,0.00698291906342079,0.0017044315802574,0.00308025736154046,0.00648052674824734,0.00903327864945911,0.00856374057037248,0.00265803455906271,0.00435911479078429,0.00308518249042625,0.0038159929898169,0.00767593851405009,0.0038778182385372,0.00434994106840194,0.00552999355080217,0.0027812449742531,0.00654175606727538
0.00290580930824975,0.000876255204990852,0.00570617669561477,0.00716764347534654,0.00698316244535027,0.00170499022263895,0.00307924401788772,0.00647901931916292,0.0090460509604326,0.00856548262098883,0.00265702377184675,0.00435929255376829,0.00308723019521615,0.00381784037773698,0.00768267290394867,0.00387933865816886,0.00434647239715504,0.0055241058773562,0.00278012962693017,0.00654342969164898
0.0029012764707427,0.000875777249243404,0.00570158443515162,0.00716222449786509,0.00697599960285107,0.00170445205120084,0.00307724121756498,0.00647523786322227,0.0090239950324989,0.00855667646138011,0.00265344939864923,0.00435621039341278,0.00308273896277647,0.00381295863188544,0.00767107643011548,0.0038765546275848,0.00434425090691773,0.00551916712376805,0.00277869876336788,0.00654013175259264
0.00290689134381526,0.000876012188130928,0.00570478860239074,0.00716662885574918,0.00698029454117132,0.00170437142712687,0.0030807816387052,0.00647556509780057,0.0090294582671549,0.00856896687337838,0.00265822313972651,0.0043562328853298,0.00308114138738493,0.00381634559153874,0.00768177607407802,0.00387944422095541,0.00434471266879538,0.00552501788302679,0.002778526023479,0.0065482690937407
0.00290525847427782,0.000874635638028154,0.00569430423573102,0.00715472446394743,0.00697483595807998,0.00170251709698556,0.00307310278204131,0.00646637360795896,0.00902762212464854,0.00855332226883541,0.00265133073459337,0.00435214230715217,0.00308050579128324,0.00380961797484549,0.00766679468870777,0.00387372187658564,0.00433991432200684,0.00551075857481527,0.002777169932327,0.00652899891910972
0.0029067581546749,0.0008763115211157,0.00570527715816644,0.00716580251322655,0.00698426196759724,0.00170441219744833,0.00308116111988362,0.00647884892276572,0.00903462095287623,0.00856480936082948,0.00265628800816361,0.00436297261930573,0.00308422436652986,0.00381604481322627,0.00768413064314561,0.00387964705156551,0.00434867597899006,0.00552205481503817,0.00278084038567766,0.00654735987997716
0.00290736733813224,0.000875832008426898,0.00570213672661484,0.00716753271589381,0.00697882514317426,0.00170496348278275,0.00308001610672212,0.00647519288072709,0.0090309709358326,0.00856266963989416,0.00265538193561034,0.00435782688057772,0.00308493283094812,0.00381843470027754,0.00767611724598098,0.00388095533961029,0.00434375257870226,0.0055212558158468,0.00278165015279349,0.00654063129749832
0.00290639162861308,0.000875898960359823,0.00570241470827153,0.00716456678344973,0.00697868512890336,0.0017070293419596,0.00308091880929729,0.00648443231878945,0.00902528504724083,0.00855976757717014,0.00265500966153412,0.00435672845344397,0.00308368406219587,0.00381709389177424,0.00767453877975412,0.00387749032217294,0.0043498559974056,0.00551931792500101,0.00278286870266112,0.00654096277086745
0.00290335647712011,0.000876099541839275,0.00570324402675532,0.00716347331112958,0.00698245182616166,0.00170404777663698,0.00308303211674651,0.00648015393104781,0.00903135680189788,0.00855836027669285,0.0026559741046819,0.00435625773728049,0.00308338649284685,0.00381346752764368,0.00767354180821723,0.00387883142825948,0.00434392474972443,0.0055221448760113,0.00277901703638299,0.00653629576420897
0.00290571068237402,0.000876310015945944,0.00570730269830793,0.00716667367451954,0.00698299254689919,0.00170516275932867,0.00308018858222248,0.00648034229328481,0.0090371242432089,0.00856584523263706,0.0026581728231551,0.00435936599332662,0.00308440283597881,0.00381634573320098,0.00767572971368489,0.00387957381176899,0.00434488515054516,0.00553121478772233,0.00278174711900848,0.00654373870440161
0.00290355803701657,0.000874394047987838,0.00569629533122177,0.00715357889353076,0.00696630122245465,0.00170402410792,0.00307302480618849,0.0065222074222828,0.00901297896956667,0.00855222310958953,0.00265725256233096,0.00435350559625846,0.00308226678363087,0.00381499683760573,0.00767213956469422,0.00387988972676291,0.00434511721371845,0.00552046549342617,0.00277759909312942,0.00653384452676291
0.00290283475134927,0.000876314338594435,0.00570740111344117,0.00716856290335081,0.0069829609521761,0.00170521863032623,0.00308392464859407,0.00647770715155916,0.00903214693615297,0.00856229996952924,0.00265843862905108,0.00436320488141424,0.00308575548719542,0.00381847597414149,0.00767155999006479,0.00388285339705049,0.00434443696107554,0.00553246896057595,0.00278076707300405,0.00654290599218781
0.00290404830316923,0.000876370387089448,0.00570585988333554,0.0071684500562132,0.00698267567796054,0.0017059172660438,0.00308070209745753,0.00648177824831811,0.00903352937232562,0.0085641079588482,0.00265837165408325,0.00436011532458149,0.00308428561183635,0.00381708852410993,0.00767676641801813,0.00388023823122433,0.00434632506472755,0.00553111649135847,0.00278109415943843,0.00654320445576221
0.00290082469041106,0.000875955988682146,0.00570293088862906,0.00715607916862372,0.00697175165061542,0.00170427991950347,0.00308156870926397,0.00647292460918037,0.0090252936003173,0.00855710353370859,0.00265817568473936,0.00435460240274175,0.00308251533526078,0.00381583020949376,0.00766341005619791,0.00387845709666821,0.00434436031569237,0.0055311805532315,0.00277878819160408,0.00653597625180764
0.00290451626397645,0.000875976565609811,0.00570391727443628,0.00716495387746983,0.00697894082682661,0.00170408448734787,0.0030790353390902,0.00647759737430507,0.00903211447476864,0.00856240051246625,0.00265643459882766,0.00436010293791304,0.00309270459681976,0.00381590207910308,0.00767668230924556,0.0038780583270909,0.004344564938358,0.00552281690739011,0.00277957911654675,0.00654076638428996
0.00290300791303727,0.000876273613734314,0.00570323056774886,0.0071649907332694,0.00697813053529235,0.0017053387250759,0.00308189754892591,0.00647871164910576,0.00903365478436997,0.0085618182583812,0.00265795598186959,0.00435915246599638,0.00308284859795594,0.0038154505472132,0.00767293321446738,0.003877770405555,0.00434665594301759,0.00552880590505108,0.00278033804737546,0.00654195539672297
0.00290645597455842,0.000876784337709525,0.00570429889404262,0.00716748445525001,0.0069785788429403,0.00170433107617357,0.0030780438443101,0.00647863383345213,0.00903841789398853,0.00856673871754368,0.00265555774666368,0.00436436751416177,0.00308797852282151,0.00381624362993486,0.00767681539321197,0.00388087671528465,0.00434689000011492,0.00552406781573119,0.0027808409644957,0.00654815679453088
0.00290847008840171,0.000875432633916998,0.00570141664261159,0.00716079498600155,0.00697800220578555,0.00170340965158596,0.00307579673134927,0.00647299509277067,0.00902701676621935,0.00855715069096437,0.00265466592607433,0.00435672388397523,0.00308550582349814,0.00381763452460337,0.00767074738451072,0.00388099438091397,0.00434220009240554,0.00551743000138412,0.00278249349866925,0.0065382573696755
0.00290210689682089,0.000876435352713595,0.00570583613544591,0.00716893919050175,0.00697984524631155,0.00170553190829493,0.0030808383138549,0.00647718921759502,0.00903182737900507,0.00856495752035007,0.00265718766057715,0.00435867244479293,0.00308372318141612,0.00381614216086152,0.00767538247991403,0.00387891041095064,0.00434494633060969,0.00552930628005423,0.00278140951042291,0.00654272915252473
0.00289813998820566,0.000875244200825292,0.00569403020404703,0.00715621304188041,0.00697163138987528,0.00170250671124474,0.00307297054835581,0.00646891271009455,0.00901865177410888,0.00854876153409749,0.00265156587637327,0.00435106524039508,0.00308044625329178,0.00381002724980659,0.00766511295308162,0.00387350198403995,0.00433690406859872,0.0055110305100489,0.00277579160403963,0.00653000862259181
0.0029016970881953,0.000875248738770654,0.00569643821787152,0.00715109960394302,0.00697147216710568,0.00170143710024231,0.003088415332397,0.00646164817769933,0.00901281591777343,0.00854954987790885,0.00266339637834439,0.00434668002806396,0.00308110461512351,0.00381211643867572,0.00766027207422106,0.00387568227159669,0.0043364876502703,0.00551299866642573,0.00277689015788015,0.00653432067770701
0.00290303160358855,0.000876154049038315,0.00570651746482434,0.00716473280693073,0.00698462720691645,0.00170493096607911,0.00308006257372819,0.00648008334287067,0.00903478247772322,0.00856102738638126,0.00265748231746154,0.0043596314430978,0.00308444810656943,0.00381733391591774,0.00767517926200427,0.0038787177086398,0.0043464273416404,0.00552923520786885,0.00278068644129197,0.00654169739154595
0.00290453150873852,0.00087646537273311,0.00570561002711751,0.00716890485319796,0.00698258590942806,0.00170555516935962,0.00308062296481567,0.00647911829611906,0.00903484922025047,0.00855682725963455,0.00265855451807917,0.00435977147877044,0.00308538354852157,0.00381601880877526,0.00767683482176127,0.00388216196495555,0.00434820134346567,0.00552972073539358,0.00278169128498226,0.00653792825047985
0.00290573772248989,0.00087658242693983,0.0057059524419885,0.00716620759070434,0.00698117092996454,0.00170531943724881,0.0030802102680752,0.00648229397705657,0.00903340720686181,0.00856365378855214,0.00265563647950007,0.00435862034184454,0.00308448579432262,0.00381598028980711,0.0076749160565433,0.00387931603634453,0.00434512194315915,0.00552859738723885,0.00278055602096986,0.00654225016863234
0.00291048673875658,0.000876693511246095,0.00570511090904019,0.00716582914358187,0.00697958915200327,0.00170558563875064,0.00308098698599043,0.00648012817262448,0.00905228983743149,0.00857987036312203,0.00266095608544556,0.00435959949020435,0.00308442248830537,0.0038182808323534,0.00767706908192685,0.00388176084743448,0.00435279790247225,0.00553221765920159,0.00278257086637622,0.00654405793189504
0.00290844095153914,0.000876456185555868,0.00570292164153007,0.00715615326751706,0.00698082241953985,0.00170308794141491,0.00307405042445329,0.00647032654369773,0.00903011031492723,0.00857433243434061,0.00265851119367006,0.00435314653744175,0.00308491434166363,0.00381720430594976,0.00767348491059105,0.00388267118608464,0.00433981087125665,0.00551961537484508,0.00277928070701346,0.00655046265444624
0.0029033095308941,0.000876424157596049,0.00570474551068679,0.00716181503732179,0.00698314546460583,0.0017042759487413,0.00307852688643454,0.0064769578746431,0.00903106123581416,0.00856041381953467,0.00265545079519677,0.00435815837525628,0.00308413131517248,0.00381522278011849,0.00767400837430465,0.0038790581439395,0.00434402965467147,0.0055270784612428,0.00278009684826429,0.00654105976233416
0.00290707264328766,0.000876367389741041,0.00570501294594065,0.00716667955513832,0.00698313839105396,0.00170523094144249,0.00307844829272803,0.00648288990882221,0.00903288424269504,0.00856960032618296,0.00265566305953277,0.00435916600221806,0.00308756696732677,0.00381581699494948,0.00767699160633382,0.00387966545830409,0.00434657741907841,0.00552449073193033,0.00278008360894685,0.00654507832756825
0.00290748970647009,0.000875911318159474,0.00570361534289566,0.0071576031007195,0.00697985592652286,0.00170374362148695,0.00307745003584107,0.00647776942523557,0.00903589944649323,0.00856143983598968,0.00265729342457621,0.00435790535364268,0.00308389217432471,0.00381520424898383,0.00767319854634486,0.00387821976104875,0.00434344304274848,0.0055195470330426,0.00277948446620667,0.00654086993365524
0.00290597412345259,0.000877096199305542,0.00570650054635466,0.00716614035370511,0.00698315908877686,0.0017049510451927,0.00308210466414741,0.0064819267541776,0.00903608528095237,0.00856177640467463,0.00265674010544465,0.00436392131354782,0.00308743762188448,0.00381577649135718,0.00768419720681674,0.00388015267978785,0.00434980015312645,0.00552360460957395,0.00278097769205044,0.0065486778819646
0.00290087438173289,0.000875746340278221,0.00570071269683031,0.00715945726173486,0.00697493979970429,0.00170807848908139,0.0030747082842759,0.00647142579370595,0.00902125688439684,0.00855639423094494,0.0026532966864792,0.00435441817103699,0.00308204179011196,0.00381304674837882,0.00766757077812042,0.00387496592051517,0.0043399594693524,0.00551681043120873,0.00278336249337075,0.00653710053798762
0.00290141463613612,0.000876429800081352,0.00570287141262599,0.00716932315132751,0.00697834965582717,0.00170513243732511,0.00307715953129101,0.00647482993524158,0.00903209577628558,0.00856289889357706,0.00265754245004093,0.00435923270783127,0.00308312772097105,0.00381401239649518,0.00767358890644477,0.00387801436842394,0.00434407868350319,0.00552641222705023,0.00277960725130229,0.00653962000380093
0.00290144954090079,0.000875187520277003,0.00569979173500077,0.00716002417014939,0.00697470331423665,0.00170403136118379,0.00308142658271221,0.00647465123903967,0.00902671887357377,0.00855507176903958,0.00265621586419002,0.00435507916870125,0.00308206167784195,0.00381550398157488,0.00766784680202158,0.00387735097228082,0.00434171710117881,0.00552482263555602,0.00277945219829332,0.00653633470717085
0.00290175854361245,0.000876013932124148,0.00570405072510547,0.00715954489923467,0.00697376487274469,0.00170501657341875,0.00308043586392988,0.00647632406818272,0.00903179292558079,0.00856390374012228,0.00265713290621431,0.00435846942971366,0.00308389592117113,0.00381929804764912,0.00767206872832089,0.00387629191439506,0.00434373637050772,0.00552528388862982,0.00278101902046842,0.00654085468024658
0.00290089237060476,0.000875266334670065,0.00569722187111477,0.00715732200439663,0.00697202327190563,0.0017029985896121,0.00307622846580552,0.00647478763220383,0.00902212212092174,0.00855360010856326,0.00265331681608516,0.00435351433030208,0.00308039624722203,0.00381474104865612,0.00766458931384249,0.00387760387509298,0.00434103312719158,0.00551415660217604,0.00277795831904213,0.00653543745474798
0.00290727893567801,0.0008763791404543,0.00570403838318367,0.00716753950690598,0.00698272981005267,0.00170522467093805,0.00307959215680632,0.00648190508262382,0.0090387600349984,0.0085644436019175,0.00265937204111627,0.00436022530233608,0.00308517389464031,0.00382155135967863,0.0076802136729447,0.00388130440875198,0.0043521784729602,0.00552430342836129,0.00278142760201608,0.00654312372370394
0.00290359493919832,0.000875567137903533,0.00569967703409203,0.00716339554106229,0.00697330893244224,0.00170507972102319,0.00307831163251512,0.00647637765783623,0.00902237295571347,0.00855155887518252,0.00265732903301113,0.00435411522944746,0.00308283771581771,0.00381181174288214,0.00767298873058068,0.00387974541176292,0.00434409426436049,0.0055274653433188,0.00277967566838879,0.00653892716568879
0.00290581923505922,0.000875269956118353,0.00569782146863205,0.00715837942342751,0.00697251296868864,0.00170370468672635,0.00307619071985319,0.00647539878420487,0.0090236376215343,0.00855893473952151,0.00265375822950215,0.00435902918886049,0.00308288761741248,0.00382108752234183,0.00767274640017023,0.00388066203457893,0.00434637197226566,0.00551735446628879,0.00278098992298174,0.00653904959868215
0.00290872726851911,0.000876234859372103,0.00570372084535432,0.00716532129680286,0.00698193172299193,0.00170467329167641,0.00307757568257951,0.00648427474120157,0.00903019485131391,0.0085612118214113,0.0026634989251136,0.00435684516025999,0.0030832294605347,0.00381532661508517,0.00767607585427764,0.00388159518561426,0.00434457659591089,0.0055245443761161,0.00278837702928545,0.00654340023025988
0.00290562224297774,0.000876137164044548,0.00570427270779649,0.00716413123586793,0.00698211294574858,0.00170612818120023,0.0030915695048502,0.00648486381418601,0.00902909777394131,0.00856278065305723,0.00266719642213451,0.00436295529504604,0.0030826198386864,0.0038350081550262,0.00767705948686131,0.00388391394794959,0.00436236123347774,0.0055235859135158,0.00279550836774525,0.00654853898932356
0.00290201131226353,0.000875794740401749,0.00569985680718486,0.00716015488881656,0.00697563080906272,0.00170491712404849,0.00308000580093613,0.00647501202246167,0.00902714717671878,0.00855522589392583,0.00265513402762377,0.00435507500325868,0.00308144873480234,0.00381451797978048,0.00766862108335812,0.00387548320098859,0.00434473039873511,0.00552548667319949,0.00278003593872659,0.00653694012402581
0.00290031107171498,0.000874835283439476,0.00569819607293473,0.00716237877124623,0.00697223161463763,0.00170285468531945,0.00307448287012451,0.00647943802734834,0.0090219716391319,0.00855194195288737,0.00265210246745379,0.0043516506575462,0.00308081928934117,0.00381195646453685,0.00766625529968563,0.00387459633531285,0.00434534295039946,0.00551442657664393,0.00277914847418569,0.00653129138910706
0.0029020368838546,0.00087575612376943,0.00570324254660687,0.00716255437682535,0.00697354895883285,0.0017041510785446,0.00307459936006741,0.0064752071662222,0.00902733930425426,0.00855790091557514,0.00265590409579337,0.00435698071986641,0.00308114125026587,0.00381188670076823,0.00767212872609063,0.00387682061902773,0.00434184976443026,0.00551641479834878,0.00277941175315977,0.0065381948219098
0.00290402489991574,0.00087623492767326,0.00570494807173431,0.00716326668093798,0.00697735818982288,0.00170488375498319,0.00308012351563132,0.00648179145242385,0.00903158303350439,0.00856025554372972,0.0026573587198547,0.00435871973118651,0.00308607753481844,0.00381566253489691,0.00767541908335894,0.00388022695332307,0.00434563474798647,0.00553091409924702,0.0027827448875739,0.00654280286299852
0.00290416198572703,0.000875624642494233,0.00570671480484578,0.00716744736577056,0.00698109403042777,0.00170492569320747,0.00307870955736708,0.00648074259850911,0.00903343460764636,0.0085626423732691,0.00265537349918434,0.00435817838531498,0.00308519119953282,0.00381508306888474,0.00767315200239329,0.00387948863490392,0.00434592606012377,0.00552515614731275,0.0027801155508865,0.00654262112964866
0.00290447294949267,0.000876603028261157,0.00570423616509289,0.00716109492825227,0.00697544016033651,0.00170390561427603,0.00307771923120825,0.00647477164812326,0.00903082184358387,0.00855870182058027,0.00265259780935225,0.00435655196853385,0.00308468277275448,0.00381740184620615,0.00767206654639388,0.00387660263969765,0.0043435036060302,0.00552380440225734,0.00277878000888616,0.00653866489853834
0.00290663334645702,0.000875274637373148,0.00569954944423015,0.00716050954583107,0.00697687798705943,0.00170507808865874,0.00308016607873812,0.00647389289732861,0.00903855593277879,0.0085597888627959,0.00265492008679418,0.00436150836787139,0.00308454769020591,0.00381715172434615,0.00768418626332273,0.0038743728820232,0.0043486584764727,0.00551342915371952,0.00277645833630928,0.00653890719838846
0.00290293554810182,0.000875790600067625,0.00570450372205702,0.00716317402902748,0.00697663620729891,0.00170533702593608,0.00307604794832434,0.00648059454701067,0.00902621610522861,0.00855944610295724,0.00266620097062788,0.00436100697208205,0.00308552159646078,0.00381777638638696,0.00767081317159467,0.00387789284912708,0.0043430034555946,0.00552289768941748,0.00277772253082555,0.00653652894717621
0.00290421302729442,0.000875932968390783,0.00570197831820757,0.00716197587412347,0.00697312285384212,0.0017073205624636,0.00307821404402825,0.0064790738890193,0.00902641126704444,0.00855696648749781,0.00265636648516488,0.00435784106889161,0.00308272646403225,0.00381430098713474,0.00767224258862178,0.00387771060344549,0.00434329458152365,0.00552573809689759,0.00277900043494156,0.00653931269681521
0.00290377195746626,0.000875789875899067,0.00570368667789081,0.007160883321474,0.00697616774922724,0.00170339438046732,0.00307874279550411,0.00647642190267745,0.00902703700995375,0.00855672637153725,0.00265639441418416,0.00435852171141261,0.0030852445947285,0.00381529539122734,0.0076715330529773,0.00387696211893918,0.00434324037136769,0.00552333085338451,0.00277908814031111,0.006543805188471
0.00290579847820409,0.000876302729439736,0.00570733994728298,0.00716502392712594,0.0069807318030762,0.00170563594364178,0.00308293539136993,0.00648304762746031,0.00903321774447887,0.00856697752580452,0.00265553495329496,0.00436254775846723,0.00308754104793704,0.00381808773505919,0.00768123409947993,0.00388147727355481,0.00434951190938183,0.00552559902540783,0.00278191386609018,0.00654213877266789
0.00290543458720826,0.000876436174990341,0.00570456544170433,0.0071642532943619,0.00697904061899484,0.00170412791296848,0.00307788637688158,0.00647758789207238,0.00903156371245813,0.0085618230971821,0.00265508555563064,0.00435649884853914,0.00308347708805797,0.00381628188263892,0.00767586915646369,0.00388226018476869,0.00434524902681482,0.00552379101981486,0.00277977159499676,0.00654131231135919
0.00290412402323777,0.000876300690316764,0.00570503539126361,0.00716913477318669,0.00697709426333954,0.00170508597441276,0.00308074277608734,0.00647905962285034,0.00903616762871951,0.00856080173649193,0.00265825453457889,0.0043587613445986,0.00308267928638359,0.00381601327930756,0.00767603234959249,0.00387870012109576,0.00434633720404583,0.00552753722537039,0.00278227937261702,0.0065436443867654
0.0029066577323573,0.000875956446346841,0.00570644935144339,0.00716559638226492,0.00698228966350064,0.00170699203392117,0.0030775182450643,0.00647853419985628,0.00902910105658313,0.00856318299700673,0.00265586642112626,0.0043582467331261,0.00308435391725277,0.00382168401512791,0.00767777080949976,0.00387963246304605,0.0043517095032653,0.00552904996486424,0.00278379146017233,0.00654398194157235
0.00290905002010584,0.000876379381311857,0.00570478854489214,0.00716469867899589,0.0069805440503759,0.00170443375936936,0.0030833339590183,0.00647700514884041,0.00902771852515338,0.0085647544042847,0.00265461600449987,0.00436464129504448,0.0030885858223379,0.00381580631324116,0.00768697231381273,0.00387854118207367,0.00434367333105764,0.00552133153331706,0.00278009218054037,0.0065431722787479
0.00290205004542468,0.000875450692604756,0.00570073450443063,0.00715745258736678,0.00697387352337632,0.00170321849720083,0.00307902531689146,0.00647296226649925,0.00902689437946337,0.0085566727272882,0.00265691035614898,0.00435589010736963,0.0030816917814529,0.00381180843221973,0.00766915191920222,0.00387496465956581,0.00434303819317026,0.00552559976763299,0.00277705154758889,0.00653554958875846
0.00290380196441328,0.000876115946270378,0.00570478621299485,0.0071669961109279,0.00698092632783618,0.00170473488336182,0.00308068881786916,0.00648062883252139,0.00903095691751289,0.00856121305673922,0.00265717011444757,0.00435918718825672,0.00308325799369794,0.00381566989242817,0.00767400959014429,0.00387875618687345,0.00434467709656439,0.00552951135390597,0.00278085681109158,0.00654048136146637
0.0029067430648906,0.000876311714711731,0.00570484784225846,0.00716737751443799,0.00698205918027544,0.00170553722479532,0.00308408183245848,0.00647927799625173,0.00904395347966385,0.00856575428208087,0.00266120586386737,0.00436710726805192,0.0030864114450067,0.00381985805090624,0.00767513824157059,0.00388683493196056,0.00435185195639727,0.00552423414928891,0.00278597141729605,0.0065426960840563
0.00290659620940691,0.000875393352766484,0.0056988726918883,0.00715756563672404,0.00697756588476961,0.00170230295855802,0.00307507040529976,0.00647402666870231,0.00902592366188124,0.00856799473489938,0.00265709859211111,0.00435160438988126,0.00308170014757905,0.00381854684928248,0.00767805568982636,0.00387605270683668,0.00434736258818225,0.00551560987448576,0.00277823891324568,0.00653411912178661
0.00290391435946046,0.000875565482890224,0.00569848867221105,0.00716150561094928,0.00697756185515345,0.00170389001063708,0.00307787807970311,0.0064778564832022,0.00902462343527291,0.00855476095934196,0.0026617941747878,0.00435430316537275,0.00309195790527346,0.00381257704165302,0.00766772540907206,0.00387821272241691,0.00434485968495639,0.00551681248518659,0.00277763626007949,0.00653659959936641
0.0029006831637998,0.000875724485678557,0.00569785559640021,0.00715829135640093,0.00697422969995306,0.00170264876491098,0.00307551843730517,0.00647250816844958,0.00902127048559952,0.00855359312809011,0.00265250322182758,0.00435343813369184,0.00308157255464236,0.00381188252934465,0.0076670914354442,0.00387524042472845,0.0043401653247743,0.00551652575678323,0.0027773439389651,0.00653801779603028
0.00290416069351317,0.000876510783662723,0.00570429443255081,0.00716987195613772,0.00697882902415634,0.00170588271459486,0.00308247202273824,0.0064790616145713,0.00903563699297699,0.00856446374276515,0.00265965847042146,0.00436029508308618,0.0030848005017254,0.00381815696008816,0.00767636745355259,0.00387973618818882,0.0043467002317569,0.00553337830406574,0.00278254604755629,0.00654203553650691
0.00290399481326057,0.000876292056063841,0.00570358496684441,0.0071631818708024,0.00698008663294187,0.00170463802031885,0.00308126915207945,0.00647966364889197,0.00903288002274912,0.00856188620226647,0.00265764917665254,0.0043601528447677,0.00308496514583352,0.00381531450616966,0.00767228625645562,0.00387883791697016,0.00434513687723053,0.00552819000567278,0.00278183106623085,0.00654170263244005
0.00290832488825661,0.000876407146219916,0.00570590436935618,0.00716451451104364,0.00698332490780448,0.00170580101345608,0.00308062667067964,0.00647936753202475,0.00903568523747811,0.00856304429973424,0.00265685048234163,0.00435883508634733,0.00308447170679239,0.00381735049841998,0.00767635585525389,0.00387946637046584,0.00434752406234849,0.00552333928657984,0.00278096145431476,0.00654292158662677
0.00290743210351662,0.000876204956911105,0.00570629645519263,0.00716596755332714,0.00698427164091359,0.00170547185744738,0.00307894768357367,0.00647811078078749,0.00903027267109535,0.00856645106031345,0.00266011948480587,0.00435885344132511,0.00308504242503803,0.00381830065010849,0.00767754009795403,0.0038797746798767,0.00435231665481941,0.00552113093773426,0.00278110002147215,0.00654396601689356
0.00290108780462126,0.000875724056978584,0.005701851381482,0.00715949716954657,0.00697541032634434,0.00170288236316082,0.00307555396838406,0.00647479137310349,0.0090249121149589,0.00856107385189261,0.00265305505826133,0.00435498763373217,0.00307998347747389,0.00381637795922994,0.00767404104161861,0.00387910815333141,0.00434562228203396,0.00551708233591645,0.00278046131965158,0.00653516852778414
0.00290180534485429,0.000876004017599229,0.00570422012563137,0.00716676725721458,0.00697690771066183,0.00170388076899384,0.00307704334720793,0.00647667266438288,0.00902749001073085,0.00855811533697874,0.00265329722038203,0.00435595519764505,0.00308246058424062,0.00381483854353559,0.00767299524453673,0.00387806104670548,0.00434338530711617,0.00551803392889846,0.00277865976109832,0.00653986366899513
0.00290467436263551,0.00087671090286636,0.00570069770996525,0.00716159899388443,0.00698006816958223,0.00170476165080196,0.00307792416667857,0.00647721369581541,0.00903884784949479,0.00855728193477127,0.00265621887980593,0.00435951982422017,0.003085495270177,0.00381725816643519,0.00767342498708609,0.00387846234372784,0.00434738229097022,0.00552556635963831,0.00277979929071187,0.00654206196809624
0.00290464078557741,0.000875814379896876,0.00570574545517552,0.0071682613371236,0.00698114908557316,0.00170576485327468,0.00308107870370532,0.00648273922588935,0.00903340446253819,0.00856180480766455,0.00265887622363552,0.0043601627418272,0.00308586530485984,0.00381640296363713,0.00767383336608028,0.00387908766648132,0.00434680785658924,0.00553110743559218,0.00278200532148237,0.00654362998474457
0.00290254656818667,0.000876406776204013,0.0057029057696823,0.00716759821627815,0.00698334362175054,0.00170517989177935,0.00308021786540511,0.0064772590231246,0.00903213771624846,0.0085625161239412,0.00265706209854781,0.00435786668996898,0.00308515756399547,0.00381613987828944,0.00767051399800028,0.00387995402117477,0.00434485732212803,0.00552831010497679,0.00278115804043667,0.00654205999847621
0.00290637410227481,0.000876356708287384,0.00570627919450583,0.00716752345912792,0.00698284859657299,0.00170687961836975,0.00307904287836945,0.006485269621812,0.00903586943968436,0.00857231840283403,0.00265659847453288,0.00435808978292814,0.0030878554021915,0.00381787258404499,0.00767924121973057,0.00387941838771203,0.00435059822849833,0.00552282170420024,0.00278484526627971,0.00654846136517905
0.00290577794454654,0.000876391081575029,0.0057060675639064,0.00716606959006185,0.00698208092756044,0.00170497438057704,0.00307896652190912,0.00647528494289459,0.00904197706610582,0.00856154711513576,0.00265666908301884,0.0043571532316587,0.00308262362272002,0.00381863566391649,0.00767866189473964,0.00388029189386684,0.00434902242239132,0.00552087238836997,0.00278340842322043,0.00654434110597689
0.00290575479617673,0.000875797183037082,0.00570691750550501,0.00716309650051887,0.00697821828925318,0.00170701141303015,0.00308082976814273,0.00648217769549612,0.00903393903160329,0.00856747560018423,0.00265803982001479,0.00435774798820173,0.00308622500840071,0.00381547049532223,0.00767381465709974,0.00387944727041491,0.00434487512723805,0.005529656112243,0.00278211208097571,0.00654317720352224
0.00290428100246213,0.000876029375487756,0.00570462669040308,0.0071615929139904,0.00698049130884471,0.00170543092651955,0.00308252289124249,0.00647439925422624,0.00903097495640461,0.00856131463831973,0.00265686285139943,0.00435704253583641,0.00308522531925227,0.00381682546094621,0.00767676288268566,0.00388022030853291,0.00434729889182273,0.00552824036203408,0.00277995604782833,0.00653783126084297
0.00290430206812047,0.000876354623354488,0.00570090875073805,0.00716082768147085,0.00698281701001213,0.00170549421848545,0.00308080796714074,0.00648173061958986,0.0090329259471256,0.00856355022734429,0.00265756483995271,0.00435871413654817,0.00308396584764741,0.00381626981102379,0.0076760939502908,0.00387922118271048,0.00434342732740788,0.00552973911602005,0.00278110960250847,0.00654266423706064
0.00290433950488106,0.000876499224972709,0.00570473792169901,0.0071655973847078,0.00697936032745028,0.00170447542515653,0.00308071460577277,0.00648009857184412,0.00903394665201917,0.00856189265053385,0.00265718773046134,0.00435959946625718,0.0030857885499996,0.00381570633548854,0.00767735703466166,0.00388117364472136,0.00435144107308772,0.00552649878549958,0.00278190204652428,0.00654685924655566
0.00290973116985734,0.000876454447221555,0.00570562785928201,0.0071690799134941,0.00698221950304384,0.00170784526400364,0.00308350435693496,0.0064897084385878,0.00903258922038785,0.00856499394207277,0.00265642072089891,0.00436009366763666,0.00308424398975831,0.00381602105431176,0.0076895611863129,0.00388698669047703,0.00434609167219216,0.00553088646184859,0.00278097250180104,0.00654344815753085
0.00290332731277887,0.000876777400658941,0.00573806349623475,0.00716701688202159,0.00702246872841203,0.0017066134440883,0.00308054472892664,0.00647939619380994,0.00903887718833941,0.00861036691150026,0.00266086982848241,0.00436235535116784,0.00310212743883612,0.00381654222936391,0.00768191152516799,0.00390133096471834,0.00434927443318029,0.00556032571574442,0.00278337382796253,0.0065459383941603
0.00290421157841115,0.00087565164630713,0.00569903948007454,0.0071582224605059,0.00697330479501753,0.00170817946806454,0.00308433856971393,0.00647807532194307,0.0090231149083574,0.00855322663437808,0.00266139119923574,0.00437390105200273,0.00308985387419951,0.00382410301829135,0.00766746773815146,0.0038759674882762,0.00434452171605879,0.00551524446023505,0.00277719764793197,0.00654290790468181
0.00290498223207045,0.000875792629757179,0.00570355477006158,0.00716649077596764,0.00697682149722564,0.0017031302158986,0.00307920945438675,0.00647995754794769,0.009026560656973,0.00856475093035391,0.00265406116670241,0.00435544451952582,0.00308213349634363,0.00381453017908373,0.00767316680635336,0.00387759731505273,0.00434308814335953,0.00552499727199257,0.00277903871898477,0.00653865884827068
0.00290763292807546,0.000876494437255894,0.00570594279861195,0.00717091868898495,0.00698311925730405,0.00170635316317547,0.00308258244313347,0.00647875841778111,0.00904504029553192,0.00857320511955531,0.00265965242199108,0.00436335310486357,0.0030852309874129,0.00381745028944832,0.00767820183303271,0.00388063685649433,0.0043519916289314,0.00552315628325741,0.00278576477242461,0.00654923020701942
0.00290488820949001,0.000875321706530614,0.00569890772672122,0.00716017312218377,0.00697631303122265,0.00170264855884475,0.00307399468208313,0.00647063822309226,0.00902763957426727,0.00856346273892905,0.00265725840785343,0.0043551544087854,0.00308531263618568,0.00381281768298993,0.00766937935915045,0.0038758456383219,0.0043404002427515,0.00551524964894027,0.0027777533855156,0.00654590837188952
0.00290571953153835,0.000875670814746504,0.0056978352130666,0.00716306934044132,0.0069791705381457,0.00170570749377347,0.00307759907662355,0.00647068562996348,0.00902859365060622,0.00856662782708464,0.00265342455825263,0.00436075561002247,0.00308412909484714,0.003816492684466,0.00767160929167146,0.00388176542951313,0.00433929733633788,0.00552328096495161,0.00277907315444319,0.00654637788932833
0.00290406830659166,0.000876286281630285,0.00570289843106585,0.00716630465632239,0.00698185179084187,0.00170566861868524,0.00308104805633387,0.00648023382130253,0.00903584110326215,0.00856528060637996,0.00265802416942756,0.0043585746965464,0.00308479303239498,0.00381645623146672,0.00767565726551269,0.00387989554468564,0.00434669900109971,0.00553024235086456,0.00278085927246404,0.00654282614884881
0.0029056149219726,0.000876500065690601,0.00570781215946478,0.00716882132285908,0.00698336510663528,0.00170680233793396,0.00307918283281662,0.00647950260129798,0.00903412073763736,0.00857206076584027,0.00265654884094094,0.00435947187058103,0.00308541686033845,0.0038170941128911,0.00767435822487872,0.00388165028176656,0.00434870401182968,0.00552682603780012,0.00278091286484825,0.00654739865203841
0.0029013539943776,0.00087549396413304,0.00569793886665457,0.00716173231240062,0.00697323645895653,0.00170261904585531,0.00307719770955709,0.00647313674718636,0.00902428316390676,0.00855546403397306,0.00265299857686733,0.00435811679097138,0.00308383642760183,0.00381430223538413,0.00767334503562101,0.00387596944138175,0.0043448248825725,0.00551455402027589,0.00277882708120358,0.00653715386284227
0.00290316458249524,0.00087522991758966,0.00569781581837736,0.00715660828660066,0.00697249454622989,0.00170437061856832,0.00307511468880123,0.00647055700044971,0.00902102155137,0.0085509140532124,0.00265297111412108,0.00435307724833672,0.00308093341820449,0.00381130592453359,0.00767036460761473,0.00387515370942601,0.00434053322405078,0.00551549717206703,0.00277675537065245,0.00653633987615554
0.0029035369059765,0.000875547039873177,0.00569629884623352,0.00715692518000358,0.00697260897257178,0.00170202075213293,0.00308037077958165,0.00646876746559869,0.0090188052615773,0.00856267806877285,0.00265361483978326,0.00435190401964953,0.00310260097778518,0.00381202813385895,0.00767300835169216,0.00387589571929528,0.00434549191479198,0.00551575354754812,0.00278005329964653,0.00653444571809261
0.00290596280722798,0.000876190420661899,0.00570565439065687,0.00716426381172631,0.00697828980561374,0.00170411847090856,0.00307896778558153,0.00647828820597952,0.00902951891382156,0.00856851326463676,0.00265796892018053,0.00435838470364757,0.00308380797014467,0.00381506935763345,0.00767617861669644,0.00387933319775791,0.0043454817729697,0.00552510325915225,0.00277980631123277,0.00654861579287805
0.00290603944964994,0.000875153473909341,0.00570142788287374,0.00716053684430696,0.00697381641430483,0.00170544287802998,0.00307795459287631,0.00647755528031632,0.00902367423223845,0.00856281853220778,0.00265899420301999,0.00435674165351052,0.00308252978813542,0.00381529986485275,0.00767256527083588,0.00387637282161118,0.00434181919058373,0.00551924500475236,0.00278121854042439,0.00653576332863288
0.0029043181439527,0.000876319985825915,0.00570628234422872,0.0071662838524101,0.00698117184999304,0.00170538763091376,0.00308057589033417,0.0064810152019503,0.00903359446179731,0.00856177656329843,0.0026575826981605,0.00435872950044383,0.00308573852048904,0.00381525678128769,0.00767470079338048,0.00388139932180636,0.00434520085405019,0.00552913440480854,0.00278082364174808,0.0065424522506781
0.00290374390459291,0.000875833493458373,0.00569921143013233,0.00715819335506336,0.006973902315766,0.00170218095252561,0.00307465471947806,0.00647157744433872,0.00902182955463601,0.00855722484682442,0.00265384478562364,0.00435284321109556,0.00308075367123199,0.0038142039251821,0.0076723357934656,0.00387761821274344,0.00434304428019459,0.00551473539239905,0.00277629253825194,0.00653977468247709
0.00290307353081637,0.000875705385046955,0.0057035147435784,0.00716386660539422,0.00697802503551027,0.00170590142549773,0.00307973375700139,0.00647586339897782,0.0090309323035573,0.00856282292350048,0.00265460992406144,0.00435943541812633,0.00308404031386524,0.00381645291836187,0.00767537675298664,0.0038834512399421,0.00434543541867512,0.00552669055579228,0.00277916903730175,0.00654438822239495
0.00289854205923718,0.00087460482115175,0.00569592192989571,0.00714900499207381,0.00696918871629057,0.00170222602291298,0.00307192047851777,0.00647092967475518,0.00902391933443515,0.00855334512254944,0.00265300503234283,0.00435648962086754,0.00308205040753202,0.00381725933116286,0.00765844718739274,0.00387454750920949,0.00433878747191275,0.0055148670555978,0.0027749273413816,0.00653536238419278
0.00290646602170481,0.000876498947788448,0.00570528492032839,0.00716849391973846,0.00698339482774201,0.00170486397280585,0.00307889218614618,0.00647983885757411,0.00903589897958194,0.00856730412164928,0.00265644417383589,0.00436044945421103,0.00308420123432385,0.00382133218098889,0.00768590333505893,0.00388437689266434,0.0043472558800665,0.00552794033080791,0.00278124817985583,0.00655045731093305
0.00290687127005304,0.000876293077467183,0.00570246936871141,0.00716251354456024,0.00697696721174789,0.00170609226504642,0.00308017573006626,0.00647686565385936,0.00902740771532223,0.00856336915809375,0.00265408437113935,0.00435872095181927,0.00308463305379022,0.00381904099464018,0.00767505624850353,0.00388022494142758,0.00434398878711435,0.0055178884055935,0.00277912892270263,0.00653970701797073
0.00290584189668378,0.00087706449109435,0.00570433924763922,0.00716883822900079,0.00698124376167628,0.00170657737970752,0.00307961040506647,0.00648038123647842,0.00902795453073244,0.00856900863841518,0.00265689556669606,0.00435961674263352,0.00308585397956224,0.00381539675964751,0.00767155605200979,0.00388055681433657,0.00434668880411839,0.00552576280801433,0.0027813996717352,0.00654678175677364
0.00290162112075245,0.000874659966401708,0.00569584724637514,0.00715460140998408,0.00697250892291571,0.00170295705163755,0.00307967601919159,0.0064685983089123,0.00902101667208027,0.00855889939527966,0.0026535085864328,0.00435307555876593,0.0030815940544787,0.00381158653661588,0.00766456699511497,0.00387669700440499,0.00434117162636421,0.00552243653530338,0.00277733520468664,0.00653561903209946
0.00290657015006387,0.000875309336737405,0.00569543173093778,0.00715889663178825,0.00696495939315441,0.00170291814841633,0.00307424941066977,0.00646774706092036,0.00901172503546525,0.00855291039105327,0.00265601360190351,0.00436285172096761,0.00308520645719791,0.00381228244162744,0.00767253739646533,0.00388233207545967,0.00433989625480061,0.00551612159310537,0.00277794927828723,0.00653591307753139
0.00290230054002643,0.000875781279114118,0.00570120735917783,0.00716427460853256,0.00697867087666979,0.00170531619280763,0.00307760189952918,0.00647799898744625,0.00902931191097479,0.00856395551685513,0.0026554679553154,0.00435720977493269,0.00308337635216132,0.00381663228425215,0.00767447773241759,0.00387909451981141,0.00434317567072735,0.00552147449572974,0.0027802639413717,0.00654184864586764
0.00290593715971229,0.000876363874044489,0.00570469130259947,0.00716638798770139,0.00698121916543449,0.00170565070987963,0.00309328906399915,0.00647819695764221,0.00903399641420853,0.00856498223250307,0.00265587686200998,0.00435754783127755,0.00308410733462929,0.00382059584600073,0.00767517233035846,0.00387885605646118,0.00434845001437058,0.00552183077013356,0.00278170841708761,0.00654903108274043
0.00290436947082553,0.000875667184425899,0.00570512055676492,0.00716393368980092,0.00697750971559065,0.00170554025603184,0.00308215117229827,0.00648008740708011,0.00902806780264394,0.00856299451814388,0.00265841636238213,0.00436025845751861,0.00308180824915199,0.00381510148740593,0.00767308663906639,0.00388017540820087,0.00434803752729862,0.00552213314232906,0.00278244619813003,0.00654048994212453
0.0029071558646344,0.000876050726119898,0.0057045584272084,0.00716702800456328,0.00697881626769774,0.00170418105915953,0.00307940333093706,0.00647709515145775,0.00903042654358506,0.00856144955091704,0.00265660467982121,0.00435752929414217,0.00308429769877205,0.00382244190560809,0.00768284694446776,0.00387862858134471,0.00434998827473997,0.00552179580020738,0.00278074820189282,0.00654840885714577
0.002899786020374,0.000875404159371516,0.00569834098023896,0.00715539193221545,0.00697369015273717,0.00170257756996133,0.00307439838978638,0.00647808822756831,0.00901940290406458,0.00854788316602193,0.00265357705015614,0.00435332269079784,0.00308639651592738,0.00381185803903437,0.00766600017833179,0.00387421497642334,0.00434006935772374,0.00551302245333113,0.0027764729411393,0.0065338244273685
0.00291047592709969,0.00087631507962054,0.00570564965373272,0.0071661113248997,0.00698263136128245,0.00170590231036834,0.00307964274319428,0.00647856334312842,0.0090416604193434,0.00856979940043489,0.00265939504790884,0.00436194234065642,0.00308474187990408,0.00381716766157781,0.00767745861832622,0.00388020728392518,0.00434895977571761,0.00552246850330302,0.00278164509209512,0.00654356349549104
0.00290224502430217,0.000875767248397616,0.00570324140965399,0.0071630950829078,0.00697682819742803,0.00170433513332369,0.00307925255644926,0.006477010111968,0.00903071895347726,0.00855914414194958,0.00265724780430086,0.00435802015367568,0.00308214192534645,0.0038151435791031,0.00767163028994936,0.0038780168035673,0.00434541221279213,0.00552763716202222,0.00278030274975074,0.00653858954067385
0.00290342639579907,0.00087558452766662,0.00569855771793407,0.00716380097711311,0.00697921761667597,0.00170446064858998,0.00307907736203377,0.00647272833012264,0.00902464773248089,0.00856036697567566,0.00265652144364495,0.00435634101547411,0.00308316346188907,0.00381723581499068,0.00767592835161374,0.00387904043343101,0.00434394473883336,0.00552607187198204,0.00278130623330148,0.00653954945296995
0.00290202785818053,0.000875966803697885,0.00570238833214013,0.00716365826464611,0.00697792581944943,0.00170472407004181,0.00307632048955215,0.00647570230283903,0.00902638808984325,0.00856076192093147,0.00265368062342493,0.00435844721372594,0.00308426798762508,0.00381641587148846,0.00767225682566668,0.00387779522652285,0.00434515859273127,0.00551903930687392,0.00278155045633812,0.00654014002843206
0.00290687436451063,0.000876587534220017,0.0057057088004775,0.00716773873483381,0.00698613402212803,0.0017055842520812,0.0030811429824736,0.0064802681715538,0.00903835063834692,0.00856395819122103,0.00265730996371335,0.00435959380614722,0.00308468243296624,0.00382235482104302,0.00767901195779561,0.00388349725089086,0.00434708212123809,0.00553053215932314,0.00278372255937009,0.00654179316008076
0.0029082465354121,0.000876306292650977,0.00570454181672981,0.00716789297091889,0.00698092526934051,0.0017051608532285,0.00307879953712052,0.00647830942110517,0.00903144718428292,0.00858003142081559,0.00265576968810808,0.00435874299676232,0.00308544094252353,0.00381666296467535,0.00767471462644983,0.00388003584805994,0.00434630697049199,0.00552328326712875,0.00278426496185835,0.00654345067875306
0.002907370180019,0.000876593723270547,0.00570447776075694,0.00716729522219144,0.00698467533885853,0.00170496447457314,0.00307865874262315,0.00647961833365225,0.00903201712905642,0.00856119114590371,0.00265552472782905,0.00436560281043364,0.00308501565274497,0.00381722984229692,0.00768339695564807,0.00387886325291567,0.00434661187458236,0.0055223048712605,0.00278052770940428,0.00654607656969499
0.00290245642140564,0.00087555473742653,0.00569550289405694,0.00715852632419339,0.00697094143830865,0.0017022562860965,0.00307365133137349,0.00647177104890576,0.00901786916045526,0.00855333078210224,0.00265770463954274,0.00435425842641415,0.00308303189461603,0.00381212782352009,0.00766462028272797,0.00387497454942946,0.0043456466613436,0.0055203075589872,0.00278057516170977,0.00653672293851871
0.00290317415692696,0.000875858196148405,0.00570529339769101,0.00716793329959501,0.00698391638292339,0.00170567505750004,0.00308217604707055,0.00647485948878805,0.00903396727156801,0.00855938077751536,0.00265752079296968,0.00435589613125066,0.00308441793792392,0.00381391482802093,0.00767595006264687,0.00388089993167335,0.00434483067206873,0.00552309302962328,0.0027822530196038,0.00654187208788898
0.00290988025371143,0.000876257685113648,0.00570582983423824,0.00716727505768164,0.00698809782191933,0.00170486524927654,0.00308027751566391,0.0064781487544581,0.00903038331579364,0.00856240966963319,0.00265703867092172,0.00435972818409166,0.00308970787365469,0.00382453473559955,0.00768781876041463,0.00388046008880763,0.00435330869015654,0.00552106193198709,0.00278440941476122,0.00654728669518675
0.002906905744139,0.000875998501732293,0.00570288758152504,0.00716190773484105,0.00697645194337211,0.00170375498029672,0.00307774008597682,0.00648760604472648,0.00902795584810528,0.00855941839172198,0.0026549437342281,0.00435755319008618,0.00308312997434535,0.00381651851267148,0.00767310311308811,0.00388351701997685,0.00434313167254445,0.00552941607512727,0.00277984838917008,0.00655070428387861
0.00290380070450637,0.00087626685506833,0.00570102537229656,0.00716644594682381,0.00698026864842244,0.00170602274304476,0.00308255674629803,0.00648149998507604,0.00903763177394376,0.00856297323011803,0.00265798011416907,0.00435968871964362,0.00308494440746593,0.0038181940036766,0.00767530185568829,0.00387938777173926,0.00434444264090158,0.00553156271847503,0.00278016928521773,0.00653960915004351
0.00290518492169675,0.000875934811806955,0.00570497404050742,0.00716589384142239,0.00697903350692809,0.0017050017462198,0.00308017978884013,0.0064777959360012,0.00903480499939512,0.0085634203425201,0.00265869961104703,0.00436085433474833,0.0030836190884248,0.00381783090846038,0.0076823656444839,0.00388031988430171,0.00434619034091816,0.0055273833671022,0.00278141721376024,0.006541291119129
0.00290200591278817,0.000876824736010068,0.0057043422836325,0.00716244705623807,0.0069815161109064,0.00170447615962848,0.00307922330595456,0.00647781097203543,0.00903324148137384,0.00855943274890423,0.0026577102649983,0.00435704780399912,0.00308251658052045,0.00381514648144516,0.00767255783228709,0.00387842535220683,0.00434390987064873,0.0055297483606714,0.00277997711873206,0.00653823849586376
0.00290623810412326,0.000875554038738466,0.00570184310884406,0.00716003948525507,0.00697174845980755,0.00170302992545295,0.00307570885306513,0.00647147917695037,0.00902679891384653,0.00855513755345587,0.00265461640564091,0.00435330461873118,0.00308036229699701,0.00381268921685374,0.00766753855908171,0.00387770369749243,0.00434145878795282,0.00551686721999295,0.00277794993688081,0.00653547007064364
0.00290751437517748,0.00087599380319014,0.00570086983440468,0.00715925025089607,0.00697917201161839,0.00170523938062294,0.00307387735734551,0.00647705576012422,0.00902390513458451,0.00855370702657986,0.00265279369818226,0.0043545410768412,0.00308300784767282,0.00381571184578852,0.00767078074921623,0.00387664761069567,0.00434081031844184,0.00551475251662571,0.00277855685198896,0.00653914265238495
0.00289932926991019,0.000875046609522299,0.00569468125435008,0.00715647498877779,0.00697621876416537,0.00170385325725721,0.00307771190507677,0.00647192084698533,0.00901985532355156,0.00855144206865861,0.00265369852804963,0.00435204035079292,0.00308109328855229,0.00381244241682454,0.00766635158199551,0.0038756411759817,0.00434210596222905,0.00552118168557792,0.00277773348728706,0.00653344634562095
0.00290523164047466,0.000875899779838081,0.00570258246711126,0.00716448836629706,0.00698354955816779,0.00170552629143817,0.00308156511215762,0.00648214093290952,0.00903818630913967,0.00856526569674637,0.00265884072660849,0.00435937541969062,0.00308619727262106,0.00381646582529411,0.00767678907337676,0.00388087110404601,0.00434629342565991,0.00553119909467896,0.00278231713868566,0.00654284849960334
0.00290485079869337,0.000875862671086409,0.00570103556467182,0.00716755846552702,0.00698150221902399,0.00170662472902691,0.00308235254407488,0.00647645526202661,0.00903461937459181,0.00855693283503324,0.00265997419558788,0.00436240111492056,0.00308487021215731,0.00381866837853958,0.00767645333467031,0.00387882245955795,0.00434932518329103,0.00552593054171304,0.00278150588178129,0.0065392465532917
0.00289949584183249,0.000875502188944136,0.00569856640594004,0.00715753272056928,0.0069708625419038,0.00170382569402099,0.00307892853036752,0.00647441089157562,0.00902617895127627,0.00855011944260861,0.00265494858292757,0.0043546533792721,0.00307972831361081,0.00381268709382718,0.00766612277644615,0.00387609384794605,0.00433991436136885,0.00552523342082924,0.00277702235314716,0.00653483139204597
0.00290321277394545,0.00087546465103994,0.00570132337607883,0.00716394506575681,0.00698005509635732,0.00170358245055907,0.00307797269028299,0.00647927857560764,0.00903062583321521,0.00856777537722457,0.00265777849408242,0.00435845136272974,0.00308316244186481,0.00381412600654315,0.00767156963825024,0.00387639676791406,0.00434252785488969,0.00552475552343611,0.00277923407953493,0.00654011550462206
0.00290480120838587,0.000876593517295092,0.00570501401626194,0.00716719761262698,0.00698210579585567,0.00170573903702429,0.00308233686202517,0.00648057800155576,0.00903445515457366,0.00856282712697455,0.00265919930928027,0.0043585715852339,0.00308351074552405,0.00381783024406732,0.00767789750102474,0.00388010982957817,0.00434787878390805,0.00552965557043966,0.00278219519565508,0.00654225408054268
0.00290522570651514,0.000876405730874013,0.00570837307216307,0.00716794386611401,0.00698205664579046,0.00170628666567753,0.00308256298118135,0.00648000448966742,0.00903566261994724,0.00856560431135372,0.00265901640569471,0.00436000692774343,0.00308489374318912,0.00381736203443199,0.00767653677942818,0.00388166605762615,0.00434684395101579,0.00552981163670856,0.0027821060861386,0.0065407470242424
0.00290417848589396,0.000875879804786585,0.00570387671414093,0.0071629800902746,0.00697835723961018,0.00170413475729061,0.00307764729605835,0.00648440269375016,0.00902514938457397,0.00857828130606093,0.00265511187235559,0.00435804415770685,0.00308547046493563,0.00381834734882835,0.00767753756610922,0.00387704830631102,0.00434608575394802,0.00552193490754515,0.00278013455730766,0.00654778289288228
0.0029000663247579,0.000875775268135291,0.00569891648474559,0.00715759348994636,0.006976988663419,0.00170331013157458,0.00307592997170865,0.00647167496403425,0.00902035437583874,0.0085601282852636,0.00265297942482187,0.00435561055826149,0.00308091888239462,0.00381472523335803,0.0076691610416606,0.00387746307226665,0.00434175292106587,0.00551737363679642,0.00277826938857461,0.00653989521498409
0.00290174132371827,0.000875236554236438,0.00569855904443042,0.00715497473625597,0.00697607320693423,0.00170407224426155,0.0030752939331936,0.00647586853235201,0.00902274501446242,0.00856122814230423,0.00265305337727021,0.00435345430397371,0.00308399880769334,0.00381208458812058,0.00766896409135616,0.00387545432959597,0.00434313012518532,0.00551622424234224,0.00277765373681361,0.00654197131209215
0.00290353700543116,0.000875744687912062,0.00570218719871989,0.00715980579609273,0.00697643719996551,0.00170318140278605,0.00307820412947433,0.00647632929221901,0.00903371714904274,0.00856175605572879,0.00265533621760114,0.00435640387279618,0.0030825315854049,0.00381806001354689,0.00767793284104255,0.00388017303280935,0.00434361337506127,0.00552018005918443,0.00278936646930636,0.00653928042766181
0.00290652544749817,0.000876241018353298,0.00570402818773678,0.00716389619607458,0.00698199545582162,0.00170379984235006,0.00307840781101326,0.00648142651966863,0.00902830152023898,0.00856630505995061,0.00265548590660401,0.00435705519984146,0.00308463756732131,0.00381753350001643,0.00767783818257937,0.00388048213364301,0.00434677680950307,0.00552659051511701,0.00278145382506768,0.00654270176932562
0.00290415381529865,0.000875203242111436,0.00569908530815718,0.0071581673806302,0.00697366662662603,0.00170313188998089,0.00307451819249684,0.00648191938138603,0.00902571890545032,0.00855615253515874,0.00265315791992027,0.00435343036707238,0.00308222275461784,0.00381311456426539,0.00767959118331083,0.00387646078858462,0.00434156417681197,0.00551498434714004,0.002778011566256,0.00654097025165805
0.00290473506148272,0.000875742914417432,0.00570142450442284,0.007166924272566,0.00697960368666807,0.00170533788242977,0.00308148494024063,0.00647682851777113,0.00903131754392643,0.00856059364050006,0.00265627581396519,0.00435941810114501,0.00308612711095985,0.0038156608033282,0.00767847462326236,0.00388162605835061,0.00434600538913751,0.00553294939025591,0.00278186130999795,0.00654228176888541
0.00290575261796576,0.00087582819806282,0.00570304073230167,0.00716113388653312,0.00697646517816086,0.0017034248896337,0.00308021326964821,0.00647368098129415,0.00903783118132475,0.00855710331930319,0.00265345942899533,0.00436034650312666,0.00308206520985622,0.00381462105216665,0.00768253080272809,0.00387720774164637,0.00434200021265984,0.00551762472424074,0.00277959272459507,0.00653738020248101
0.0029030494854549,0.000875813968865213,0.00569861567564162,0.00716157089293091,0.00697230329094991,0.00170466017275588,0.00307988697803622,0.00648029307479968,0.00903696773994673,0.00856261661226069,0.00265748798326704,0.00435894684632586,0.0030826239357816,0.00381443744828767,0.00767208943552175,0.00388195498546889,0.00434769563817619,0.00551715691964502,0.00277880602898092,0.00654473726916223
0.00290373194387857,0.000875701965612847,0.00570315652287689,0.00716460941727998,0.00697766262763501,0.00170453519990064,0.00308681782592923,0.00647322567520173,0.00902717570790371,0.00856014451842348,0.00265359626203521,0.00435459939618091,0.00308219456424617,0.00381737119618828,0.00767776147566954,0.00387851482065924,0.00434184418146584,0.00552223247050098,0.00277931610020301,0.00653818002021437
0.00290903860092565,0.000876130464819002,0.00570877804913027,0.00717210303935364,0.00698540526763589,0.00170506141120134,0.003078932869505,0.00648987403541837,0.0090283678142915,0.00856914291747763,0.00265665661710675,0.00435962795851968,0.00308537441111786,0.00381990099029877,0.00767458714431443,0.00388268806230628,0.00435402243770728,0.00552015853911119,0.0027818650744893,0.00654431941776825
0.00290043943873448,0.000875999440754595,0.00570362731452711,0.00715964095513432,0.0069775156567367,0.00170489038173494,0.00308107033022524,0.00647825535246661,0.00902782492316422,0.0085659650424067,0.00265697036224348,0.00435793253439863,0.00308371505678249,0.00381754595062586,0.00767692581891141,0.00387773770771864,0.00434556265403768,0.00552764065901106,0.00278157541638955,0.00654198563293268
0.00290842280764759,0.000876464717819246,0.00570260860829695,0.00716295632002506,0.006977529692141,0.00170418542958823,0.00308216184686773,0.00647820631816229,0.00903006714977241,0.00856286126037632,0.00265363660641707,0.00436510240276755,0.00308358252198161,0.00381591195370648,0.00768707726718622,0.00387598680790477,0.00434512056699084,0.00551955990955579,0.00278387193404929,0.00655198042313896
0.00290514749065865,0.000875979888883667,0.00570668883028366,0.00716703817997402,0.0069782498927375,0.00170531002491646,0.00308426914706015,0.00647805921590204,0.00903247630743616,0.00856825083720429,0.00266372276318208,0.00436248648725767,0.0030882820882008,0.00381786354704159,0.00767770671478574,0.00388090853887852,0.00434755764891976,0.00552968358359419,0.00278777978732784,0.00654407396197026
0.00290005311043558,0.000874984784125176,0.00570123111231792,0.00716010608283637,0.00697612071592987,0.00170271155371864,0.00307629814869312,0.00647107023057768,0.00902129149141578,0.00855456505053517,0.00265220219473693,0.00435360683548305,0.00308175402096132,0.0038110873340018,0.00766885537121692,0.0038758138706495,0.0043393241502879,0.00551556944390527,0.00277621337025619,0.0065351483985999
0.0029029699209836,0.000875974889757814,0.00570683605492591,0.0071652254061469,0.00697915473630741,0.00170632360065612,0.00308123147473113,0.00648374636729392,0.00903503033260384,0.00856348756843571,0.00265925596608999,0.00435961791395354,0.0030840849938389,0.00381943563390014,0.00767579791983048,0.00387871911363565,0.00434895618571362,0.00552910555023063,0.00278387287627553,0.00654247065724651
0.00290171770128583,0.000875405737195296,0.00569849443165123,0.0071585083995527,0.00697856165395065,0.00170420846111626,0.00307757737568723,0.00647383951739669,0.00902659214673444,0.00855955614341035,0.00265271350997252,0.00435792363622483,0.00308349876507642,0.00381487221480787,0.00767185538381147,0.00387605879820683,0.00434241709435955,0.00551955538955879,0.00277996370365846,0.00654239238107765
0.00290157984797726,0.00087629716889161,0.00569848029605127,0.00716562872009433,0.00697817286989589,0.00170431561338723,0.00307981331230891,0.00647574762363536,0.00902880120630025,0.00855831005862676,0.00265687554508908,0.00435749414223585,0.00308378691512593,0.00381734903716648,0.00767518663681291,0.00388075900889543,0.00434653048149069,0.00555305755663623,0.0027803912050721,0.00653918813258939
0.0029039249188778,0.000876516672614965,0.00570651516736231,0.00716503933259732,0.00697995735962194,0.0017056274551426,0.00308203081477529,0.00648344273510704,0.00903434892998482,0.00856590148930729,0.00265897030268907,0.00436077834754301,0.00308427303887602,0.00381744564045753,0.00767697783510272,0.00387976331425049,0.00434662894126562,0.00553040916098523,0.00278217444807822,0.00654402910188508
0.00290761471277819,0.000875910295698943,0.00570166489763779,0.00716299555389382,0.0069806400270883,0.00170421686353736,0.00307785609904447,0.00647668151586974,0.00902918971238959,0.00856001172938338,0.00265480888577931,0.00435796882457489,0.00308260174430903,0.00381443789472977,0.00767711992094316,0.00387785895710362,0.00434378203372957,0.00552076151897949,0.00277893937741393,0.0065383699394084
0.00290536043468202,0.000876085934657127,0.00570416133466808,0.00716489245344077,0.00697884818403554,0.00170436168355026,0.00307803788487447,0.00648045601231641,0.00903034186120802,0.008563518940897,0.00265553193315914,0.00435738683708665,0.00308332321939598,0.00381739079581949,0.00767693504971034,0.00388330058900058,0.00434737492962916,0.00552964854888714,0.00277902698029829,0.00654123899495959
0.00290638976699879,0.000876497179180726,0.00570100369972562,0.00715943475543664,0.00697374616723227,0.00170454154281609,0.00307593089615004,0.00647680193797826,0.00902854670405514,0.00856562398070398,0.00265606640912195,0.00435932337455608,0.00308423410445222,0.00381811885465916,0.0076779316057476,0.00387939455627831,0.00435047459187465,0.00551717457836476,0.00278051514602917,0.00654418224560418
0.00290670091799984,0.000875141501682429,0.00570117853867368,0.00716599235751606,0.00697574331495449,0.00170515848622532,0.00307923487921004,0.00647526903219175,0.00902637248445149,0.00855367161002645,0.00265773431665281,0.00435635810706356,0.00307773583564776,0.00381556161391093,0.00766029116516252,0.00387791576670406,0.00434352811987593,0.00552697746041198,0.00277530383997433,0.00654075206356174
0.00290072684732815,0.000875470945056861,0.00570330756334394,0.00715977673440458,0.00697468749756985,0.00170346346827314,0.00307657961851652,0.0064741581175428,0.00902396534112118,0.0085589516619465,0.00265336289262469,0.00435625093504591,0.00308128727269569,0.00381238730965645,0.00766987468919778,0.0038748266490678,0.00434911201965699,0.00551809684414338,0.00277754262254476,0.00653705811670873
0.00290514989984362,0.000875637979566327,0.00569970291495456,0.00717168122046937,0.00697780820631883,0.0017048246806072,0.0030803162005512,0.00649052316355718,0.00903598756938959,0.00856724322796938,0.00265777461932557,0.00436217254781611,0.00308444525220709,0.00381726015698473,0.00767605399104806,0.00388106447846334,0.0043482159510244,0.00552837849054877,0.00278165309986704,0.00654328618158091
0.00290492165809366,0.000876758905265242,0.00570540897765473,0.00716321387400536,0.00698000131636481,0.00170875740395143,0.00307960457613426,0.00647973710750791,0.00902827468377181,0.00856049726596226,0.00265556928158218,0.0043599818072505,0.00308582638813252,0.00381704180316437,0.00767728893334576,0.00388014997312459,0.00434479002235899,0.00552493764264838,0.00278106126449341,0.0065482632799725
0.00290683600757418,0.000874498886926253,0.00569373941778918,0.00715198263233523,0.00696767425231522,0.00170270793032416,0.00307446086122206,0.00647175568938457,0.00901758688192111,0.00855371065677643,0.00265699493851906,0.00435331439383592,0.00308024769545936,0.00381925954858585,0.00766649887740152,0.00387793639386843,0.00434778113755445,0.00552384524132354,0.00277771585479643,0.00653559030881699
0.00290525556264316,0.000876313480341333,0.00570633962019864,0.00716952743180347,0.00698125228015971,0.00170571329370917,0.00308137762006006,0.00647969926828115,0.00903049055059751,0.00855950956787419,0.00265819423556834,0.00436607351413627,0.00308893764605756,0.0038226423162306,0.00767390887275949,0.0038806737716062,0.00434680481067034,0.00552816662631041,0.00278128524630463,0.00654267193749875
0.00290243572671164,0.000875848087430706,0.00570054232323123,0.00716241086439715,0.00697776603146035,0.00170337238459955,0.00307616090609273,0.00647519677732578,0.00902748482825484,0.00855904875456335,0.0026519849122118,0.00435641356412039,0.00308240133776332,0.00381427487424819,0.00767192014579285,0.00387766863784889,0.00434320518977845,0.00551823423119524,0.00277916782653194,0.00653494895069683
0.00290385113016615,0.000874683697414024,0.00569738234522298,0.00716037558847646,0.00697014989075304,0.00170281117553003,0.00307543185813087,0.00646660528078476,0.0090145925070072,0.0085463024467032,0.00266410318823909,0.004349889840022,0.00309292436325942,0.00381767521948395,0.00766684947268169,0.00387303734166489,0.00434055613231255,0.0055121587250026,0.00277541322813554,0.00654098534545298
0.00290445915983659,0.000875232856012774,0.00570026539811123,0.0071614939460484,0.00696785609668301,0.00170954971519312,0.00307530233132654,0.00647141330194588,0.00902508657941838,0.00855847578207754,0.00265497142420071,0.00435281133282696,0.00308181499832027,0.00381293600111381,0.00766746674054153,0.00387596901449674,0.00434114944616571,0.00551731086197684,0.00278053003924667,0.00654316682464805
0.00290610020168065,0.000876502341445051,0.00570729585340835,0.00716668348496561,0.00698285643895587,0.00171067812472451,0.00307819985622902,0.00648007914638089,0.00903479753990776,0.00856533137057108,0.00265584962642438,0.00435751938765858,0.00308766966414641,0.00381681696082722,0.00767726674358322,0.00387867218216767,0.00435008311778277,0.0055223608164037,0.00278301332160719,0.00655308586101437
0.00290646876716615,0.000875770258922702,0.00569948318341864,0.00715997092261238,0.00697483227196621,0.00170332222239466,0.00307563797142767,0.00647556280452077,0.00903762702106971,0.00856376321795845,0.00265361475453406,0.0043541195481951,0.00308691006561423,0.00381521984186202,0.00766980576036671,0.00387723655866481,0.00434892405493972,0.00551638060070634,0.00277763986907789,0.00653983142437978
0.00290675574101786,0.000876385071724021,0.00570636796812521,0.00716820233319982,0.00698218656463881,0.0017059072066637,0.00308076312882953,0.00647947668409124,0.00904250535699841,0.00856685680869893,0.00265768705540406,0.0043619531928126,0.00308555371224433,0.00381816643448114,0.00768159595322276,0.00387995835721771,0.00434817037813691,0.00552643725055858,0.0027809422111139,0.00654388318176659
0.0029022688117102,0.000874926639656437,0.00569403798722451,0.00715603367991974,0.00696829903155355,0.00170176699465014,0.00307188833730311,0.00646414991850256,0.0090136804311333,0.00854985370017273,0.00265139011102325,0.00434956158033495,0.00307869874861996,0.00380884151419484,0.00766009711943103,0.00387146054508238,0.00433628946470766,0.00550968465453622,0.00277567235334332,0.00653094936262763
0.00289886731763283,0.000874773876745923,0.00569606139740718,0.00715306737072325,0.00696824153472261,0.00170133578430314,0.00307265645875295,0.00646633362346684,0.00901319147771303,0.0085480874542361,0.0026504580696347,0.00434961532031146,0.00307925925939645,0.00380988566769937,0.00766132703626665,0.0038713390967602,0.00433732052727346,0.005511455135362,0.00277573844927442,0.0065317378464278
0.00290407703855522,0.000876447584935227,0.0057052329548158,0.00716649519956319,0.00698162359252497,0.00170601537663711,0.00308030830477187,0.00648076035489531,0.00903514312824671,0.00856286923337415,0.00265846712347424,0.00435994900451304,0.00308417349253005,0.00381704162823137,0.00767786001689617,0.00388185949886079,0.00434634645367236,0.00553130436378444,0.00278247292387204,0.00654342103454579
0.00290443434872527,0.000876358739579045,0.00570292476747764,0.00716295139474418,0.00698024777456795,0.00171285051419174,0.00307649563905022,0.00647611260028048,0.00902942915845152,0.00856266404211545,0.00265610412532987,0.00435806436686325,0.00308425010460537,0.00381528357046662,0.00766631813463254,0.00387998377080591,0.00434455685083262,0.00552109792226724,0.00278013735766182,0.00653937057718335
0.00290374766690878,0.000875757576056471,0.00570044707959909,0.00716000468877458,0.0069770368758398,0.00170372566893712,0.0030759239926776,0.00647723454772701,0.00903059792296256,0.00856710131332502,0.00265400455065203,0.00435280629176912,0.00308516031348828,0.00381365017643245,0.00767594230339591,0.00387472977849713,0.00434125156441891,0.00551591428598008,0.00277967650305287,0.00654251051428649
0.00290552961795059,0.000876668608756605,0.00570457946078589,0.00716353164822408,0.00697736982222168,0.00170525490650856,0.00308115549931234,0.00647913842558479,0.00903678785372518,0.00856271140237356,0.00265729753456101,0.00435909268933612,0.00308345720431676,0.00381747925999301,0.007677272706578,0.00387973485719863,0.00434440966770254,0.00552794175690414,0.00278770766147579,0.00654191398985226
0.00290316232300822,0.000875550971957016,0.00570357035189046,0.00716571698739437,0.00698098010710882,0.00170541070598145,0.00307895313344236,0.00647727697381102,0.00903336749133869,0.008560129124794,0.002655870254811,0.00435591528089732,0.00308282788762937,0.00381470433599421,0.00767278535308118,0.00387728137595927,0.00434437455848488,0.00552804694916523,0.00277948779379588,0.00654117412720244
0.00290811784074305,0.000876470368345805,0.00570566605680979,0.00716270858098758,0.0069796603018485,0.00170493052803083,0.00307779986818188,0.00648049048295187,0.00903530016396657,0.00856451344690812,0.002659044516574,0.00436065851845293,0.00308672375050635,0.00381864216307413,0.00768080249687595,0.00388581013735198,0.00434773105192332,0.00552209628175702,0.00278295911622944,0.00654566754356922
0.00290439994701272,0.000876479519776951,0.00570547660442157,0.00716380084799478,0.0069789091380261,0.00170558746330299,0.00308074099941587,0.00647943604474677,0.00903503527308957,0.00856287696896943,0.00265832126079659,0.00435971006817812,0.0030841366572924,0.00381792652535483,0.00767790131488077,0.00387946731071891,0.00434629652746712,0.00553172984713976,0.00278314760265323,0.00654202055772131
0.00290465340720651,0.000875495347121328,0.00570148557468678,0.00716230652120423,0.0069768222511479,0.00170582932560835,0.00308418024340516,0.00647991645179715,0.00903391820652699,0.00856164140681605,0.00265696721287778,0.00435801335528132,0.00308520012023949,0.00381549887898967,0.00767534087131653,0.00387951903576297,0.00434826784094948,0.00552473833875592,0.0027815876306374,0.00654423915824971
0.00290231828439859,0.00087565559641415,0.00570165840571493,0.00716255459459313,0.00697986519738774,0.00170475638988131,0.00307978851481605,0.00647677086575216,0.00902895713141229,0.00855677780874534,0.0026565875028332,0.00435590178574338,0.00308321315955077,0.00381525501523286,0.00767063856341556,0.003879428763823,0.0043432224431735,0.00552604367096032,0.00278040063951117,0.00653681427615527
0.00290597093920745,0.000875865706870344,0.00570030988727747,0.00716523166771406,0.00697824803937925,0.00170452363116125,0.00308455962694422,0.00647797331521165,0.0090307082846356,0.00856164324430676,0.00266198999236766,0.0043645754185791,0.0030900142428386,0.00381849419919061,0.00767255618439103,0.00387992385721618,0.00434493105732147,0.00553071155396852,0.00278505871208344,0.00654202383461666
0.00290360765886983,0.000875431964192359,0.00569973982524816,0.00715689412483012,0.00697141379840486,0.00170367924652057,0.00307602034257847,0.00647152987606356,0.00902291010989786,0.00855788737267623,0.00265309150660328,0.00435229259965514,0.00308244243678898,0.00381463557988826,0.00767169981394878,0.00387424338275471,0.00434182559557757,0.00551544761080148,0.00278025499640749,0.0065360911276054
0.00290372433603108,0.000876579786454272,0.00570414494850464,0.00716858418225489,0.00698488931110877,0.00170634109400992,0.0030824835147525,0.00648265462911119,0.00903403298663006,0.00856665522319907,0.0026598626121747,0.00435894753749507,0.00308525709081783,0.00381684265569582,0.0076785771784293,0.00387971958054476,0.00434801611137948,0.00553008847436456,0.00278265274188189,0.0065438467718952
0.00290621603031845,0.000876098863896758,0.00569991138790649,0.00716164437132217,0.00698249156538873,0.00170563856848402,0.00307709785004499,0.00647753010508792,0.0090333520093293,0.0085607640611866,0.0026564095594058,0.0043596062382111,0.00308165886329187,0.0038209885614784,0.00766859641325255,0.0038789971221541,0.00434602444714964,0.00552639479707865,0.0027812185896114,0.00653662014186746
0.00290048716462844,0.00087550070093518,0.00570197786396784,0.00716004160085635,0.00697966348424551,0.00170370541314143,0.00307666183373379,0.0064723835333527,0.0090223871999441,0.00855603777824648,0.00265268566707605,0.00435354561635386,0.00308115030802876,0.00381326138919038,0.00767074746462124,0.00387856516373693,0.00434104385574745,0.00551703703612982,0.00278115058399285,0.00654096170148402
0.00290423348493096,0.000875917418899723,0.0057019347612451,0.00716142884499879,0.00697712084278953,0.00170374298887754,0.00307943248764829,0.00647621368539675,0.00903611096653493,0.00856708291717364,0.00265445898333996,0.00435729159079071,0.00308374228744462,0.00382227015090634,0.00768175102579626,0.00388484099400687,0.00434383863963329,0.00552070237935974,0.00277894627583244,0.0065430859924497
0.0029046132237251,0.000876042760137037,0.00570225752247554,0.00716233382631266,0.0069773702890226,0.00170335116466031,0.00307735830020508,0.0064793022809028,0.00903163840134766,0.00855822961990538,0.00265519603646929,0.00435867159656679,0.00308437475913949,0.00381697586146126,0.00767984109542535,0.00387586935546535,0.00434520767561842,0.00552018167731894,0.00278020897685617,0.00653859337942913
0.00290130561319518,0.000875656353211124,0.00569662749064428,0.00716138076987575,0.00697608172545743,0.00170346597992494,0.00307597302125952,0.00647851158877864,0.00902371223491515,0.00855807357272238,0.0026533058852945,0.00435460659887167,0.00308208117511048,0.00381437284669122,0.00767316337283007,0.00387642313179606,0.00434225292762072,0.0055173726589284,0.00277869271791689,0.00653781288546549
0.00290827319207059,0.000876411876657799,0.00570810126508035,0.00716727804111704,0.00698364029662013,0.00170663047782707,0.00308120307984849,0.00648463074958665,0.00904264722104853,0.00856497201939835,0.00265636896980322,0.00436241754301158,0.00308693566775094,0.00381631131646688,0.00767771386205048,0.00388194254227047,0.00434855436807416,0.00552447292441095,0.00279040724310816,0.00654735720581273
0.00290139877119252,0.000875313421753614,0.00569710049279105,0.00716343431975741,0.00697464190961673,0.00170465211996736,0.00307890724849065,0.00647533895718313,0.00902687701180064,0.00855793955648778,0.00265732641595676,0.00435490448033741,0.00308306215553627,0.00381451491299316,0.0076675496704388,0.00387650895054058,0.00434209919587041,0.00552338553352683,0.00277909509192966,0.00653564034014061
0.00290337596036768,0.00087490129110262,0.0056976345487671,0.00716533722415364,0.00697328959372643,0.00170277225424336,0.00307729117727939,0.00647231184616922,0.00902160479016122,0.00855310357148932,0.00265334432386492,0.00435422020331603,0.00308157245094679,0.00381357061761419,0.0076710942736956,0.00387600552449443,0.00433955921696339,0.00551805026527211,0.00277789526948414,0.0065345906154258
0.00290419872903229,0.000876572296628187,0.00570723387021479,0.00716822133007991,0.0069828023761583,0.00170592593573329,0.00307947197293557,0.00648193151565304,0.00903209308305109,0.00855958293700341,0.00265829468834185,0.00435977596797895,0.00308434953811586,0.00381915270240064,0.00767765519956262,0.00387993770576001,0.0043472468499614,0.0055305391536332,0.00277970736906715,0.00654191532372658
0.00290166746390687,0.000875748216505944,0.00569645556479835,0.00716054192637595,0.00697672267988987,0.00170370182020945,0.00307896523020131,0.0064746864372835,0.0090292863548108,0.00855246452146566,0.00265672273173149,0.00435415301502175,0.0030832615748988,0.00381751721050443,0.00766776448997012,0.00387582302666016,0.00434537655664024,0.00551887178832075,0.00277789964366918,0.0065366700254145
0.00290565293453548,0.000876028463757276,0.00570217203237938,0.00716064317898513,0.00697851470240915,0.00170411043752834,0.00307650991667588,0.00647529107188947,0.00903250465579605,0.00856544336171948,0.00265366155874032,0.00435748228012848,0.0030812558120995,0.00381247233736331,0.00766905553255992,0.0038777652482557,0.00434043916281917,0.00551836434507783,0.00277965435571679,0.00654671512732419
0.00290377097900738,0.000877194750483079,0.00570591510960005,0.00717147859916184,0.00698341859699366,0.00170739183804173,0.00308347568975308,0.00648209843212375,0.00903494579294679,0.00856842057108491,0.00265860576996882,0.00436122321812761,0.00308516411824565,0.00381762433924535,0.00767978154651794,0.0038804143961434,0.00434903162015593,0.00552671075758135,0.00278231681190956,0.00654460708337449
0.00290189271309631,0.000875648529390386,0.00569990772002329,0.00715651627209505,0.00697537110994448,0.00170480389495569,0.00307913596899174,0.00646704554559912,0.00902499329130729,0.00855818301159771,0.00265448340297777,0.00435609187079613,0.00308161943370352,0.00381309592481232,0.00766135040242576,0.00387615230158488,0.00434279630431074,0.00552338400327134,0.00277842022945496,0.00653703828585002
0.00290243010856892,0.000875661992139966,0.00570399130003538,0.00716462007524035,0.00697689907863355,0.0017048349815573,0.00307633018168256,0.0064762311577541,0.00902839920160285,0.00855633077432985,0.00265346028545218,0.00435682250678998,0.00308290340039674,0.00381425381225493,0.00767266826107967,0.00387763922859402,0.00434424104990987,0.00551888622848325,0.00277832368153712,0.00654139697177027
0.00290360985244438,0.000876367635592007,0.00570444546719028,0.00716553803920252,0.00697897052975586,0.001705324631783,0.00308041277321295,0.0064815465805169,0.00903050578420469,0.00856260323408405,0.00265707982700737,0.00435959985466765,0.00308328418753717,0.00381609354929252,0.0076696820906448,0.0038783961453575,0.0043458627638797,0.00552791259766471,0.00278176057966946,0.00654096354714345
0.00290303524334036,0.000875231298451276,0.00569921719999008,0.00715642757498215,0.0069778604433795,0.00170265225179561,0.00307453133061575,0.00647654091663494,0.00903161542871017,0.00856223556245608,0.00265624195862134,0.00435688350456267,0.00308410147378121,0.00381217129724652,0.00767522550511252,0.00387550479680861,0.0043423562003078,0.00552053328507992,0.00277811902372695,0.00654278929037207
0.00290545967696346,0.000875971732415653,0.00570262401553311,0.0071659670718029,0.00697906400637056,0.00170890253164357,0.00307792622834635,0.00647854103866902,0.00903889112541073,0.008561008235586,0.00265540658497877,0.00435581393702359,0.00308362511981019,0.00381865844957414,0.00767375238572174,0.00388115080483279,0.00434310785059741,0.00551905088408805,0.00277979231523087,0.00654600163759083
0.00290438693157879,0.000875175662120264,0.00569929215952749,0.00715773650039179,0.00697606845320081,0.00170322582996597,0.00307669643279226,0.00647387113462016,0.00902285665846208,0.00855532851371806,0.00265688940874837,0.00435598681109524,0.0030803216658278,0.00381291634862128,0.00767822552384409,0.00387498206275584,0.004343458722063,0.00551801157839832,0.00278170508990765,0.00653440578045935
0.00290266825383294,0.000875620913921463,0.00569844830043432,0.00716059622072123,0.00697842627087553,0.00170503212854052,0.00307956945665426,0.00647622934008253,0.00902950936443262,0.00855583026657547,0.00265573591773801,0.00435521502440353,0.00308266373218718,0.00381478734382022,0.00767255043972421,0.00387785630227784,0.00434345855796186,0.0055220161773034,0.00277885470030009,0.00653764019860649
0.00290665492148556,0.000876197902770039,0.00570510003627275,0.00716487618780574,0.00697498053847568,0.00170470083175118,0.00308082146507096,0.00647975410849536,0.00902995053725143,0.00856185972778216,0.00265908681950955,0.00435993653558267,0.00308546373822976,0.00381517780217363,0.00767767250843776,0.00388017966310688,0.00434936241405887,0.00552858541223198,0.00278020230241836,0.00654403664111727
0.00290342994882105,0.000875688902094605,0.00570342282058032,0.00715887117788176,0.0069720111724181,0.00170240661282448,0.00307369210739406,0.00647848759197849,0.00902499445577686,0.00856010367860225,0.00265357375214218,0.00435925638500199,0.00308122399454369,0.00381551071644921,0.00768114701864628,0.0038774333638865,0.00433793804894207,0.0055153716644867,0.00278213774003245,0.00653707814607036
0.00290471437371046,0.000876773424510556,0.00570612074042345,0.00716957627000412,0.00698136772229483,0.00170593247506929,0.00308031206521842,0.00647882883054733,0.00903098004663652,0.00856178928624728,0.00265615608776564,0.00436054048154555,0.0030865835369061,0.00381859010186066,0.00767648960646432,0.00387945507396499,0.00434951461934324,0.00552738832523745,0.00278204967603897,0.00654541069271445
0.00290382030717991,0.000875949580077512,0.00570152506114435,0.00716504518121473,0.00697681113382262,0.00170889196939777,0.00307613346915087,0.00647361642295454,0.00903532257116866,0.00856800963483671,0.00266494113037819,0.00436042016142894,0.00309498707460928,0.00382860293200594,0.00767273671124823,0.00387731029619847,0.0043603850837926,0.00551842610481404,0.00278996015428128,0.00653687612391256
0.00290524384865186,0.000876252563330923,0.00570861462084711,0.00716032946451781,0.00698286146418215,0.00170493092121638,0.00308168926560368,0.00648820329001874,0.00903242784378835,0.00857484944905045,0.00265673669489429,0.00436740928049221,0.00308622561492883,0.00381802881160495,0.00768789634121595,0.003880018856357,0.00434608350229904,0.00552408640901217,0.00278194093757659,0.00655628148715112
0.00290143495780485,0.000875497146550126,0.00569732924413919,0.00716220373478148,0.00697669575237689,0.00170426365915348,0.0030784183123123,0.00647610210269926,0.00903105360375999,0.0085584706485229,0.00265582843450343,0.00435557547000598,0.00308238718466149,0.00381378290496559,0.00766897861899721,0.00387682598296925,0.00434307162911853,0.0055257089060398,0.00277880784312523,0.00653912716118765
0.00289968978379548,0.00087487393611907,0.00569589569902644,0.00716013595113441,0.00697416650712707,0.00170304648773484,0.00307671680980901,0.00647235030761824,0.00902337004729988,0.00855161944267279,0.00265508920533363,0.00435423558987375,0.00308024960473146,0.00381144422142587,0.00766527970652175,0.0038755807546519,0.00433971188741194,0.00552279802360727,0.0027781249506467,0.00653565322862558
0.00290609378587486,0.000876583006073022,0.00570586161987728,0.00716664642598813,0.00698224680741468,0.00170457701818461,0.00308178538676033,0.00648615799207222,0.00903340029308511,0.00856252375847442,0.00265676419367252,0.00435938473751993,0.0030881450243664,0.00381798993370467,0.00768160506929229,0.00388108032274607,0.00434864156600316,0.00552285035257317,0.00278044875635504,0.00654462711896038
0.0029097007504064,0.000876186986346392,0.0057046473938634,0.00716511116088825,0.00697966868652048,0.0017060715238149,0.00307818062741699,0.00647968702995792,0.00903449615442006,0.00856745957864516,0.00265588530382131,0.00435755133376585,0.0030862756408279,0.00381893181908753,0.00767765890846198,0.00387996419339573,0.00434579398853615,0.0055208962159432,0.00278005301265579,0.00654162369250995
0.00290293849214999,0.000876168445592925,0.00570332307001693,0.00716274424500012,0.00698167805334741,0.00170475109596598,0.00308065823274368,0.00648236234531687,0.00903489729447007,0.0085593993700775,0.00265728481931908,0.00435650548271114,0.00308347983538794,0.00381569099882808,0.00767526002986407,0.00387995787152155,0.00434627694113712,0.00552617400815392,0.00278094390677471,0.00654383329779341
0.00290611714605883,0.00087641875225935,0.00570387417944935,0.00716300337784016,0.00697924502803422,0.00170458029730369,0.00307821090442378,0.00647801271629139,0.00903011719866357,0.00855998179724353,0.00265502803475103,0.00436188387214054,0.00308499751700013,0.00381586138849013,0.00767660564310706,0.00388001029618043,0.00434468285597401,0.00552047245799739,0.00277968148193027,0.00654758751573071
0.00290285733769722,0.000876220043312329,0.00570163404954553,0.00716488071218227,0.00698027945050883,0.0017050694771035,0.00308081715039674,0.00647572534930593,0.00903107241206852,0.00855720256265569,0.00265655358000201,0.00435824071481814,0.00308297169906833,0.00381580977099476,0.00766749095013767,0.00387881856359433,0.00434388577477646,0.0055274171787328,0.00277799437570406,0.00653936145914464
0.00290690018932428,0.000876466786456534,0.00570575606502921,0.00716526120882684,0.00698045958911299,0.00170622657648561,0.00308445548077395,0.00648445135776789,0.00904192844455739,0.00857028464632107,0.00265673884953658,0.00436410122214757,0.00308823326231588,0.003820442640101,0.00767652745441564,0.00388472575229312,0.00434760945868003,0.00552663913560239,0.00278407071357477,0.00654909318242935
0.00290597528480108,0.000876334959858396,0.00570664395369955,0.0071605680176218,0.00698250041068248,0.00170622953075759,0.00307805348757371,0.00647822046316823,0.00903675793061407,0.00856602625138495,0.0026563055582757,0.00435980570946734,0.00308723960137943,0.00381802617404071,0.00767498382088971,0.00388337942398201,0.00434628714623012,0.00552628329825582,0.002783497057235,0.00654127904818127
0.00290663958976265,0.00087561395754148,0.00570296239704508,0.00716083705245937,0.00697961418144839,0.00171210345903559,0.00307719351397426,0.00647643678640896,0.00902647554706219,0.00857164145493959,0.00265319107881315,0.00435986618950894,0.0030830541843956,0.0038218046419224,0.00768477728624229,0.00387942244312257,0.00434376987820949,0.00551923010896546,0.00277925114912953,0.00653875801638443
0.00290304222144004,0.00087681477072193,0.00570380503969154,0.00716660065212475,0.00697713722341989,0.00170541090582534,0.00307947837588633,0.00648060048129375,0.00903673425416325,0.00856397154341784,0.0026568004662949,0.00436022807270326,0.00308363587672009,0.00381691155330997,0.00767840045766802,0.00387707671305409,0.00434323135194798,0.00552876061399678,0.00278124585200363,0.00654214954030973
0.00290462743070976,0.000875800935283332,0.00570445896277763,0.00716175269541969,0.00697627311130976,0.00171053131130585,0.00307929405996239,0.00648108822793493,0.00902948956045027,0.00855898567482409,0.00265557772884797,0.00435779054004951,0.00308230531866676,0.00381597738095561,0.00767415255174423,0.00388026893698917,0.00434505011207339,0.00551897580524014,0.00277871979034618,0.00654034535683152
0.00290049709419188,0.000874259918943637,0.0056948340022378,0.00715467635353584,0.00696913268383147,0.00170344219924679,0.0030746333575341,0.00646533943159489,0.00901386020299014,0.00854645616415024,0.00265207019803039,0.00435473383047147,0.00308098709787775,0.0038126497209989,0.00766656784376451,0.00387690318628829,0.00434393187762313,0.00550776313046338,0.00277797124104474,0.00653985227138378
0.0029019404028695,0.000875810999497711,0.00570322374182251,0.0071623387080741,0.0069781139595395,0.00170415226507273,0.00307906718325277,0.00647543939176541,0.00903174806979113,0.00856073992511604,0.00265550908956536,0.00435692488189258,0.00308339493322461,0.00381287809483864,0.00767444279977641,0.00387818791786151,0.00434182859117741,0.00552704283329679,0.00277850114127889,0.00653990139756417
0.00290306037960593,0.000875337088601055,0.00569578952746233,0.00715560139362574,0.00697024575559458,0.00170327318259416,0.00307600330675858,0.00647085875218717,0.00903188313194094,0.00855237374824206,0.00266392741194564,0.00435560566993242,0.00308423572145109,0.0038113252632923,0.0076667339277837,0.0038788884413445,0.00434082812244406,0.00551893845002108,0.00277749050980647,0.00653510922095035
0.00290397780031135,0.000875498658810762,0.00570074741575123,0.00715952054728996,0.00698511068669029,0.00170425569743478,0.00307650441496836,0.0064693981028234,0.00903841758332911,0.00857175579018319,0.00265517343745657,0.00435764363783956,0.00308653825138946,0.00381253097082186,0.00767821720740833,0.00388049747823713,0.00434080391839032,0.00552207692747405,0.00277780276904482,0.00653828575944456
0.00290671470839039,0.000875822249545383,0.00569718507893511,0.00715887226330057,0.00697395920818154,0.00170284436222625,0.00307397996115136,0.00647120345938796,0.00902014414137708,0.00857087969617907,0.00265165681316213,0.0043519942406951,0.00308558051718546,0.00381366001355604,0.00766597688975861,0.00387386716304104,0.00434743286493341,0.00551778723859386,0.00277732930094419,0.00653271299819738
0.00290222165681987,0.000875670299855716,0.00570148173761821,0.00716671349228653,0.00697725165968353,0.00170580735284268,0.00308132879253744,0.00647997757311757,0.0090342160678008,0.0085624496522259,0.00265880162325282,0.00435954199009156,0.00308501350227356,0.00381628591526268,0.00767549647769453,0.00388058869745162,0.00434612743624627,0.0055293031525769,0.00278143003059144,0.00654153906021136
0.00289885527319717,0.000875032843081614,0.00569443233188068,0.00715700496258085,0.00697460968966552,0.00170259659941864,0.00307895434743363,0.00646738159497259,0.0090189118384744,0.00855015076371216,0.00265516476522853,0.00435130696062823,0.00308059360407091,0.0038094220785826,0.00766371494213662,0.00387363485729739,0.00433802207183231,0.00551991381654417,0.00277719223678153,0.00653391536031233
0.00290833510127046,0.00087644374734515,0.00570135112359901,0.00716260449833829,0.00697900684487178,0.00171946118253867,0.00308230757557794,0.00648045947642241,0.00902837163525627,0.00856296472145061,0.00266212171398522,0.00436123272287204,0.00308617485200943,0.00381644562069718,0.00767567385572383,0.00388275448912294,0.00435054509474867,0.00552830776733472,0.00278261652064752,0.00654231731053122
0.00290420977953031,0.000876559367652817,0.00570724077153101,0.00716688010762318,0.0069828065061048,0.00170543660228038,0.00308207804021373,0.00648005094115039,0.00903364690472883,0.00856500956954143,0.00265973577867276,0.00436166178880121,0.00308611942144258,0.00381802843093429,0.0076752131485946,0.00388106004605068,0.00434853798312695,0.00552982499820771,0.00278226612689487,0.00654192435239099
0.0029020836391912,0.000876007502577132,0.00569869791472513,0.00716297057529871,0.00697865692717029,0.00170381607296039,0.00307828674821655,0.00647517641281713,0.00902636137673872,0.00855718799407646,0.00265578540220657,0.00435775646432016,0.00308242467789914,0.00381336136075568,0.00766910713753151,0.00387929677334336,0.00434211673116848,0.00552612263419243,0.00278151355269846,0.006536611852312
0.00290502284356066,0.000875828743867828,0.00570344499128897,0.00716699642298425,0.00697876714027904,0.00170522723308143,0.00308368657631691,0.00647837855431387,0.00903692071539459,0.0085621848078575,0.00265790172892664,0.00435952883281802,0.00308637526576345,0.00381637457128987,0.00767499567431798,0.00388018272274519,0.00434607814777417,0.00552803672714528,0.00278133436271723,0.00654354474399784
0.00290416854673444,0.0008757955679433,0.00570288915821281,0.00716524836951616,0.00698072465045749,0.00170525182970749,0.00308395451894695,0.00648009707308858,0.00903483768913017,0.00856476503099706,0.002659930950788,0.00435888616667889,0.00308341262808218,0.00381780132268712,0.00767557333819964,0.00388057599242996,0.00434540917439621,0.00552831572034453,0.00278177335107006,0.006538738726744
0.00290542140371078,0.00087623227599145,0.00570487529162993,0.00716288176444032,0.00698184286809696,0.00170492592620549,0.00307927651891953,0.00647681113716101,0.00903191016394281,0.00856523594365837,0.00265730998747697,0.0043574932602307,0.00308540339778718,0.00381660869283953,0.00768281036885598,0.00387867836017383,0.00435021285893568,0.00552151213318109,0.00278060897244734,0.00654166848704627
0.00290424550337537,0.000875262690899567,0.00569901084852761,0.00716072759636059,0.0069720972651759,0.00170206010137343,0.00307333811108475,0.00646844987895091,0.00901765977352109,0.00855124098592392,0.002654425755619,0.00435243675129199,0.00308364944901227,0.00381140791173262,0.00767342652124573,0.0038788658779025,0.00434103688076852,0.00551189944360285,0.00278189601239555,0.00653438519528501
0.00290694638986345,0.000876077743557983,0.00570282000249558,0.00716607348468878,0.00698203692586165,0.00170397176201038,0.00307739951543454,0.00647613582332184,0.00902922808049022,0.0085599508048361,0.00265511339615629,0.00435897488518304,0.00308329024302866,0.00381599331006081,0.00767383288147022,0.00388085609988148,0.00434519113279522,0.00552060378054709,0.0027793357490294,0.00654143968768196
0.00290428017580589,0.000875542351416608,0.00570164830534642,0.00716329750882192,0.00697590211894686,0.00170294480017542,0.00307591557314452,0.00647200380138974,0.00902254083582741,0.00855775438726357,0.00265252194502548,0.00435520418974179,0.00308116140286612,0.00381900010940708,0.00767072537183549,0.003875151476232,0.00434029589772032,0.00551493383870746,0.00277773396935466,0.00653983555999817
0.00290597422266964,0.000875849067566741,0.00570115075710582,0.00716212979446502,0.00698027496373609,0.00170415170856683,0.00307653756562658,0.0064759100484513,0.00903095370271941,0.00857013636628084,0.00265397877526723,0.00436110421001756,0.0030827289542222,0.00381563825059579,0.00767470752233882,0.00387665255534831,0.00434389422470172,0.00551743495864166,0.0027793374212377,0.00654211484865314
0.00290265108104952,0.00087583739451183,0.00570037434479286,0.007160428984682,0.00697669108870325,0.0017040137985527,0.00308095195950078,0.00647611938785611,0.00902783811000669,0.00855751123363564,0.00265679558351316,0.00435870576182458,0.0030842260182178,0.00381518653741304,0.00767019589644012,0.00387936565283456,0.00434494380922592,0.00552673028193584,0.00277985678930547,0.00653961940441695
0.00290570745419605,0.000875964098190696,0.00570348582995783,0.00716367934694568,0.00697777018745459,0.00170536801250197,0.00308050797944605,0.00647755298285939,0.00903861221828956,0.00856154991931571,0.00265461271380625,0.00436103696286605,0.0030974355095177,0.00381684811353659,0.00768012937169012,0.00388238600678705,0.00434779139371777,0.00552020731597444,0.00277991583654667,0.00654043985802231
0.00290199586200336,0.000875872341964359,0.00570386851397349,0.00716508291035649,0.00698018600593388,0.00170386039881222,0.0030792819832326,0.00647718405490442,0.00902802719041868,0.00856175805535542,0.00265431872385482,0.00435595263575855,0.0030838525683927,0.00381544469822518,0.00767292408667412,0.00387903510455583,0.00434373316687771,0.00551765433502227,0.00278029941216143,0.00654008531418445
0.00290206243917505,0.000875141001212966,0.00570165445560099,0.00715965181730346,0.00697356324405896,0.0017033579975945,0.00307738769549421,0.0064777685381557,0.00903026850744703,0.00855447144731723,0.00265488280662786,0.00435632991432305,0.00308183782383937,0.0038137259094013,0.00766831620021274,0.00387700869918824,0.00435039756845645,0.0055182861704341,0.00277900265889694,0.0065367850952901
0.00290712032362303,0.000876026281964116,0.00570449555703176,0.00716477845233323,0.00698164974182856,0.00170497544956479,0.00307985761916719,0.00647957920580864,0.00903068353807759,0.00855970761813654,0.00265734764806253,0.00435831127064386,0.00308342889881385,0.00381568661796957,0.00767123231185951,0.00387843921104836,0.00434358730358927,0.00552876572816211,0.00277996641796138,0.00654165122699183
0.00290590221038269,0.000875438176018489,0.00569880692875453,0.00716043725516126,0.00697854779090038,0.00170492097121157,0.00307975338211767,0.00648062100056191,0.00902361190726295,0.00855142653684786,0.00265579182414655,0.0043588541790131,0.00308020000154528,0.0038168385405582,0.00766936626163115,0.00387498748880912,0.00433949985598087,0.00551299218621757,0.00278218232485839,0.00653358556696276
0.00290033697103624,0.000875216647100196,0.00569673814373164,0.00716144785196914,0.00697538747969957,0.00170341047854406,0.00307761906193127,0.00647236003162522,0.00902606657102051,0.00855255373210076,0.00265249140573825,0.00435374639213783,0.00307812081363303,0.00381478171803893,0.00767354440772033,0.00387270291612188,0.00434399027997566,0.00552219273872537,0.00277683778967293,0.00653606465835179
0.00289902380161023,0.000876087222534337,0.00569998990741568,0.00716154857524083,0.00697477930115945,0.00170190988874473,0.00307377222541242,0.00647801144976032,0.00901844065361429,0.00856102095464173,0.00265388675284333,0.00435162963975911,0.00308364693905695,0.00381529397772254,0.00766453161380186,0.00387355074911374,0.00433954454698343,0.00552404497838468,0.00277880209245369,0.00654038005899871
0.00290446641582877,0.000876509320794791,0.00570570018507175,0.00716700006630656,0.00697816012923941,0.00170498596010237,0.00308126042651339,0.00647846795168457,0.00903380786067017,0.00856203710135347,0.00265682019340422,0.00435778469233589,0.00308354383464417,0.00381627175236444,0.00767285712763052,0.00387940008129341,0.00434737978026976,0.00552758277374256,0.0027814737443615,0.00654129092272946
0.00290235576042469,0.000875593048710652,0.00570338322993546,0.00716910080663245,0.00697822184192444,0.00170540747990564,0.0030812937167096,0.00647974174155112,0.00903263551029263,0.00856513446015257,0.00265832779926942,0.00435802840371373,0.0030831578321034,0.00381573832028255,0.00767464881548259,0.00387829029236107,0.00434630015873094,0.00552947870850112,0.00278049272929793,0.00654102509136894
0.00290145008400974,0.000875426439171245,0.0056984853431018,0.00715382276031881,0.00697427430336591,0.00170312511443265,0.0030773184664657,0.00646521709409593,0.00902650522976445,0.0085499874966245,0.00265450985197637,0.00435325828894602,0.00307920334912816,0.00381177545641521,0.00766943100017111,0.00387740098735267,0.00434187617947628,0.00552422575848158,0.00277752604819312,0.00653396041647599
0.00290111717092159,0.000876429832517718,0.00570745495291609,0.00716305055423464,0.00698055227870423,0.00170646747957847,0.00308262745252709,0.00647789500395845,0.00903240411147036,0.00856473257460014,0.00265744589783468,0.00435960233570468,0.00308297962940095,0.00381683969714719,0.00767625944740743,0.00388003634379294,0.00434765830711944,0.0055299106743114,0.00278164516717327,0.00654025118040516
0.00290070575711007,0.000875608422443141,0.00570037581349804,0.00715747144710469,0.00697379124339026,0.00170402844240105,0.00307902368449455,0.0064736010618315,0.00902427607743453,0.0085557403246063,0.00265575172773088,0.00435689505624909,0.00308256702402315,0.00381474292324351,0.00766787815636423,0.00387567078252743,0.00434178240240334,0.00552491187159239,0.00277760645700871,0.00653654862096451
0.00290497027814483,0.000875912890543583,0.00570634418519329,0.00717347673091939,0.00698071259990547,0.00170589707006811,0.00308032468677725,0.0064792517032738,0.00903414627987222,0.00856766677977254,0.00265787955807625,0.00436020524195653,0.00308732018762357,0.00381617273391304,0.00767665780233442,0.00387983935090524,0.0043482444747564,0.00552664920746095,0.00278263257012045,0.00654373681528264
0.00290363710515427,0.000875283116494886,0.00569994632519363,0.0071599906507433,0.00697775015347311,0.00170378020850339,0.00307558937774566,0.0064775156230584,0.00903643656479142,0.00855455385239951,0.00265694650273788,0.00435902263464708,0.003092265586988,0.00381189113362761,0.00767083167551785,0.00387935664051254,0.00434149748265143,0.00551511423924084,0.00277801885797897,0.00653513261127522
0.00290102577031655,0.000875438415390056,0.00570017045810491,0.00715911432662115,0.00697700930823316,0.0017036857509069,0.00307842139854985,0.00647319101772382,0.00902793609350088,0.00855577507878359,0.00265578238670498,0.00435787064284257,0.00308277038756361,0.00381356875809122,0.00766924054452591,0.0038769015303394,0.00434397036724977,0.00552746444226487,0.00278072214683955,0.00653501191999811
0.0029052100451282,0.000876081105847007,0.00570744864375189,0.00716800120906088,0.00698415007698757,0.00170619376817969,0.00308420810652604,0.00648091893413636,0.00903477852255231,0.00857073554203803,0.0026582909399477,0.00435910377928525,0.00308434157552787,0.00381617895433287,0.00768275516934984,0.00388058297915573,0.00434590865694782,0.00552883643367107,0.00278182639236316,0.00654574186760765
0.00290446832540735,0.00087634881298141,0.00570739367900227,0.00717021254185177,0.00698289319181887,0.00170581465025738,0.00308178229342232,0.00647963387930865,0.00903596517796442,0.00856753894971941,0.00265917784013168,0.00436220099649676,0.0030847652928744,0.0038191558626526,0.00767482071043973,0.00388258991449725,0.00434922511180261,0.0055305386771754,0.00278217988452828,0.00654517700122701
0.00290389452682859,0.000876155958698012,0.00570244277110013,0.00716317119834512,0.00698041954683216,0.00170519738009025,0.00308148085920725,0.00648048864138186,0.00902526264800557,0.00856285933724806,0.00265618491404851,0.00436043533832443,0.00308401292447575,0.00381656687682161,0.00767866930869417,0.00387832438250136,0.00435025025714586,0.00552599322175035,0.00278080819987422,0.00654347758416761
0.00290191845488837,0.000875356400185661,0.0056952725743112,0.00715280205612023,0.00696820241385835,0.00170515192312001,0.00308026565069913,0.00646734848415431,0.00902220153100772,0.0085546488149018,0.00265482101526764,0.00435399141043841,0.00308161956576967,0.00381168323481889,0.00766800043904449,0.00387430405595224,0.00433970275529944,0.00551778443235503,0.00278076900340754,0.00653555109959544
0.00290420397688344,0.000876523650018218,0.00570419188722411,0.00716525360565842,0.00698526928527106,0.00171779711649734,0.00310227400404213,0.00648223221721817,0.00908495670489703,0.00856083634770581,0.00267288577761813,0.00439018187408482,0.00310672662513895,0.00384323208378389,0.00771872174226064,0.00390766671353716,0.0043561808829252,0.00555899924477825,0.00280031894913757,0.00654208176914907
0.00290371255359404,0.000875077416821011,0.00569833246551374,0.00715709078408253,0.00697805705367198,0.00170353147250706,0.00307581321465791,0.00647309114606202,0.00901993119724492,0.00855691024630222,0.00265706131558554,0.00435359539240253,0.00308074052938017,0.0038125763787798,0.00766711764525186,0.00387634157089556,0.00434605682070038,0.00551658138529477,0.00277905640748906,0.00653660631948065
0.00290750187129892,0.000876516346865202,0.00570461014182561,0.00716752790515847,0.00698221289425481,0.0017048932474283,0.00308016660913692,0.00647895045897606,0.00903358644189614,0.00856340560602229,0.00265719831563492,0.00435849703640958,0.00308484900724466,0.00381639409470807,0.00767624493264918,0.00387957669488306,0.00434514056820234,0.00552953797130405,0.00278202221675202,0.00654411235266462
0.00290523022336467,0.000875463244658508,0.00569676353381343,0.00716260920808988,0.00697900597921466,0.00171132527340215,0.00307863828071261,0.00647589921875148,0.00902873754339711,0.00855983974693525,0.00265397613983989,0.00435600485828741,0.00308297917189736,0.00381429907568001,0.00767035321586938,0.00387657730574639,0.00434661375401361,0.00552345573637334,0.00277888785189915,0.00653931030423778
0.00290217838314828,0.000875983973861935,0.00570267112151569,0.00716340223776147,0.00697389658334094,0.00170524692356238,0.00307969392883695,0.00647585509995441,0.00902157546869164,0.00855973886538029,0.00265675905826676,0.00436054122869607,0.00308409894039241,0.00381781526185644,0.00767181869292728,0.0038778590206643,0.00434769100046387,0.00551848194077698,0.00278195598608922,0.00654064236992869
0.00290440462853069,0.000876577112847853,0.00570308680991004,0.0071664637724438,0.0069790780708666,0.001712410005413,0.00307886562746365,0.00647877345265528,0.00903169965246462,0.00856048785876863,0.00265641157719618,0.00435665020396837,0.00308336325632256,0.00381655914844837,0.00767372531785177,0.00388096227050543,0.00434718787065492,0.00552193641649903,0.00278006556493141,0.00654021223441969
0.00290385912062926,0.000875109054287522,0.00569674251205929,0.00716182579921463,0.00697320538364738,0.00170257200495468,0.00307300138822097,0.00646933768222134,0.00901772158993373,0.00855119859490708,0.00265161126320956,0.00435656817022854,0.00308475894534895,0.0038128925420304,0.00766820289753927,0.00387790225630982,0.00434709339147687,0.00551274786490558,0.00277638583290622,0.00653632507855558
0.00290298616043124,0.000875569192206722,0.00569908086902584,0.00716366735886992,0.00697944111454056,0.00170494891586653,0.00308049060030999,0.00647704766404274,0.0090320462214298,0.00856079088092549,0.00265803034830869,0.00435813163190296,0.00308318955598642,0.00381466872985381,0.00767167860555423,0.00387812267968315,0.00434608405024598,0.00552783087905654,0.00277950120621291,0.00653952592425613
0.00290165606551981,0.00087562368368581,0.0056982175903819,0.00716448115466326,0.0069716882912584,0.00170565942424859,0.00307408525741751,0.00646904187143128,0.0090233547313395,0.00856404964413404,0.00265221827951364,0.00435999463799108,0.0030864740419498,0.00381620999514868,0.0076723060923758,0.0038800955199905,0.00434682867899452,0.00551594100737977,0.0027799275814274,0.0065412699177521
0.00290286193048231,0.000875527890335299,0.00570249881235051,0.0071607157021869,0.00697503314303867,0.00170538998361835,0.00307808967913379,0.00647613907545039,0.00902842476724378,0.00855857414844014,0.0026550236238905,0.00435554060761037,0.00308225395183823,0.00381373080445433,0.00767052101516754,0.00387615231503524,0.00434214367922917,0.00552477843093614,0.0027790799150127,0.00653607979341842
0.00290209370664206,0.000875795117601113,0.00570118682982441,0.00716490853393683,0.0069774317816361,0.00170621008942425,0.00308060810360367,0.00647486641664061,0.00902927059116981,0.00856289459314328,0.00265762339077797,0.00435735814141623,0.00308251704815582,0.00381950768108501,0.00767323663682401,0.00388199173463624,0.00434400979565126,0.00551785828242221,0.00278240424531391,0.00654002593245212
0.00290606113641801,0.000875873900520454,0.00570314603366694,0.0071622080316319,0.0069784738995071,0.00170365286633135,0.00307679569262798,0.00647593005974092,0.00903631231429909,0.00855825166339856,0.00265566456315491,0.00435843119110744,0.00308371657890127,0.0038149130949046,0.00768027326543453,0.00388162328670252,0.00434732313330822,0.00552047860232649,0.00278249286757355,0.00654009013010705
0.00290577429089531,0.000875655901568216,0.00570152428479474,0.00716235538542605,0.00697881847067693,0.00170404802623029,0.00308064379511882,0.0064828781532996,0.00902759811246957,0.00855549492725676,0.00265710527872906,0.00435542238215434,0.00308237006656526,0.00381573155005388,0.00767094243710714,0.00387735298886596,0.00434917351153404,0.00551765074784391,0.00277857864027345,0.0065384128002476
0.00290956841937832,0.000876487864186474,0.00570415191984527,0.00716747464432154,0.00698292304881778,0.00170476689186279,0.0030782079238671,0.00647767933857899,0.00904517954919691,0.00856559071383013,0.00265663595775609,0.00436749809110895,0.00308605872973562,0.00381819914122693,0.0076902138973661,0.00388178568562323,0.00434818759840669,0.00552149803957966,0.00278137291379739,0.006541845718517
0.00290274248086589,0.000875483128740032,0.00569862640019146,0.00715735588976292,0.00697322071786538,0.00170543696312449,0.00308030200672412,0.0064713435001763,0.00902564741016814,0.00855717374102222,0.00265668831873499,0.00435846537953777,0.0030810861755601,0.00381323919227161,0.00766637422142265,0.0038762926313993,0.00434214302178428,0.00552219853376329,0.002777223011923,0.00653591173210271
0.00290793241497599,0.000876306861134072,0.0057004956641101,0.0071676945020353,0.00697683706533185,0.00170587298260848,0.00308029977274072,0.00647501774301065,0.00902438075044654,0.00856038101269865,0.0026541875082954,0.00435454699041085,0.00308284424617333,0.00381923859120943,0.0076828843724113,0.00387690722789516,0.00434255148303881,0.00551667744039242,0.00277992725928546,0.00653988415121733
0.00290612808782085,0.000875393732802464,0.00569937819395543,0.00716029482277019,0.00697688149042736,0.00170446010227081,0.00307575268674871,0.00647136515064503,0.00902522603317873,0.00855254341656708,0.00265665139008666,0.00435603634524334,0.00308074054964446,0.00381229868747287,0.00767006375344739,0.00387903000196881,0.00434026414288861,0.00551648480761018,0.00277819779684836,0.00653413415913577
0.00290254240237483,0.000875531796564584,0.00569541230172215,0.00716050229862361,0.00697775509010449,0.00170436390214616,0.00307570038614033,0.00647565001882826,0.00902941174447195,0.00855404769808111,0.00265475001904535,0.00435615091588972,0.00308243815517589,0.00381529149810452,0.00767165260379556,0.00387681318820091,0.00434746036606559,0.0055207145448096,0.00278347917869112,0.00653926573839047
0.00289949623099481,0.000874950875828116,0.00569951765103071,0.00716078508322546,0.006977293233238,0.00170408310948537,0.0030796783150492,0.00647475064184738,0.00902715077785936,0.00855606890235799,0.0026561494946609,0.00435591879259549,0.00308155037280563,0.00381413203975131,0.00766777903043691,0.00387722162910441,0.00434147633331661,0.00552646953013916,0.00277818189829619,0.00653701477372327
0.00290568855741932,0.000875529074109596,0.00570278106442056,0.00715997666125698,0.00697593937319766,0.00170355598808225,0.00307715828250693,0.00647857849848664,0.00902297919717329,0.00856726508873869,0.0026540582866556,0.00436364781583058,0.00308695237205025,0.00382338229439651,0.00767163095765582,0.00388623365598325,0.00434117671863508,0.00552594165036476,0.00277889206917622,0.00654120920296348
0.00290328665068035,0.000875400499644598,0.00570219995416265,0.00715720376959048,0.00697531571932886,0.00170914347809962,0.00307544379734878,0.00648001405327649,0.00902923529906607,0.00856083983475965,0.00265654443494518,0.00435677262546823,0.00308154236368957,0.00381266379886479,0.00767211814810906,0.00387587270044773,0.00434558106142427,0.00551703185536466,0.00277944522062733,0.00653743043510806
0.00289995073874488,0.000875023119022861,0.00569700680803688,0.0071584636981117,0.00696739897397108,0.00170280061947051,0.0030765202167618,0.00646858951697574,0.00902150948410826,0.00855076318206984,0.00265365658727686,0.00435175442906217,0.00307868360910383,0.00381065260932183,0.00766543019923669,0.00387599435723553,0.00434102323482319,0.00552064248892794,0.00277735793252269,0.00653244029881239
0.00290678035413997,0.000875652559247901,0.00570002153841032,0.00716147905982305,0.0069775722690746,0.0017031177322265,0.00307586047043529,0.00647582062562501,0.00902880667303571,0.00855493829098785,0.0026569258728463,0.00435551958022517,0.00308290477015139,0.00381382941454673,0.00767457999481524,0.00387947734757074,0.00434099054865157,0.00551554354421893,0.00277752348136803,0.00654537567516544
0.00290305996100747,0.000876668972862742,0.00570386364263931,0.00716329878940615,0.00698245965152919,0.00170511833135434,0.00308284414732526,0.00647697497959173,0.00903213873764464,0.00856563932422929,0.0026583978741315,0.00436053523772871,0.00308378471114341,0.00381586909687435,0.00767603137716499,0.00387931137847829,0.00434610695039293,0.00552734940522439,0.00278626262496097,0.00654510964407867
0.0029025110278962,0.000876070856419133,0.00570633747976232,0.00716610381952932,0.006978203368863,0.00170429856908341,0.00307958120481267,0.00648085838933381,0.00903257725834478,0.00856125366610442,0.00265740638427143,0.00435812838927008,0.0030833194187755,0.00381630868082515,0.00767568469471339,0.00387832868766694,0.00434600656598589,0.00552844987466906,0.00278058160332399,0.00654108426761454
0.00290421091595921,0.000875757947087897,0.00570181323613243,0.00716248396366844,0.00697841378327624,0.00170357923455538,0.00308649816158654,0.00647646858697827,0.00903345404434214,0.00855678899260772,0.00265571865561079,0.00435943810951154,0.00308301840839207,0.00381751025688657,0.00766911235801602,0.00387704647276084,0.00434214470652335,0.00552092065363126,0.00277957613038016,0.00653721711743839
0.00290340287509866,0.000875615627959389,0.00570454493286025,0.00716246602336282,0.00697656294151398,0.00170353852722966,0.00307812442215946,0.00647170715745947,0.00903266379678307,0.00855927595203827,0.00265554140919525,0.00435464498026806,0.00308350495055172,0.00381652328175943,0.00767452852043954,0.0038762284123835,0.00434453186550193,0.00552315129196909,0.00278067377256087,0.00653619613814559
0.00290544745778998,0.000876328585597735,0.00570302611060844,0.00716841096684268,0.00698183986738861,0.00170447349939082,0.00307870600810686,0.00648636778380345,0.0090301831065075,0.00856810336962303,0.00265538897785838,0.0043610604260232,0.00308393673136481,0.00382047025255358,0.0076794981146809,0.00388247249524706,0.00434716758660034,0.00552338703908815,0.00278018276901592,0.00654533131784085
0.00289923575974838,0.000875436526112772,0.00569967215173476,0.00715449088706066,0.00697320066317968,0.0017043959585512,0.00307729445646569,0.00647279567324006,0.0090237747757748,0.00855294099866854,0.00265617150371129,0.00435667957536836,0.00308241478352104,0.00381137846320462,0.00766577375531069,0.00387537139175557,0.00434154284063268,0.00552174484447523,0.00277807948774178,0.00653409330907793
0.00289902474853806,0.000876021043584932,0.00569865110597794,0.00715971882119121,0.0069753022961727,0.00170389821299053,0.00307507095474559,0.00647420040159269,0.00902396236436259,0.0085586322303521,0.00265306953116848,0.00435493697030356,0.00308224748611906,0.00381241205570232,0.00767045615914523,0.00387640906369918,0.00434070207190756,0.00551536222653085,0.00277654118234896,0.0065369470934321
0.00290131483027691,0.000875710362081144,0.00570172481946424,0.00716157432196958,0.0069768446522394,0.0017031750109081,0.00307547399816706,0.00647473572456683,0.00902323912754382,0.00855968912702712,0.00265291005179086,0.00435460425839843,0.00308227560797289,0.0038137483406279,0.00767013598936842,0.00387658182206229,0.00434162221487683,0.00551829152532416,0.00277777703761693,0.00653827963885812
0.00290173508925526,0.00087580111788808,0.00570103597997819,0.00716211002182189,0.00697693621840702,0.00171414803325841,0.00307746655005819,0.00647507149271968,0.0090237075933114,0.00859931703990401,0.00266896773948107,0.00435457896527188,0.00308122339796582,0.00382334985767254,0.0077059188309391,0.00389884792549711,0.00436743786666217,0.00552178721561936,0.00278153749462059,0.00657016834828931
0.00290564967163304,0.000876417048521756,0.00570506302321103,0.00716670052859337,0.00698321685624245,0.00170544016950556,0.00308128354252298,0.00647952560990356,0.00904133211373251,0.00856509388143234,0.00265588713250882,0.00435876238450642,0.00308733450939667,0.00382112515267294,0.00767668311532782,0.00388106091354173,0.00434975431160722,0.00552523014649778,0.00278148721433074,0.00654366147233031
0.00290235464029521,0.000875358163767789,0.00569919084656724,0.00715818580636713,0.0069770596982792,0.00170372920813664,0.003074951248109,0.00647057968599415,0.00902988100889624,0.00856031501349115,0.00265299128638996,0.00435228592092549,0.00308095397533633,0.00381595855702005,0.00767323814330227,0.00387746991833744,0.00434157283416053,0.00551834268825774,0.00277750590871857,0.00653569548851466
0.00290428626475401,0.000875750805534695,0.00570309291634616,0.00716216430822797,0.00697688445183371,0.00170509583164822,0.00307721168918868,0.00647858432466472,0.00902787834313761,0.00855979094596296,0.00265629274876572,0.00435604346039622,0.00308304472054861,0.00381333028033491,0.00767587070654138,0.00387738079183135,0.00434404416558963,0.00551845399377824,0.00278003258158695,0.00653742225860386
0.00290158494866292,0.000875823191854255,0.00570099711186731,0.00716247209384469,0.00697555286837927,0.00170421462042634,0.00307817083020332,0.00647675261548318,0.00902660883820569,0.00855878800069558,0.00265776554634036,0.00435915960658442,0.00308156614466339,0.00381546443574291,0.00767154203510647,0.00387882745241587,0.00434316981349484,0.00552588988301511,0.00278023353334432,0.00653951324945999
0.00290189817749226,0.000875375627613308,0.00569735647959219,0.00715910319013262,0.00697741518617645,0.00170283318083798,0.00307590146380161,0.00647569760997801,0.00903336699114515,0.00855992988220162,0.00265283383995559,0.00435546211245782,0.00308169022175226,0.00381555555295281,0.00767085141890792,0.00387543454425105,0.00434340146096031,0.00551680653313783,0.00277984057320803,0.00653803638048562
0.00290632155943531,0.000876054694538264,0.00570367655129534,0.00716435504123382,0.00697770835859242,0.00170386118761265,0.00307807169484514,0.00647766118371819,0.00902929817912209,0.00855918294341001,0.00265845168093581,0.00435669326277791,0.00308462969552084,0.00381465980823823,0.00768194280550087,0.00387780909899721,0.00434859807696548,0.00552552903719981,0.00277941167910586,0.0065444614372774
0.00290502607692025,0.000876050806934492,0.00570584167336681,0.00716740722797598,0.0069822849691854,0.00170787721824883,0.00308245808862689,0.00647903327315298,0.00903400777342073,0.00856322647845985,0.00265710669445824,0.00435921480919416,0.00308877362440142,0.00381590328383373,0.00767720462253932,0.00388078664849358,0.0043452957578951,0.00552992919099312,0.002783038483701,0.00654202767240287
0.00290384157674997,0.000876181941084918,0.00570972614858849,0.00716773401533304,0.00698327556755663,0.00170644699399695,0.00308306576835699,0.00648045912144421,0.00903343492608372,0.00856193090176086,0.00265779622900277,0.00435953201491763,0.0030843899124745,0.00381764115606653,0.00768062695994908,0.00388041510209273,0.00434687398463685,0.00552732628272257,0.0027833402080127,0.00654431128900356
0.00290820607191116,0.000875696420716327,0.00569642079946991,0.00715443496300257,0.00697015607017431,0.0017108292258395,0.00307849131186774,0.00647547563141155,0.00902276253181571,0.00855896205932246,0.00265325397910441,0.00435835938748744,0.00308238903083966,0.00381450926443483,0.00767250106747041,0.00387742619683755,0.00434366548713403,0.00551787095765457,0.00277810212782592,0.00653490348993302
0.00289966658555353,0.000875006446019391,0.00569660955712612,0.00715981223870051,0.00697069450714889,0.00170306034414096,0.00307621079133478,0.00646930596037793,0.00902314571373111,0.00855031495897063,0.0026539155988412,0.00435590753738985,0.00308032454406925,0.00381234015640901,0.00767076178327264,0.00387389724914512,0.00434107706617295,0.00552239100661372,0.00277723275716132,0.00653578974450282
0.00290114991369875,0.000876048251120271,0.00570366240624959,0.00716500768795853,0.00697914022717938,0.0017053239752521,0.00308275670381044,0.0064771957823803,0.00902962536402302,0.00855942264807061,0.00265668535860139,0.00435927239261274,0.00308457579843902,0.00381637916733054,0.00766709179657444,0.003878924149215,0.00434351565481963,0.00552457707825943,0.0027810363821061,0.00653770191497353
0.0029040018611614,0.000876224878066742,0.00570537406639703,0.00716539024164119,0.00697766511967064,0.00170517823803458,0.00308120582592131,0.00647810803419435,0.00903484979541449,0.00856013422916559,0.00265932658754755,0.00435772223288394,0.00308435141318939,0.0038163857413775,0.00767533626908836,0.00387984710275408,0.00434503591333974,0.00553274328984716,0.00277876158743708,0.00654019119767225
0.00290194201674866,0.000875668070388239,0.0057010294852764,0.00715620143737269,0.00697609125052896,0.0017040519252751,0.00308145326990539,0.00647504599149368,0.00902570207917669,0.00855639248851923,0.00265709170816555,0.00435478328774083,0.00308255533715314,0.00381378497253179,0.00767169097428334,0.00387658849642562,0.00434185552287572,0.00552443445119509,0.00277954604736123,0.00653694040461721
0.00290753540160765,0.000876575642322246,0.00570695472895732,0.00716544954355327,0.00698457510751852,0.00170482171185895,0.00308271342885827,0.00648604789607703,0.00903710017296307,0.00856607203899858,0.00265542304538325,0.00436196638291145,0.00308355043880552,0.00381594855523537,0.00767510272086316,0.0038812445554682,0.00434647340667234,0.00552929992662769,0.00278423207854553,0.0065505880563439
0.00290440727501308,0.000876340999961016,0.00570834193958436,0.00716685918414868,0.00698109030529591,0.00170549838265731,0.00308128333323093,0.00647961479926874,0.00903672536018257,0.00856217137212171,0.00265806405187169,0.0043589368868866,0.00308397245877217,0.00381613703882635,0.00768203765694132,0.00387953755605571,0.00434517901351767,0.00552977468456318,0.00278074023784362,0.00654552913353814
0.00290628455592371,0.000876326361908816,0.00570469987739676,0.00716527549963041,0.00698050059922066,0.00170549594294417,0.00308011032327947,0.00647729741345691,0.00903455773470211,0.00855979312685833,0.00265579088912744,0.00435862571864795,0.0030830156954778,0.00381989861081195,0.00767281501306743,0.00388330494717458,0.00434923800380801,0.00552584887454688,0.00278252458587024,0.00654128939060873
0.00290137884838584,0.000875392391110173,0.00569976948701815,0.00715632257872141,0.00697397079722235,0.00170317258080422,0.00307714380383456,0.00647147975224763,0.00904176095604179,0.00856984543515959,0.00265339664520005,0.00435337425520282,0.00308096286115081,0.00381689145165817,0.0076809062608911,0.00387576073234113,0.00434141840438664,0.00551853038975519,0.0027770853470719,0.00653508590188961
0.00290631200182315,0.000876416942536731,0.00570627537260523,0.00716779785014991,0.00698581194263863,0.0017057898727923,0.00308133073175952,0.00648151218407336,0.00903791290839472,0.00856991548149872,0.00265832086602869,0.00435893107451525,0.00308490128370956,0.00381632133221424,0.00768199528671557,0.00388024794758016,0.00434767144625503,0.0055321549191855,0.00278275023465232,0.00654182193664745
0.00290965180959761,0.000876403443779227,0.00570636671169865,0.00716827477821697,0.00698286709727719,0.00170572509104471,0.0030785092815444,0.00648009198123261,0.00903388709481186,0.0085641182976524,0.00265707558479142,0.00435892076079343,0.00308520584062646,0.00381881086609272,0.00768016914686787,0.00388039895133717,0.00434758089425016,0.00553328133725604,0.00278097681262545,0.00654411483961606
0.00290677799806946,0.000876209332517004,0.0057065353199143,0.00716680549830416,0.00698093032702551,0.0017051306301805,0.00308291623160746,0.00648063326350104,0.00904307096050278,0.00856232254326966,0.00265539928294351,0.00435823321151266,0.00308445489356775,0.00381802346966109,0.00768357702187697,0.00388002644633182,0.00434638128169959,0.00552203455039153,0.00278309305803691,0.00654232602135585
0.00290812578042139,0.000876539613286374,0.00570695439544284,0.007162957993015,0.00698220950216775,0.0017050627646928,0.00308177311290084,0.0064827801141356,0.00903322875724123,0.00856005522575399,0.00265761055928887,0.0043591690129823,0.00308493603514927,0.00381570948196227,0.00767746492084252,0.00388035029084824,0.00434579449333668,0.00552924874743494,0.00278159226032669,0.00654424497172162
0.00290365647575581,0.000876196896573695,0.00569740072359118,0.00716315699211199,0.00697765571897731,0.00170568127255756,0.00307815757892734,0.00647698295380819,0.00902990652997957,0.00855780736637788,0.00265634750185663,0.00435894692244102,0.00308436308358811,0.00381312700653957,0.00767092468022144,0.00387898310170031,0.00434251774162454,0.00552691834752908,0.00277902270584736,0.00653675042641585
0.00290390707371117,0.000876012196283776,0.00570473846989227,0.00716666134537673,0.00698047523920877,0.0017052326389582,0.00307969025204779,0.006479550120265,0.00903312425164935,0.00856099684093208,0.00265898064110892,0.00435946709110798,0.00308593872131625,0.00381818792260652,0.00767716965344506,0.00387921291742589,0.00435218540124082,0.0055276921560772,0.00278183298463204,0.00654405692701564
0.00290514038831022,0.000876101327367691,0.00570467918084363,0.00716383097132301,0.00698203129543378,0.00170357214333288,0.00307954397404257,0.00647633714091133,0.00902870777013538,0.00856814091085188,0.00265486084653838,0.00435615939834829,0.00308291475069259,0.00381879548361791,0.00767979065340485,0.00387912707926897,0.00434453690579241,0.00552054235649332,0.00277916004646295,0.00654038771969777
0.00290373121252367,0.000875406203484296,0.00570001808710722,0.00715632907734325,0.00697311335513302,0.00170222669256656,0.00307398274157472,0.00647030855178473,0.00902058013455816,0.00856199537763322,0.0026524247458932,0.00435283769280141,0.00308092494928767,0.00381250886066384,0.00766798421735229,0.00387564060248831,0.00434102083138519,0.00551551200603282,0.00277752093282088,0.00653688118352779
0.0029046999477742,0.000876508560989302,0.00570640978115226,0.00716596324520577,0.00698274121474742,0.00170614714011159,0.00308236156960157,0.00647891004313231,0.00903561037902668,0.00856598582040097,0.00265852735092419,0.004360307867078,0.00308448905791158,0.00381847828375482,0.0076775116766764,0.00388106573882228,0.00434663134709815,0.00552970055328845,0.00278198720741899,0.00654307863165246
0.00290229863739371,0.000875196965038442,0.0057022567682801,0.00716022095892505,0.00697538829189811,0.00170618743861518,0.00307910883513247,0.00647440164287044,0.00902772917357932,0.0085556200374875,0.0026556768673872,0.00435613979457348,0.00308637897121294,0.00381354386300445,0.00767211301241351,0.00387740371083918,0.0043406138599229,0.00552119435587606,0.00278271081052287,0.0065397482989904
0.00290596125997755,0.000875072713892357,0.00569986151283036,0.00715996308725681,0.00697882656742548,0.00170332812268335,0.00307575366007785,0.00647578921768662,0.00902812745040611,0.0085625587314546,0.00265516557261442,0.0043674379995257,0.00308176958590433,0.00381452979389434,0.00768436027122263,0.00387828375103278,0.00434800008998542,0.00551790674864349,0.00278014276630968,0.00653798021787138
0.00290821791186954,0.00087534693849297,0.00570069361454842,0.00715822945260603,0.00697579354632534,0.00170418039473677,0.00307771833225044,0.00647778920553812,0.00902096634633364,0.00856102225657753,0.00265345694741314,0.00435722624487216,0.00308164126498204,0.00381637934184879,0.00767000376646942,0.00387888853615993,0.00434266064395586,0.0055150521839827,0.00277832036904989,0.00653589809215798
0.00290429532101887,0.000876142057093799,0.00570722432963679,0.00716804048132291,0.00698638005260264,0.00170524803850662,0.00308354608858017,0.00648054275883271,0.00903179754245646,0.00856574492493403,0.00265823504901215,0.00435990554806296,0.00308487310427212,0.00381691828263856,0.00768036158955167,0.00388300538209829,0.00434843871813064,0.00552701160610086,0.00278130547009754,0.00654114541861133
0.00290886336849588,0.000876417441920309,0.00570293691043396,0.00716694415790899,0.00698492458399397,0.00171391229523518,0.00307777267456195,0.00648351897286519,0.00902992768547236,0.00855992127972158,0.00265908643932454,0.0043615469525349,0.0030874207254117,0.00381797148223962,0.00767577745870996,0.00388391156440424,0.00435069627636045,0.00552224745111364,0.00278297784386133,0.00654172505842129
0.00290687077693905,0.000875907714382208,0.00570491303415184,0.00716375209040439,0.00697989730303299,0.00170447026465312,0.00308024503614007,0.00647513686986258,0.00903034222161711,0.00856584566281066,0.00265894250406317,0.00435836756005876,0.00308511841707587,0.00382271762151593,0.0076744831870483,0.00388069857089202,0.00434313175059266,0.00552070550545777,0.00278064400899878,0.00653869041452571
0.00290325043278788,0.000875347013006634,0.00570466564502123,0.00716573160452754,0.00697937783795884,0.00170563049808641,0.00307988882866079,0.00647505659060912,0.00903229451478101,0.00855844599632072,0.00265724053527999,0.00435617588490331,0.00308247059123984,0.00381663668288665,0.00767192412244034,0.0038795851555335,0.00434715183470804,0.00552821874242008,0.00277948939777171,0.00654174843199527
0.00290676949241148,0.000875814768503832,0.0057035101305411,0.00716435666068799,0.00697974148532571,0.00170452871411269,0.00307745834193784,0.0064751456430544,0.00903876556660409,0.00856367783572196,0.00265393948203615,0.00435690688765483,0.00308724651308483,0.00381542754665405,0.00767747027400854,0.00388184213531024,0.00434368439635991,0.00552495565952712,0.00277980784997476,0.00654245337136494
0.00290370275748817,0.000876110675379089,0.00570436129302349,0.00716659368655047,0.00698096448813754,0.00170591000193622,0.00308101602324939,0.00648122370362877,0.00903122847715949,0.00856593564537621,0.00265703084232497,0.00435688564294987,0.00308506665235345,0.00381636993991943,0.00767283294867523,0.00388209768555104,0.00434455764463711,0.00551970842299488,0.00278122773139541,0.00654433593895164
0.0029071037244153,0.000875496893793266,0.00569620244950997,0.00715428967181169,0.00697599552099854,0.00170377318994045,0.00307543876964964,0.00647288427180509,0.00903684463259122,0.00855841253805629,0.00265710905945071,0.00435660773912367,0.00308394922240093,0.00381185426421762,0.00767428992358269,0.00387394060944542,0.00434794163243627,0.00551397890076652,0.00277864691178119,0.0065399428655341
0.00290022950999899,0.000874966642648258,0.00569664492933624,0.0071590621341765,0.00696827883397305,0.00170969685392681,0.00307714560280282,0.00646936916838439,0.00902089635853905,0.00854941334461167,0.00265457035009902,0.00435356528776954,0.00308102660259603,0.00381055034805842,0.00766476046951425,0.00387511465034254,0.00434129952329715,0.0055186576634572,0.00277727148777136,0.00653416319026193
0.00290163662948325,0.000875455417812801,0.00569839952109432,0.00715557099695971,0.00697032763830994,0.0017060834257807,0.00308029197185812,0.00647147474538943,0.00902756124118711,0.00856010400385323,0.00265364499462045,0.00436123612073078,0.00308295648744332,0.00381529446940441,0.00766932052452199,0.00387724828753308,0.00434090195896427,0.00552177262146998,0.00277758506890457,0.00653471783677367
0.00290448965090703,0.000876711637664052,0.00570525993124676,0.00716368231639978,0.00698162395840195,0.00170611118532916,0.00308172801883527,0.00647924990486576,0.00903424989806808,0.00856393721587965,0.00265839432899041,0.00436102553136285,0.00308515768655426,0.00381872198351995,0.00767552494786519,0.00388150093713254,0.00434954655896433,0.00552656144220916,0.00278193629103686,0.00654355612622134
0.00290415905503635,0.000875254983832258,0.00570462648629508,0.00715785540898816,0.00697955272686083,0.00170447281659496,0.00308131668363969,0.00647950909381255,0.00903326877933635,0.00856125874704918,0.00265826027542932,0.00435612754739465,0.00308399678717542,0.00381506107521497,0.00766913326513045,0.00387716840252629,0.00434475307852205,0.00552558121698906,0.0027790590091485,0.00653678998237594
0.00290733589474226,0.000876250879220331,0.00571024087879134,0.00716568732349628,0.00698267138931874,0.00170636908987152,0.00308220963931025,0.00648042901606703,0.00902958136688335,0.00856402857642371,0.00265596548739667,0.0043625864099128,0.00308411302551155,0.00381452284934485,0.00768030923247285,0.00387966938563447,0.00434647409295562,0.00552231149370398,0.00278098637216165,0.00654584093761042
0.00290536899791236,0.000875031302671996,0.00569857235882718,0.00715692002792054,0.00697216455082176,0.00170436481255821,0.00307691704302906,0.00647325568852325,0.0090286070111509,0.00855010786607072,0.002652693524778,0.00435148991849784,0.00308171175256025,0.00381066698355303,0.0076664242329358,0.00387656092565381,0.00434235435235835,0.00551968347373303,0.0027819403455745,0.00654275297972984
0.00290182047651595,0.000876215530518683,0.0057046380009364,0.0071654374073223,0.0069818456300619,0.00170542526591162,0.00308154483575309,0.00647994024630795,0.00903261583783013,0.00856492273428821,0.00265754992628328,0.00435660940889295,0.00308377030423001,0.00381631221497254,0.00767377161596911,0.00387971836133033,0.00434490650876443,0.00552643978866124,0.00277994002916049,0.0065431446137433
0.0029020198648023,0.000876054626239103,0.00569974815902383,0.00716531728364412,0.00697749938610247,0.00170498176190164,0.00308173619695933,0.00647796842793198,0.0090301285624078,0.00855969199441714,0.00265702145010265,0.00435892450724822,0.0030834042036144,0.00381640851843806,0.00767506282129063,0.00388044180812422,0.0043456634905801,0.00552630124187947,0.00278231539394895,0.0065420448604478
0.00290394688857649,0.000876202242862055,0.0057042594079229,0.00716323567345331,0.00697921678532636,0.00170516786742421,0.00307988494497786,0.00647824483025081,0.00903389819562835,0.00855958991099737,0.00265700899854657,0.0043582927378064,0.00308324184242306,0.00381498858893232,0.00767471975940158,0.00387801820583077,0.00434503285652548,0.00552807378714987,0.00277929599884803,0.00653992119343601
0.0029032809661757,0.000875615916530517,0.00570066387270153,0.00716001864168276,0.00697764717839251,0.00170315232714295,0.00307761025250232,0.00647344206875238,0.00903047846636716,0.00856296482641927,0.00265455555540601,0.0043544766288789,0.00309450279590758,0.00381523226127709,0.00767217473517549,0.00387996944621338,0.00434180803843404,0.00552399313911943,0.00278055425747959,0.00653722167353334
0.00290479155445234,0.000875864550432395,0.00570315302807656,0.00716097576624409,0.00697624657507856,0.00170428801276743,0.00307583038504384,0.00647537211723652,0.00902508673545506,0.00855938222649846,0.00265296748557099,0.00436205731452708,0.00308495402553077,0.00381614274647703,0.00767539718661812,0.00387843072402293,0.00434205033612795,0.00551731420430409,0.00277947999658203,0.00654818954683365
0.00290310118422342,0.000876248421337419,0.00570201931373424,0.00716223117751688,0.00697836350836913,0.00170432234150838,0.00307908697821277,0.0064770894858426,0.00903097014557898,0.00856594840087981,0.00265456693140881,0.00435496480624686,0.00308495869450765,0.00381550267363743,0.00767426038594751,0.00387776480724271,0.0043435590040638,0.0055240425479142,0.00278201373440125,0.00653971253720788
0.0029054869612316,0.000876121465674002,0.0057045509623005,0.00716215404571203,0.00698020183449266,0.00170511624221095,0.00307692284278225,0.00648353897535778,0.00903845470685413,0.00856144538514161,0.00265723492196397,0.00435690742474286,0.00308697403802613,0.00382157043261493,0.00767258746174419,0.00387798125789475,0.00434454677699532,0.00552156060241587,0.00277973548928641,0.00653771754497922
0.0029022671332003,0.000875924094142892,0.00570532491759478,0.00716739381134138,0.00697789367563852,0.00170531167356555,0.00308101972294242,0.00647987969016594,0.00903481379996341,0.00856319682700494,0.00265802498763468,0.00435838449479233,0.00308412124201235,0.00381531303945569,0.00767594512636234,0.00387978683759192,0.00434637079876869,0.00552997523754585,0.00278172513602091,0.00654379665640396
0.0029008794024721,0.000875934578967389,0.00569844364750164,0.00715849307915133,0.00696875765148157,0.00170565822713965,0.00307779361603651,0.00647304304123147,0.00902420734664522,0.00855263121959167,0.00265494386739033,0.00435266450495371,0.00308036907769001,0.00381100745452432,0.00766648418921683,0.00387452903756806,0.0043404603445609,0.00552320062884148,0.0027791196875029,0.006534022085452
0.00290507111035436,0.000875966223191731,0.00570277675310959,0.00716273448454954,0.00698089131063338,0.00170500726202098,0.00307710382946027,0.00647455020431653,0.00902923505979567,0.00856078401693242,0.00265444077906909,0.00436031409935918,0.00308246973929298,0.0038175324521521,0.00767859271818157,0.00387685813229391,0.0043474720255696,0.00551804914580043,0.0027783968107081,0.0065440781607012
0.00290679630407103,0.000876180624749355,0.00570412114209549,0.00716765783549885,0.00698099707626863,0.00170402118787784,0.00307986890956327,0.00647755685907724,0.00903587173027897,0.00857055769833381,0.00265510989565029,0.00436320286216775,0.00308403407819406,0.0038169663692457,0.00767381523728298,0.00387987823735611,0.004347264304085,0.0055237279809455,0.00278320478231838,0.0065440118387617
0.00290442811983255,0.000876447322372076,0.00570235542534724,0.00716426826493288,0.00697941180623553,0.00170548812865565,0.00308037516400914,0.0064799138329085,0.00903645146611194,0.0085613541464919,0.00265861741007461,0.00436206187722937,0.00308430502031952,0.00381762874128216,0.0076786793108439,0.00388267017976351,0.00434705237832404,0.00552978072493231,0.00278167402416882,0.00654198484088037
0.00290740867162002,0.000876094819814649,0.00570525865527755,0.00716500230849695,0.00698316327268472,0.00171157878037966,0.00307920616830923,0.00647771514417166,0.00903761359283974,0.00856696873207114,0.00265797267409344,0.00435948806260429,0.00308671129965223,0.00381931549422199,0.00767836088696108,0.0038836437224964,0.00435037858276364,0.00552828563397454,0.00278330264868111,0.00654768539044085
0.00290185575820955,0.000875163939310441,0.00570284257866093,0.00715618946323784,0.00697291374296981,0.00170290186193701,0.00307348502399597,0.00647028811493081,0.0090342617387034,0.00856078103193864,0.0026544749654415,0.00435459702767433,0.00308293132202251,0.00381791959051856,0.00766513834769319,0.00387719712021897,0.00433923086923696,0.00551737516404775,0.00278103418977652,0.00653826708697985
0.00290638309023927,0.000876198590736065,0.00570377834923635,0.0071672388716059,0.00697972033979939,0.00170449146012432,0.00308094346855704,0.00647835708242261,0.00903377214254273,0.00856304135650891,0.00265554267093408,0.00435764876064313,0.00308444391117002,0.00381690184813205,0.00767576486311719,0.00387902735096467,0.00434525664723001,0.00552164145017936,0.00278329032025169,0.00655036607771254
0.00290293771085318,0.000876620493877534,0.00570702901662513,0.00716737423021643,0.00698328819488148,0.00170595468425216,0.00309898412353616,0.00651617005077336,0.00903516576385443,0.00856436216995789,0.00265761374273755,0.00436141174154078,0.00308635458841708,0.00383856921308841,0.00767300132774984,0.00388030676407169,0.00434912507981185,0.00553210093135922,0.00278275545083026,0.00654456978823689
0.00290489895248663,0.00087631383107365,0.00570155712372345,0.00716733749033761,0.0069806869368858,0.00170538675368867,0.00308021613320151,0.00648129445703958,0.00903251011479558,0.0085608242158172,0.00265719006723061,0.00435991559740625,0.0030847243197216,0.00381589573006262,0.00767722572770565,0.00387912162267506,0.00434299052468389,0.00553056070840359,0.00278073460896144,0.006541453674622
0.00290769428533603,0.000875923280510421,0.0057022996898656,0.00716358670112355,0.00697830401273808,0.001704305942741,0.00307577771923964,0.00648436699973814,0.00902783469933756,0.00855656917213557,0.00265545752657933,0.00435665766853559,0.00308345216065685,0.00382172820523234,0.00767076199051143,0.00388417496954793,0.00434938814486039,0.0055184394914254,0.00278332986801519,0.0065390726445855
0.00290026316018361,0.000875382480856163,0.0057045374532764,0.00715406955724975,0.00697087448356502,0.0017029300527277,0.00307580672169723,0.00647333943240539,0.0090241134942603,0.00855664448985716,0.00265204970853131,0.00435336846301384,0.00308250054802104,0.0038128902359794,0.00767031309863331,0.00387514734145661,0.00433908090393467,0.00551647254785469,0.00277969326842469,0.00653386277808775
0.00290361529021526,0.000876467103039659,0.00570506280617672,0.0071644978136317,0.00698254194785116,0.001704205309184,0.00308010211257994,0.00647798334779158,0.00903342280357757,0.00857132238713516,0.00265686616795491,0.00435760773783696,0.00308225389858565,0.00381537877581791,0.00767130827696269,0.00387826988186126,0.00434248269921013,0.0055259187296483,0.00278070988050886,0.00654374748911127
0.00290371289780255,0.00087565217052201,0.00569861679132063,0.00716004232431326,0.00697357843365625,0.00170290424384235,0.00307527468040115,0.00647097896664793,0.00903132288512338,0.00855983120867358,0.00265353765786432,0.00435419369446419,0.00308151562430912,0.00381765969602458,0.00766844497624232,0.0038750323618004,0.00434558163428481,0.00552132898915326,0.0027773117952699,0.00653686998244714
0.00290492607208125,0.000875002583982853,0.00569883576768284,0.0071523491708992,0.0069683511144845,0.00170324898229915,0.00307688381175845,0.00647131056356896,0.00903022461035708,0.00855340765451391,0.00265585321514379,0.00435648208189825,0.00308178645313527,0.00381252827368303,0.00766608414143776,0.00387749378272708,0.00434327038317696,0.00552242102935879,0.00277613698725098,0.00653392628409014
0.00290638404289534,0.000875141480216143,0.00569885680735279,0.00716040500171358,0.00697437069025825,0.0017036063418394,0.00307729144020741,0.00647314091303645,0.00902187896996333,0.00855662459434285,0.00265278814587484,0.00435473708302426,0.00308712249007939,0.00381709692118026,0.00767988727107604,0.0038776056644209,0.00434737887110459,0.00551726652338661,0.00277861310475012,0.00653902831589568
0.0029028687512541,0.00087572425950271,0.00570022329112512,0.00716215685538653,0.00697782059927973,0.00170531267646562,0.00307747547265654,0.00647577491970001,0.00902818028290219,0.00855749416674555,0.00265566919828909,0.00435531172656473,0.00308315166429984,0.00381464080663831,0.00767143875883963,0.00387716417743819,0.00434152529237304,0.00551807230961192,0.00277898533579749,0.00654234981191425
0.0029095832921065,0.000875822906972346,0.00570476323622992,0.00716706230552394,0.00698082773348827,0.00170519658360728,0.00307986921905363,0.00648992326241922,0.00903116277106452,0.00856530916355994,0.00265921975501657,0.0043578890181372,0.00309106105805516,0.00382437173974366,0.00768797272169142,0.0038873937237067,0.00434445029964776,0.0055282490828619,0.00278084661635603,0.00655417888632142
0.00290598069689798,0.000875191165516167,0.00569860390402814,0.00715772568935429,0.00697685757941487,0.00170533989295961,0.00307521310742996,0.0064786597804993,0.00902352557547074,0.00855655297002027,0.00265345417549226,0.0043532004889448,0.0030848535104332,0.00381664754144756,0.00766646359868328,0.00387594655899932,0.00434017189803805,0.00552225823206859,0.00277857824633164,0.00654189568747189
0.00290575160914266,0.000875836890894654,0.00570349818645974,0.00716386022828966,0.00697658835871874,0.0017044943540723,0.00308182671130495,0.00648011829215935,0.00903279739482383,0.00856963374565736,0.00265445517577601,0.00435637407043975,0.00308589696850317,0.00381530478800495,0.00767118575294699,0.0038864493524706,0.00434342693644378,0.00552574350382123,0.00278361725045595,0.00653541804773681
0.00290386035588028,0.000875542587493288,0.0057019400440481,0.0071620093423358,0.00697657254424619,0.00170989556577755,0.00307673262077699,0.00647848718806955,0.00902588145919385,0.00856964033055139,0.00265686018479991,0.00436096056604104,0.00308306354151224,0.00381613907635975,0.00768068697502036,0.00387931289119996,0.00434784009906263,0.00552019706496654,0.00278301934973822,0.00653926964487079
0.00290472232462157,0.00087556760878623,0.00570473402117866,0.00716117760578265,0.00698098777932885,0.00170563595031912,0.00308095109363791,0.00648023528325777,0.0090332497093981,0.00856221124490391,0.00265822229680148,0.00435857348736982,0.00308389106902705,0.00381676109715563,0.00767572742045994,0.00387915168310369,0.00434675688853889,0.00552958192956357,0.00278040677103939,0.00654174693690206
0.00290572216437979,0.000875731826049863,0.00570297416296868,0.00716780764905176,0.0069785598474425,0.00170518307426993,0.00308819545502148,0.00648373556805171,0.00903129151658764,0.0085592366912968,0.00266456960322597,0.00435620925777618,0.00308391816119877,0.00381575844486659,0.00767557996420293,0.00388099887050382,0.00434768266792656,0.00552062635753045,0.00277927424400804,0.00654459401132705
0.00290208131170055,0.000875555179176604,0.00570189597494415,0.00716456672653943,0.00697688833346472,0.0017039285985517,0.00307685916024361,0.00647283145794535,0.00903167450284442,0.00856005628121493,0.00265381760480277,0.00435612777427559,0.00308251414059459,0.00381265717887896,0.00767169731784358,0.00387889567615245,0.00434234378366355,0.00551865590642114,0.00277907497177479,0.00653927541010748
0.00290061974398116,0.00087531402050147,0.00570341032483545,0.00716132887579258,0.00697738448249237,0.00170526127149109,0.00307671198687344,0.00647142172632812,0.00902583126822211,0.0085580562003221,0.00265390068761888,0.00435479335191652,0.00308314293589078,0.00381349768915152,0.00766909006079583,0.00387712837549325,0.00434220074680853,0.00551571653322289,0.00277893470842743,0.00654181448427656
0.00290387737718913,0.00087550034664488,0.00570075980497869,0.00716279439945746,0.00697693351790266,0.00170324767657209,0.00307651028101613,0.00647558663080514,0.00903376185859961,0.00856717238523132,0.0026533339559667,0.00435773671723247,0.003082077313616,0.00381836715169874,0.0076796805508729,0.00387660834277119,0.00434353261336527,0.00552376919013423,0.00277880174375381,0.00654119489597838
0.00290203278567486,0.000876121299969962,0.00570216067966039,0.00716139157261868,0.00697948723435864,0.00170598668011804,0.0030809982327915,0.00647743254335234,0.00903238355560815,0.00856262988721023,0.00265840309467523,0.00436049319482628,0.00308410467451348,0.00381495217605088,0.00767298274620141,0.0038789307616862,0.00434612229619836,0.00552968566918088,0.00278036450044296,0.00654043775955187
0.00290512912010922,0.000876024547849061,0.00570067748268408,0.00716260670647042,0.00697751315828005,0.00170493919773197,0.00307631227066875,0.00647599588001881,0.00902917553110998,0.00856046318876469,0.00265708254261548,0.0043562472968859,0.00308541346947791,0.00381536160781514,0.0076735998469719,0.00387713021148096,0.00434422315807978,0.00552311853291324,0.00278173461657785,0.00653846756406825
0.00289940727889568,0.000875317074153604,0.00569786152429363,0.00715901586045823,0.00697013718009403,0.0017022906132081,0.00307391133960368,0.00646960812283832,0.00901960892707917,0.00855508876158552,0.00265197053546149,0.00435222643095568,0.00308021801565805,0.00381302164714611,0.00766503779366248,0.00387457342497308,0.00433930830894167,0.00551500242062828,0.00277887355042312,0.00653374350026849
0.00290304642380703,0.000876343769494965,0.00570743224149788,0.00716428600524862,0.00697536041549525,0.00170487215091286,0.00308172453670899,0.00647953980123624,0.00902549274822317,0.00856148613443534,0.00265801552872154,0.00435912958462624,0.00308285207166873,0.00381638621136621,0.00767448810921924,0.00387805614875024,0.00434720372271787,0.00552930043605007,0.00277972693250098,0.00653929948502873
0.00290210950927841,0.000875871165253412,0.00570135806336658,0.00716036999925787,0.00697404455426217,0.00170350817351415,0.00307788943866659,0.00647501568033464,0.00902509573562766,0.00855836332640729,0.00265343698525275,0.00435512627899605,0.00308266741416871,0.00381368620871277,0.0076710989007393,0.00387685426560989,0.00434317389376011,0.00551831062660023,0.0027792257260901,0.00653899624714829
0.0028979357032546,0.000874583580559882,0.00569521661942768,0.00715472864687051,0.00696741578234713,0.00170190856523803,0.00307467584669973,0.0064695268090009,0.00901708086611272,0.0085513985378783,0.00265218180419891,0.00435259847870102,0.00307917210449908,0.00381122555854588,0.00766567803273914,0.00387534538103474,0.00433972207204939,0.0055139864829327,0.00277820729327385,0.00653253759214578
0.0029083135712275,0.000876570036223449,0.00570527907669169,0.00716526658305951,0.00698028043164144,0.00170557450950339,0.00308355070825913,0.00648899729160981,0.00903175987200253,0.0085764658075656,0.00265686524881292,0.00435906815946965,0.00308619794767051,0.00382056691723015,0.00768849838828825,0.00388053748359746,0.00434735970758224,0.00552054359427202,0.00278542645473888,0.00654601601978952
0.00290268317177268,0.0008758684853277,0.00570311253682745,0.0071603042398155,0.00697705134814518,0.00170515001380527,0.00308061827586958,0.00647607032374961,0.00902660215112898,0.00856159908325121,0.00265837675935221,0.00435792677424379,0.00308299608298497,0.00381532672922613,0.00767198364219561,0.0038803392983451,0.00434331934853449,0.0055300517597637,0.00277891362356056,0.00653968924653275
0.00290506892030584,0.000875992142189636,0.0057032926836966,0.00716633780731128,0.00698135544739578,0.0017059042913526,0.00307851932817484,0.006483687109187,0.00902841892646178,0.0085609613094929,0.00265813605533489,0.00436233562964872,0.0030868241068577,0.00381584168800696,0.0076737868177228,0.00388290004152345,0.00434793012064474,0.00552278027999038,0.00277951639810843,0.00654091068535022
0.00290564642272366,0.000875766015026929,0.00570296827110196,0.00716726023530068,0.00697674035223239,0.00170336070427821,0.00308002557184529,0.00647280450121356,0.00902669523060775,0.00856300159051508,0.00265553170429261,0.00435722800260859,0.0030839313644611,0.00381743989592844,0.00768206415296044,0.00387624644409724,0.00434436521820486,0.00551811565193908,0.00277841775726056,0.00654604169401066
0.0029054851593267,0.000875667276017737,0.00570479359311424,0.00716533468288598,0.00697576586565163,0.00170444658287317,0.0030756042518195,0.00647546795727473,0.00902955840943008,0.00855840733145787,0.00265512519407589,0.00435706425631742,0.00308177143629525,0.00381584570932146,0.00767219766927441,0.00387759290781325,0.00434693111080873,0.0055226861885192,0.00277968189877371,0.00654737091851402
0.00290307458427476,0.000875903936702569,0.00570236356048579,0.00716167729588995,0.00697780253584702,0.00170316367616432,0.00307661127696757,0.0064740507645758,0.00903573545743834,0.00855784420701779,0.00265482243922599,0.00435713502291494,0.00308408398302871,0.00381735816098321,0.00766977409660611,0.00387894188458134,0.00434455872418667,0.00552467042160362,0.00277985019856621,0.00653850782712116
0.00290091787001045,0.000876032563307922,0.00570011535634148,0.00715782337198546,0.00697604278617341,0.00170445895540014,0.00307559746182096,0.00647638727095036,0.0090273261350202,0.00855675145231767,0.00265246388316729,0.004354858870126,0.00308181591463315,0.00381592742665926,0.00766695289914154,0.003875585114558,0.00434228015485088,0.00551750361100636,0.00277749613630068,0.0065381184109182
0.00290424551548529,0.000875501684323825,0.00569562243304461,0.00715348383371368,0.00696892246354127,0.00170360374118856,0.0030756540812969,0.00647001038600223,0.0090215225680265,0.0085546506256517,0.00265160811416327,0.00435185850260619,0.00307951594239568,0.00381222142956719,0.00766933902285097,0.00387472665753044,0.00434070739510419,0.00551592942613144,0.00277770483455856,0.00653562200377122
0.0029036176672368,0.000875385095095891,0.00570147841373081,0.00715917798033212,0.00697774993058273,0.00170417312542474,0.00307641797937446,0.0064733819222969,0.00902599345884729,0.0085615408344027,0.00265431772168379,0.00435419371895209,0.00308017757694022,0.00381371130035162,0.00767402563989719,0.00387606035836965,0.00434111242387364,0.00552302559701091,0.00278083097175791,0.00653734817450414
0.0029038261430365,0.000875229942251985,0.00569752915750631,0.00716510010513168,0.00697641035731759,0.00170447611182261,0.00307589341114391,0.0064739150655359,0.00902679303823874,0.00854981080619324,0.0026555148637506,0.00435327830660387,0.00308124349604833,0.00381025499769667,0.00766817644115317,0.00387474226908552,0.00434465039851499,0.00552587379048022,0.00277847935282454,0.00653316697542832
0.0029056962532384,0.000876447335112526,0.00570373582368815,0.00716556782847757,0.00697241744543423,0.0017042238649584,0.00307620137909824,0.00647920801388209,0.00903935743084516,0.00855671414156296,0.00265364691571737,0.00435594483588539,0.00308458551145016,0.00381625158015314,0.00767824069515663,0.00388533710615966,0.00434242827962301,0.00552057440449498,0.00277992193530432,0.00655090455843349
0.00290457696322451,0.000875547671902075,0.00570073602271963,0.00715872488040584,0.00697367805234261,0.00170579605958841,0.00307459913765071,0.00647523339075853,0.00902187513204724,0.00856761221858825,0.00265762425788425,0.00436197781736222,0.00308303375328989,0.00381516673283879,0.00767132884262457,0.00387429892899328,0.00434399849527493,0.00551666501523745,0.00277905122575005,0.00653667973821823
0.00290358811758489,0.00087503886100797,0.00569894730257465,0.00715660423128057,0.00697304706698824,0.00170224688787316,0.00307391360699712,0.00647203637911996,0.0090225666015203,0.00855677017046516,0.00265167051159271,0.00435371759346029,0.00308133619133838,0.00381704150104277,0.00766783522583323,0.00387601721504761,0.00433978342862634,0.00551578904655536,0.00277712689270806,0.00653362824694488
0.00290689323050316,0.000876455142285225,0.00570601758569536,0.00716704918055917,0.00698215207909615,0.00170534546694501,0.00308069221363968,0.00648048554499536,0.00903333320425594,0.00856354908025663,0.00265831926851883,0.00435863788228332,0.00308372622769502,0.00381510698620419,0.00767736498342515,0.00387823586218243,0.00434663919997595,0.00552912209139073,0.00278097532286019,0.00654537255629802
0.00290665865350227,0.000876431129977567,0.00570562869947124,0.00716637813735084,0.00698206127868189,0.00170617237252237,0.00308044961961793,0.00648031831469972,0.00903443544837339,0.00857609860276424,0.00265873938257066,0.00435964932149151,0.00308551329012349,0.00381767484097248,0.00768698336286951,0.0038838880419144,0.00434826316842115,0.00552328544235629,0.00279115686038925,0.00654592537509708
0.00290486432771121,0.000876561787021991,0.00570568084135014,0.00716595327003108,0.00698273602564854,0.00170433273756645,0.00307885520888404,0.00648180207134612,0.0090347698447698,0.00856388883731548,0.00265886074173068,0.00435658740126295,0.00308425732318004,0.00381748287687737,0.00767902236945283,0.00388040363894258,0.00434660917045212,0.00553093759157557,0.00278240486162191,0.00654441457684
0.00290209560311951,0.00087545851829876,0.00569998013385053,0.00716330419612401,0.00697332608078049,0.0017033468091933,0.00307605748544788,0.00647941577888192,0.00902760098312547,0.0085605752552639,0.00265495214172221,0.00435493192437719,0.00308146890419979,0.00381200105769434,0.00767344601646906,0.00387483717691813,0.00434145543941495,0.00552317986118729,0.00277876179492826,0.00653467009930271
0.00290061513369039,0.000875717500877379,0.0057012759914753,0.00716173093733578,0.00697912842016585,0.00170364755333134,0.00308284894736579,0.00647817348946163,0.00903108234199872,0.00855924859652125,0.00265577854162944,0.0043554481778949,0.0030832757789782,0.00381391629485015,0.0076701157532176,0.00387780473785647,0.00434305024179297,0.00552130869864483,0.00277952067094563,0.00653770278692459
0.0029048159358027,0.00087610812809957,0.00569958083212836,0.00716324314122165,0.00697577975979019,0.00170388544858422,0.00307922286969003,0.00648229954295904,0.00903076047679031,0.00856348317380548,0.00265744885833044,0.00436013718664344,0.00308610679929354,0.00381930439881026,0.00768208867176202,0.00388404378114499,0.00434804277354411,0.00552500926387194,0.00278198499390975,0.00655084305467502
0.00290182983806249,0.00087593760628116,0.00570089664671232,0.00715716596170425,0.00697311575639787,0.00170389027921291,0.0030789859263392,0.00648673478950003,0.00902772067727879,0.00854879800201792,0.0026558581330964,0.00435583790417105,0.00308334002123786,0.00381578959702323,0.00766407752694849,0.00387434019746131,0.00433990284363237,0.00552237193645772,0.00277940171844198,0.00653396151750539
0.00290088757237266,0.000875559638894284,0.00570170040356973,0.00716414320575795,0.00697642696420949,0.00170491929884711,0.00307866096835461,0.0064723301460643,0.00902176557972581,0.00855186284028312,0.00265484097429858,0.00435716984976483,0.00308483164942215,0.00381496701089726,0.00767158734971738,0.00387682478166725,0.00434130459224785,0.00551804673204933,0.00278086639131949,0.00653429743036201
0.00290018282631304,0.000875314885918812,0.00570338834118901,0.00715817801065038,0.0069722175826689,0.00170221489975722,0.00307695395980488,0.00647292141900538,0.00901727502685977,0.00855760452717975,0.00265126208598465,0.00435247099125093,0.00308084328031399,0.00381443369598223,0.00766940965311555,0.00387545585244176,0.0043408092538313,0.00551758035580232,0.00277757654469686,0.00653758205046753
0.00290345691338348,0.000876384720049498,0.00570313864592255,0.00716623666994797,0.00698106451435577,0.00170620640001908,0.00308220499030636,0.00647861315702597,0.00903801448865666,0.00856788519232151,0.00265841427854379,0.00436141769732735,0.00308417877332114,0.00381683409900039,0.0076769306857648,0.00388033371473949,0.00434603040725392,0.0055290832572188,0.00278109688566887,0.00654366081337747
0.00290691049200059,0.000875987646387948,0.00570433197973471,0.00716567236442621,0.00697888829697549,0.00170473000251748,0.00308234772356763,0.00647663955365708,0.00902832057544498,0.00856052603408734,0.00265502491332475,0.0043656884056728,0.00308368535720024,0.0038174543987354,0.00767740060338253,0.00387874278204453,0.00434360123043258,0.00552676645966558,0.00278082096189499,0.00654341435162245
0.00290491025674137,0.000876429738210253,0.0057062131465972,0.00716686275521637,0.00698437001945178,0.00170586635456059,0.00308164192258033,0.00648067367359293,0.00903215645572503,0.00856387670995613,0.0026595133813042,0.00436026385719992,0.00308477165021318,0.00381553883279344,0.00767591695482615,0.00387981409556803,0.00434612170134463,0.00552877176388641,0.00278102058904716,0.00654417098727126
0.00290242555123839,0.00087617360990584,0.00570550383353445,0.00716555373452998,0.00697935041119071,0.00170546050920072,0.00308232324070063,0.00648001615053703,0.00903087649182151,0.00856552432090276,0.00265833327376153,0.00436153155155827,0.00308574558218841,0.00381730201448787,0.00767751598070994,0.00387888494894953,0.00434609232990108,0.00551992683972903,0.00278067818867783,0.00654319535397939
0.00290581722385952,0.00087594593590623,0.00570482892101774,0.00716514649673078,0.00698161697508636,0.00170402267913187,0.00307771481331786,0.00647561381915358,0.00903151209851933,0.00855876513511386,0.00265721017435674,0.00436011484543767,0.00308522854284214,0.0038175906821729,0.00767333295244287,0.00388103019118944,0.00434777101035408,0.00552068163840931,0.00277963917163856,0.00653883224883364
0.00290529078994731,0.000876027030024139,0.00570605683747368,0.0071640754595812,0.00698164355370979,0.00170591105099771,0.00307943023187147,0.00647739449539048,0.00903345360620745,0.00856475196309263,0.00265745245401575,0.00435873771739355,0.00308371424539117,0.0038164524156558,0.00767513887909314,0.00387880851174267,0.00434474445893247,0.00552894281023784,0.00278200766742988,0.00654085715277448
0.00290071803984339,0.000875982510805508,0.00570223547097919,0.00716469097689277,0.0069763035573321,0.00170332236772992,0.00307650322735609,0.00647338830814575,0.0090256074966009,0.00856021787895757,0.00265314330769478,0.00435568616351772,0.00308263685981733,0.00381523799595897,0.00767131497042578,0.00387651852521535,0.00434362790286648,0.00551679522952075,0.00277900364371547,0.00654046955832146
0.0029082536058856,0.000876135336931608,0.00570629667291069,0.00716734535293986,0.00698338076617369,0.00170631988461313,0.00308051503168984,0.00648128279995179,0.00903666343112333,0.00856256022210966,0.00265760611286399,0.00436278345883266,0.0030846604427468,0.00381592606201088,0.00768166140409699,0.00388184341202008,0.00434911357259775,0.00553042626628047,0.00278267010500298,0.00654359023354416
0.00290517588610697,0.000876024801971547,0.00570565279006019,0.0071642861885841,0.00697856233734228,0.00170421633444773,0.0030809557072891,0.0064767575025593,0.00902817521426582,0.00856244464096595,0.00265759052922646,0.00436130201336359,0.00308602387103326,0.00381853780861951,0.00767802632480593,0.00388279186766608,0.00435125791908311,0.00553131785869446,0.00278195740359682,0.00654172146240674
0.0029043091032619,0.000875651051840772,0.00570194718861168,0.00716207896321371,0.00697815884051012,0.00170367136356023,0.00307824841357829,0.00647574011420766,0.00902510817961526,0.00855803576921392,0.00266052408364097,0.00435585446425127,0.00308252711901216,0.00381657549956578,0.0076718437694032,0.00387817462774067,0.00434323827877646,0.00552052001068769,0.00277904509505809,0.00654351792164583
0.00290266832592404,0.000875395041063992,0.00570297057226822,0.00715658887129563,0.00697566231545736,0.00170365569067748,0.00307903226408512,0.00647607412412472,0.00903457733271512,0.00855615327663559,0.00265530987684863,0.00435695546501847,0.00308378790997955,0.00381209771617055,0.00766937994383965,0.00387525942695142,0.00434494157149737,0.00551627785093774,0.00277769833014759,0.00654545705564344
0.00290141484602613,0.000875169041281022,0.0056978047029905,0.00715960332052449,0.00697160408225572,0.00170202339630398,0.00308267025441375,0.00646886496488946,0.00903275307506755,0.00855240526191775,0.00265336373148061,0.0043535572947945,0.00308005759624167,0.00381418783757199,0.00766408499276799,0.00387386849006245,0.00433989172933708,0.00551773067154456,0.00277753652900688,0.00653517964229148
0.00290367069520701,0.00087596405325045,0.0057043577187978,0.00716940935525287,0.0069752887429474,0.00170484871870822,0.00307896227625297,0.00647740691576824,0.00903149193382845,0.00855748608823909,0.00265719020351139,0.00435972006362045,0.00308376523815487,0.00381605599898491,0.00767685419548575,0.00387922363560015,0.00434544728631401,0.00552594969082479,0.0027807624037612,0.00654260778891722
0.00290025018179332,0.000874997087434362,0.00569729480563289,0.00715763659321124,0.0069710046369068,0.00170225877135459,0.00307612074527456,0.00646932456084201,0.00901819057097975,0.00855199222620722,0.00265332390154046,0.00435159206778326,0.00308236940594976,0.00381109429131384,0.00766588192785534,0.00387357377909365,0.00434029249593846,0.00551560696033668,0.00277644962467365,0.00653499843711099
0.00290491153062323,0.000875592157372771,0.00570075888663293,0.00716208838355516,0.00697854926991176,0.00170391628023364,0.0030747041869457,0.00647516512310055,0.00903103888854269,0.00856033239901943,0.00265399740109259,0.00435752172814682,0.00308243610250989,0.00381622497231258,0.00768644767212046,0.00387818592149923,0.00434201820134002,0.00552127980927033,0.00278379136222881,0.0065427278897085
0.00290595786110609,0.000875852621427923,0.0057016575197705,0.00716043695973845,0.00697344756166936,0.00170420312068989,0.00307572887401727,0.00647157078943249,0.00902682284530674,0.00855123215448178,0.00265721285994278,0.00435505085412218,0.00308534189946724,0.00381536598658828,0.0076658837913819,0.00387785538313431,0.00433993712975803,0.00551668534256969,0.0027788352332725,0.00653684426356409
0.00290420946566177,0.000876484166762509,0.00570494981642221,0.00716309622098587,0.00698139057382525,0.00170589664653202,0.00308178315100028,0.0064806846801643,0.0090344095360692,0.00856226703870266,0.00265940530022115,0.00435928282479542,0.0030852910995886,0.00381815433573765,0.0076761022247082,0.00387902431067796,0.00434713460284979,0.00552988571871698,0.00278297293563235,0.00654173327964527
0.00290706338693807,0.000875869183917884,0.0057057742447234,0.00716604100000936,0.00698236289547937,0.00170477622284083,0.00308008562630786,0.00648042365475622,0.00903095511453256,0.00856383176602416,0.00265760326861753,0.00436214031764821,0.00308833746841873,0.00382235834877685,0.0076768509741091,0.00387959503477611,0.00434376678146477,0.00552694224958252,0.00278105822492819,0.00654466815692208
0.00289717637090527,0.000874218264041898,0.00569244456221681,0.0071504658311412,0.00696488603273884,0.00170053075923504,0.00307311996997856,0.00646790878957328,0.00901345887909594,0.00854491035245159,0.00264927236681139,0.00434821609766509,0.00307687949815755,0.00380760737240791,0.00766025026439497,0.00387114911892431,0.00433644384671962,0.00551009864207394,0.00277508943874712,0.00652857934676447
0.00290514047856797,0.000875585932962082,0.00570040536027087,0.0071600553847845,0.00697685666548712,0.00170503151978334,0.00307744337131939,0.00647543370638269,0.00902089713152181,0.00855459031212421,0.00265495975691164,0.00435854077426526,0.00308166246963863,0.00381299993935589,0.0076697594012917,0.00387962109821506,0.00434505838491253,0.00552132666083712,0.00278076243500847,0.00653760526244275
0.00290325943588201,0.00087597090485772,0.00570226894385823,0.00716285784686624,0.00697994596620382,0.00170386458656493,0.00308012204667733,0.00647639760588666,0.00902875476742446,0.0085568896769164,0.00265707882535495,0.00435686463873714,0.00308232115276319,0.00381465170023628,0.0076725332436558,0.00387728072642482,0.00434491334628963,0.00552560940501487,0.00277999485308196,0.00653767874053884
0.00290509362180199,0.000876705553799544,0.00570588526342837,0.00716891603474434,0.00698274807495801,0.00170610283943202,0.00308147553653473,0.00648270590086567,0.0090389097655884,0.00856653084939915,0.00265861826631868,0.00436077196891956,0.0030849562884047,0.0038192315778125,0.0076789334526771,0.00387991832739963,0.0043472236013666,0.00553258175015402,0.00278150426005585,0.00654442246662041
0.00290568510145833,0.000876456063280482,0.0057051459189072,0.00716993817367203,0.00698338219691147,0.0017051510135329,0.0030810763435563,0.00647968017170171,0.00903763687408966,0.008572470092804,0.00265641864592509,0.004363392637466,0.00308434257105479,0.00381884498124622,0.00768077101931892,0.00387987428620365,0.00434423422133694,0.00552620471325831,0.00279136567835034,0.00654351476706338
0.00290303771864423,0.000876213685280425,0.0057058263280937,0.00716834860720666,0.00698015500607358,0.00170488219939597,0.00307943005867129,0.00647723791362588,0.00902993514563261,0.00856754412764031,0.00265605013649089,0.00435883303736946,0.00308484015578834,0.00381746173964677,0.00767309860157317,0.00388176827165637,0.0043451578735056,0.00552180737316432,0.00278107003794936,0.0065422857363213
0.00290095674807187,0.000875714143881977,0.00569942449057284,0.00715948430144469,0.00697517353571478,0.00170497803567878,0.00307840647439451,0.00647542481301395,0.00902750622738187,0.00855409492519691,0.00265627000626974,0.00435616779149497,0.00308310644386016,0.00381566055830197,0.00766760025004384,0.00387757981518657,0.00434108861737283,0.00552458885723467,0.00278006059657841,0.00653593383149929
0.00290086692071907,0.000876194542996019,0.00570188472196501,0.00716196423926248,0.00698318561783255,0.00170459332570197,0.0030796079571157,0.00647354403256196,0.00903034742555365,0.00856808585281192,0.00265477727501018,0.00435605352518268,0.00308528533788512,0.00381616650598029,0.00767106114870833,0.00387896153677976,0.00434452950947966,0.00551944337485052,0.00277884298307021,0.00654066772562553
0.00290295078371539,0.000875308055334191,0.00569987459598443,0.00715877015587308,0.00697551417240051,0.00170387858961921,0.00307478460789343,0.00647176859397037,0.00902546660047988,0.00855775738515033,0.00265296482117566,0.00435311724531477,0.00308276598236285,0.00381604047053388,0.00766734989034588,0.00387379109241348,0.00433987259547579,0.00551890456593031,0.00277889732790191,0.00653509541264166
0.00290224097053038,0.000875363629275448,0.00569765380574654,0.00715692469418335,0.00697507785273304,0.00170506268701975,0.00307841393884094,0.00647726066181435,0.00902384234149047,0.00855634024917813,0.00265616929258743,0.00435566544545305,0.00308317935904481,0.00381313851602144,0.00766491600769039,0.00387487143820565,0.00434057651655344,0.00552749112852227,0.00277710933029151,0.00653632230718611
0.0029012011829835,0.000875751932187922,0.00570095421995588,0.00716214329913628,0.00697535603306178,0.00170311979114468,0.00307646638660147,0.00647829626642326,0.00902309418886051,0.00855972893260116,0.00265322146441815,0.00435465897670637,0.00308170877013995,0.00381349173850855,0.00767406827479765,0.00388118872477226,0.00434207136714007,0.00551572608033259,0.00277818915623447,0.00653759021444606
0.00291899885925016,0.00087573455312179,0.00569938946362703,0.00715843415911405,0.00697447102983574,0.00170586483259184,0.00307576368508012,0.00647034708471076,0.00902071260009033,0.00860870919330646,0.00265257927516497,0.00435778108159441,0.00308329297746835,0.00381579387529832,0.00767007818416649,0.00387713862648855,0.00434301780734813,0.00552416310277604,0.00278005460935548,0.00653806814779237
0.00290252573306154,0.000875929366694774,0.00570311625201424,0.00716318995655671,0.00697799047316592,0.00170349138055977,0.00307654945824168,0.00647466276927501,0.00902623555785288,0.00855951732611267,0.00265420994279732,0.00435495783019061,0.00308189558875083,0.00381497490900062,0.0076740875898431,0.00387767232507264,0.00434197393450862,0.00551907687970221,0.00277880528420577,0.0065398073802376
0.00289816255308506,0.00087451377484667,0.0056974235414626,0.00715581785357989,0.00696706423304799,0.0017019972739832,0.00307287369120924,0.00646802493006333,0.00901513471551489,0.00854932896477858,0.00265144178560345,0.00435168993050866,0.00308094505129212,0.00381167058282789,0.00766214188649946,0.00388123194350729,0.00433760767921086,0.00551163219000634,0.00277706728070491,0.00653224494996792
0.00290100808094868,0.000875419153371012,0.00570159713570858,0.00715919764703143,0.00697715379961696,0.00170342056803381,0.00307570996458693,0.00647338913553024,0.00902361763465047,0.00855650111751059,0.00265268364876058,0.0043544256193532,0.00308151609638775,0.00381334571392981,0.00767080191875554,0.00387549641517431,0.00434088979089439,0.00551790873646522,0.00277762852427323,0.00654140178782432
0.00290576379992006,0.000876506641763306,0.00570753386670072,0.00716732670014917,0.0069827858038627,0.00170557346062954,0.00308326555197007,0.0064824489858831,0.00903496574081136,0.00856682765278404,0.00265810300976149,0.00436003202896435,0.0030863035879446,0.00381915346243875,0.00767688589216472,0.00388014099967923,0.00434738897503933,0.00553081255125822,0.00278104014582241,0.00654360767042415
0.00290187554298932,0.000875321860902996,0.00569759311904009,0.00716111013927679,0.00697582341438078,0.00170367298600656,0.00307689278700709,0.00647556546794307,0.00902504485270784,0.00855918978552174,0.00265463528396134,0.00435601859781135,0.00308195927790624,0.00381386691146379,0.00767085935934612,0.00387994152812073,0.0043448751967158,0.00552039679894752,0.00277793154834755,0.00654386292078123
0.00290412241424506,0.000874952615005841,0.00569855506399746,0.00715958866997246,0.00697384302010063,0.00171229245777701,0.00307509715678886,0.00647021263046284,0.00901772204151731,0.00855488944427811,0.00265620855290896,0.00435502728536636,0.00308287068040454,0.0038147360830428,0.00766910595902964,0.00387637491223858,0.0043404020402866,0.00551594277337179,0.00277841850237773,0.0065364127995032
0.00290430085792704,0.000876033173349416,0.00570165328317552,0.00716687539951346,0.00697832031523063,0.0017064524141503,0.00308068335416253,0.00647867871965124,0.00903337330536181,0.00856208954424805,0.00265990537409805,0.00435850454102498,0.00308478717414609,0.00381659390552125,0.00767422036022763,0.00388040416374419,0.00434627988569765,0.00552902901789938,0.00278182408778415,0.00654222353692077
0.00290554803753158,0.000876205065920892,0.00570430886042101,0.007165088811647,0.00698241889869627,0.00170675842116079,0.00307905428000701,0.00647906549984101,0.0090427336544858,0.00856417351568669,0.00265776132760761,0.00435833119056342,0.00308418657648036,0.00381718609172499,0.00767773956435774,0.00387944209226933,0.00434855500848629,0.00552719343685032,0.00278084949779091,0.00654288801722277
0.0029040073542057,0.000876202423681411,0.00570314937417662,0.00716425561053348,0.00698303632411067,0.00170530135376773,0.00308007604182456,0.00647816717787927,0.00902907389595198,0.0085622222449565,0.00265760731635701,0.00435813781185838,0.00308348746345069,0.00381518699637645,0.0076692893206974,0.00387907325032907,0.00434526366980278,0.00552800589481879,0.00278108971663387,0.00654080795183924
0.0029070547774018,0.000875284751537045,0.00570084120222993,0.00715802375509278,0.00697329715070829,0.00170319602637383,0.00307519538960111,0.00647987371027715,0.00902403308136445,0.00855637174883805,0.00265304500369802,0.00435462269436032,0.00308084841175398,0.00381423623727157,0.00766948385353685,0.00387577881326766,0.0043416981195016,0.00552293223474578,0.00277868989449464,0.00653600034244944
0.00290617084139493,0.000875978265760651,0.00570235513545012,0.00716184525393871,0.00697948985337861,0.00170311391401646,0.00307608370335002,0.00647854967156649,0.00903257043831359,0.00855670637995837,0.00265775244212597,0.00436461670468725,0.00308629595895661,0.00382220500310686,0.00768655920572382,0.00387697320330199,0.0043485542141084,0.00552683452060937,0.00277907639225295,0.00653969164671808
0.00290552680583214,0.00087558285536078,0.00570194153634074,0.00717216223951138,0.00697548820228533,0.0017052550124171,0.00307881402153863,0.00647301032247611,0.00902716753202728,0.00856973625937839,0.00265381910886277,0.00435722032845426,0.00308215400191316,0.00381352160243099,0.00767085686163467,0.00387657502444894,0.00434794700379746,0.00551760853136533,0.00277795006509263,0.00654132996321365
0.00290788887090207,0.000876135915648576,0.00570212960418,0.00716728846607682,0.00698059282498286,0.00171131407292549,0.00309097539462577,0.00647918042058667,0.00904200402615369,0.00856442378653357,0.00266555475009442,0.00437615349308386,0.00308280851113027,0.00381493585658746,0.00767479751885281,0.00389414558550778,0.00434542178579927,0.00552210024559895,0.00278544365042963,0.00654117067429237
0.00290111913845344,0.000875794041587216,0.00569985996688004,0.0071631806804648,0.00697482579572066,0.00170350481540253,0.00308191901792693,0.00647362456539403,0.00902150089290002,0.00857466905455069,0.00265329739730637,0.00435557116031032,0.00308150906665893,0.00381431663783919,0.00766960542180871,0.00388414581144548,0.00434104496415652,0.00551648999233865,0.00277840851222335,0.00653852088748443
0.00290187962285275,0.000875137576079158,0.00569951037978466,0.00715716055736431,0.00697242814401125,0.0017040437934017,0.00307865433332529,0.00647503085080187,0.0090251124689069,0.00855139769221149,0.00265360616265989,0.00435255749880894,0.00308194953480652,0.00381208235937399,0.00767132952056169,0.00387811708619164,0.00434135642476618,0.00551823783953775,0.00277693774314925,0.00653952990198662
0.00290443056092655,0.000876821443551954,0.00570064449816854,0.00716212021391302,0.00701237413828495,0.00171366300211244,0.00308091392828657,0.00647147389923443,0.00908195453836693,0.00855676567808012,0.00266711883800984,0.00437944585067791,0.00308372539755327,0.00383980226541563,0.00771780911064445,0.00387762556791738,0.00434280511325257,0.00551658926484039,0.00277995331638897,0.00657154220731104
0.00290534496894096,0.000875846734096406,0.00569980317718319,0.00716456250183009,0.00697556915097929,0.00170375780788756,0.00307687804422881,0.00647793105986846,0.00903003518259169,0.00855692888748467,0.00265423801085758,0.0043553303519499,0.00308298978519705,0.0038145175259494,0.0076788551385738,0.00387842104217246,0.00434384354710953,0.00551767016629517,0.00277856000862559,0.00654412313549118
0.00290289553544852,0.000876631694188166,0.00570677854023022,0.00716238256194719,0.00697493337461073,0.00170795370448808,0.00308354602841615,0.0064800648809548,0.00903742239547221,0.00856288868214857,0.00266299592936141,0.00435916239341962,0.00308511156399907,0.00381561820141103,0.00767797081053157,0.00387852050381351,0.00434407495176382,0.00552492838189309,0.00278002661312024,0.00654275170324876
0.00289750021404436,0.000874569565825315,0.00569605352964422,0.00715238965759091,0.00696776171840738,0.00170193456994651,0.00307244405556186,0.006466853032708,0.00901468118184737,0.00854844025391521,0.00265547978371266,0.00435159318855077,0.00307803166729698,0.00380897658465349,0.00766249121452569,0.00387235528182579,0.00433758778939559,0.00551170746763769,0.00277702747607585,0.00653235066822112
0.00289964029109477,0.000875232181176698,0.0057000446098572,0.00715858191304267,0.00697229592862675,0.00170251641516664,0.00307640214951048,0.00647217821580554,0.00902038229837967,0.00855654148846833,0.00265146700802164,0.0043545727809273,0.00308258037562064,0.00381274197511373,0.00766639177068096,0.00387545512154599,0.00433940176262422,0.00551567197381006,0.00277777053852775,0.00653642337687492
0.0028981108695459,0.000874840677709193,0.00569668688280619,0.00715339235858483,0.00696897818306915,0.00170266318672174,0.00307447845538647,0.00646989889755263,0.00901744179286457,0.00854897064816178,0.00265102603572593,0.00435125989001419,0.00307973576014918,0.00381211632160049,0.00766568922826996,0.00387342604588508,0.00433981801839423,0.00551365133203319,0.00277870218863233,0.00653465850158558
0.00290403570599399,0.000875346856122834,0.00569771874455745,0.00716629033925458,0.00697490807924437,0.00170371569724284,0.00308048357991303,0.00647471785072937,0.00902689727400585,0.00855931030861033,0.00265406697531389,0.0043582653326452,0.00308206295171573,0.00381380844051295,0.0076776919003419,0.0038764001157433,0.00434771028807589,0.00551811327472467,0.00277914082713118,0.00653869774325748
0.00290183084836472,0.000876003326015212,0.00570554895767813,0.00716429780133083,0.0069801504505673,0.00170501139895759,0.00308012150640715,0.00647789174260514,0.00902936415439254,0.00855772934847992,0.00265655233177771,0.00435825141083741,0.00308259656390505,0.00381388278044714,0.00767167775100316,0.00387957714569893,0.00434324183161819,0.00552658156027288,0.00277997802195461,0.00654018383098317
0.00290120788559323,0.00087494946460341,0.0056991836339327,0.00715880298513033,0.00697506903932251,0.00170381660435333,0.00307779680382085,0.00647281787868041,0.00902547326596401,0.0085538390569242,0.00265544522052647,0.00435485445122473,0.00308189840188889,0.0038134239458,0.00767015927553334,0.0038749529891232,0.004342820783826,0.0055244647707617,0.00278200421894882,0.00653596190096214
0.00290872551043011,0.000876096286089577,0.00570610558114838,0.00716666575788861,0.00698311582789365,0.00170506684269829,0.00308243446259534,0.00648443507063742,0.00904436348646496,0.00857303068621615,0.00265629004642107,0.00436407394186802,0.00308548265251716,0.00382091695989686,0.00767603713204503,0.00388045905359553,0.00434749349346048,0.00553175995309336,0.00278205677131245,0.00654935492004678
0.00290546323226457,0.000875979413616829,0.00569914515252101,0.00715949549334506,0.00697430915813618,0.00170539510175485,0.00307473162965607,0.00647264054220929,0.00902168940612998,0.00855471520318268,0.00265673867563289,0.00435323173431571,0.00308149540895388,0.00381344236717933,0.00766706885550019,0.00387537792425876,0.00434724910786461,0.00552396218037757,0.00278256820504208,0.00653640248088601
0.00290447788715897,0.000876523125646476,0.00570499457312096,0.00716569462476692,0.00698422116720672,0.00170583389505687,0.00308013924638247,0.00648220332909152,0.00903493696382026,0.00856496654110615,0.00265835840459306,0.00436092275780272,0.00308359643369708,0.00381823921583855,0.0076776080321055,0.00388034117232508,0.00435004583529972,0.00552781054035116,0.00278105184549648,0.00654346654768218
0.00290233830904284,0.000875746437031487,0.00570181615068271,0.0071638377666121,0.00698015383497064,0.00170455039963139,0.00307731954073836,0.00647775646818778,0.00903427491821272,0.00856252019424459,0.00265602661703532,0.00436000007549427,0.00308329948792758,0.00381744528074857,0.00767161473064065,0.00388066511603326,0.00434464630865335,0.00552015191985601,0.00277998658373033,0.00653946249695446
0.00290232232037062,0.000875263193144606,0.00569983929839764,0.0071611437410098,0.00697356943836981,0.00170405145129821,0.00307561186153841,0.00647265796853405,0.00902559135797588,0.00856464520650552,0.00265351198387057,0.00435804902553396,0.00308147539648237,0.00381283620794432,0.00767499322679547,0.00387999519854079,0.00434171855266819,0.00551812414334525,0.00278721981000457,0.00653662071794029
0.00290245148114181,0.00087530378964822,0.00569891400489082,0.00715740593599074,0.00697645005475699,0.00170426017948085,0.00307773942342316,0.00647105626565038,0.00902390771008823,0.00855876647576886,0.00265271980409921,0.00435288900393042,0.00308235173064212,0.00381516090895671,0.0076710502971324,0.00387594239474312,0.00433906036063746,0.00551767966835619,0.00277645988239857,0.00653962925476167
0.00290066599827574,0.0008758912601947,0.00570176294865607,0.0071597297901638,0.00697346201311203,0.00170273264503421,0.00307589300710276,0.00647387712215597,0.00902074582976977,0.00855584965408187,0.00265295681870816,0.00435400501305481,0.00308230660562592,0.00381270207554071,0.00767022697089047,0.00387515624625597,0.00434080343854465,0.00551807319484042,0.00277758713610875,0.00653627507284384
0.0029060943410707,0.000876468497797555,0.00570479865950735,0.00716703081476354,0.00698117545798245,0.00170622068791297,0.00307797018330388,0.00647954261814813,0.00903191159154758,0.00856767428480419,0.00265869123831584,0.00435855779699532,0.00308465747804557,0.00381849545595568,0.00767469265864537,0.00387841935456398,0.00434546127893243,0.00552077368146335,0.00278080428391829,0.00654114051315088
0.00290594288744043,0.000876533392098671,0.00570556685091546,0.00716627263357141,0.00698203740904402,0.00170535926071613,0.00308065340201724,0.00648115586158798,0.00903319526496936,0.00856154650197542,0.00265794535354313,0.0043589269801465,0.0030840280781936,0.00381655988205603,0.00767664508128884,0.00388053745969512,0.00434526113663414,0.00552941068340244,0.00278074002033028,0.00654267802659092
0.00290283959361105,0.00087609018072736,0.0056978906216322,0.00716240352454661,0.00697487145137933,0.00170454769563132,0.00308114567149003,0.00647580940275063,0.00902998898846943,0.00855429712669668,0.00265863834437443,0.0043595246356076,0.00308245796745047,0.00381198787492812,0.00767288871653198,0.00388031198309701,0.00434364632078293,0.0055290970216106,0.00278131212535316,0.00653747433610682
0.00290826450034065,0.00087605390951692,0.00570502932299276,0.00716107685605819,0.00698143773956322,0.00170455906728753,0.00308195466001799,0.00647472890695762,0.00903111566908404,0.00856867264200449,0.00265529863704624,0.00435727417341741,0.00308442555780308,0.00382178856873409,0.00767455359499383,0.0038781028207397,0.00434534102210941,0.00551942918932444,0.00278006333200678,0.0065389931877424
0.00290497611825184,0.000875742922477241,0.00570106262590419,0.00716182493286497,0.00697086752097249,0.00170552340925505,0.00307517349653884,0.00647208906183511,0.00901727898718379,0.00855137039603653,0.0026529323751339,0.00435951305142749,0.00308174417326016,0.00381812084053725,0.00766404819518602,0.00387623938238088,0.00434059763850503,0.00551585757204076,0.00277768695774168,0.00653652413259938
0.00289828433128748,0.000875096086170661,0.00569783486617223,0.00715346400025463,0.00697367613989433,0.00170250788552468,0.00307584691826807,0.00647096291460378,0.00902282467385518,0.00855252584253515,0.00265237753534628,0.00435266007235074,0.00307824218574595,0.00381004689924625,0.00766467745066461,0.00387212796379159,0.00433899748179058,0.00552020378275589,0.0027766304764919,0.00653469147138312
0.00290578188788609,0.000876444578931635,0.00570477888217056,0.00716778317144423,0.00698152966571145,0.0017053267296518,0.00309100894877835,0.00648417530719179,0.00903225161277542,0.00856674825116776,0.00265519670127496,0.0043590588510676,0.00308687366260127,0.00382786727183647,0.007674961999921,0.00387970267796275,0.00434463854502489,0.00552403088547723,0.00278945804151547,0.00654835823229671
0.00290552383451758,0.000876876079736556,0.00570660993380948,0.00716723577799348,0.00698255225371024,0.00170609569849715,0.00308095700075517,0.00648051963010745,0.00903872513777847,0.00856602412990641,0.0026593996950347,0.00435903786581498,0.00308434439251483,0.00381615375056872,0.00767736571856562,0.00388118893089715,0.00434670039940599,0.00553017865827393,0.00278120442557951,0.00654384948113128
0.00290476535815923,0.000875902371957996,0.00570357195298412,0.00717003515834116,0.00698523664239593,0.00170554452897289,0.00308118334978896,0.00647963820340909,0.00903806210267788,0.00856360327241722,0.00265904927393544,0.00435995338104398,0.00308509328998033,0.0038195045465283,0.00767811601031196,0.00388213859963444,0.00434944647903608,0.00552808447971077,0.00278144753553591,0.00654507623601884
0.00290578208259499,0.000876019929458461,0.00570227226484536,0.00716533557463318,0.00697942983993154,0.00170563189888103,0.00307674969917005,0.00647661492240087,0.00904038807056057,0.00855801667931751,0.0026551638365389,0.0043577285188219,0.00308535875118395,0.00381597422674746,0.00767782652158994,0.00387853659676385,0.00434480375907113,0.00551875616046351,0.00278103659839195,0.00653761318111437
0.00290390351308088,0.000876331630113493,0.00570543201660313,0.00716216076288031,0.00698245826261767,0.00170505357655302,0.003080224325676,0.00648165764070462,0.00903407772891527,0.00856163367164538,0.0026579836251963,0.00436015339461715,0.00308386590376578,0.00381459574746491,0.00767575968328119,0.0038798513927613,0.00434520219098714,0.00553067513525077,0.00278056141142639,0.00654283399992428
0.00291006464720108,0.000876031521536066,0.0057020813671798,0.00716313917569185,0.00697945201274099,0.00170395841300765,0.00307731749566365,0.00647698263509729,0.00902757345066109,0.00855894772178136,0.00265763481708829,0.00435564391259027,0.00308476174656104,0.00381549912544347,0.0076728932197739,0.00388079195940865,0.00434466485968212,0.00551751426423102,0.00278117964355391,0.00654013298285036
0.00290012766291823,0.000875352783377504,0.00569692875363019,0.00715983135896466,0.00697483422104329,0.00170329510556867,0.00307819976497217,0.00647251487098268,0.00902261402913658,0.00855077408421361,0.00265546100641888,0.00435798265227016,0.00307954155759438,0.00381301331548947,0.00766664170474049,0.00387733416655688,0.0043393611158007,0.00552329899288021,0.00277733874489239,0.00653219275926699
0.0029039702443993,0.000876022406633773,0.00570550776106523,0.00716297428192131,0.00698583332963344,0.00170594750444082,0.00308295382030494,0.00647811342464226,0.00903379393374284,0.00856211326718755,0.00265713742642011,0.00436000276995927,0.00308484086722748,0.00381762841344979,0.00767507545212439,0.00388100467531371,0.00434631483680728,0.00552623615535587,0.00278225147419241,0.00654501705574335
0.00290513956381882,0.000875959477976948,0.00570262062355473,0.00716188590068559,0.00697913927324916,0.00171202354129876,0.00307537401834059,0.00647266359192772,0.0090398724692409,0.00855759707708792,0.00265466242644001,0.00435624091095981,0.00309610851441196,0.00381775273841597,0.0076727837691653,0.00388167954163284,0.00434648337991536,0.00552211770678199,0.00279172035198056,0.00653902421175671
0.00290466417069694,0.00087600817349009,0.00570134709400115,0.00716515497804812,0.0069773826920908,0.00170349589832775,0.00307634496308559,0.00647526520149326,0.0090257413335657,0.00856106006915311,0.00265435703954835,0.00435613673869515,0.00308325973697092,0.00381382599668652,0.00767338603830761,0.00387797838320011,0.00434287837923406,0.00551760511508368,0.00277981096662677,0.00654121394789566
0.00290522731512412,0.000876471056526328,0.00570704732337358,0.00716595618146244,0.00698302598426221,0.0017072530525898,0.00308026451470919,0.00647967863888828,0.00903189425064341,0.00856633645709194,0.00265674435059734,0.00436215129534791,0.00308363647062907,0.0038182593913681,0.00767578870959451,0.00387807737723818,0.00434459681374991,0.00552827414495071,0.00278023962593995,0.0065470521045866
0.00290199174038668,0.000875407869238893,0.0056984341055028,0.00716567932868659,0.0069719324318469,0.00170304708340319,0.00307574414197571,0.00647837080594684,0.00902554211493942,0.00855885383809203,0.0026558648709081,0.00435521040199475,0.00308224594945576,0.00381421029658516,0.00767811192672654,0.0038796495709524,0.00434144289874454,0.0055159640749159,0.00277889038479702,0.00653705024867955
0.00290710803583678,0.000875741969730844,0.00570029974911578,0.0071618584078986,0.00697707722057818,0.00170638685154998,0.00307582478693003,0.0064823319521158,0.00902506705808944,0.00855925577699466,0.00265529080114343,0.00435671712772017,0.00308574914174462,0.00382186767978971,0.00767206509353629,0.00387677995955035,0.00434743048427637,0.00551949787759956,0.0027786092221995,0.00653996953501531
0.0029044886698251,0.000876015651505786,0.00570376279292792,0.00716046685601652,0.00697988557112927,0.00170543079978827,0.00308330147610577,0.00647700345869701,0.00902887774754061,0.00855980246918989,0.00265704195781783,0.00435901718974105,0.00308436458054334,0.00381417629907659,0.00767583110200373,0.00387793798610728,0.00434613205106911,0.00552302355752169,0.00277960563100204,0.00654171529469169
0.00290650133443614,0.000876546527825037,0.00570671439952864,0.00716715956323345,0.00698183054474961,0.0017086189752074,0.00308147346783947,0.00648174139296794,0.00903492043325945,0.00856434394541825,0.00265957021296444,0.00436085737256226,0.00308535982447431,0.00381696899036322,0.00768047645063411,0.00388036210691983,0.00434575589044548,0.00553075767878018,0.00278136121735418,0.00654635325714966
0.00290530134277553,0.00087516546439846,0.00569874342974901,0.00716000981956383,0.00698062611162251,0.00170280336829903,0.00307655440789704,0.00647330357600545,0.00902182608553821,0.0085583009879581,0.0026542298217749,0.00435543631682602,0.00308344824933917,0.00381633172397781,0.00767492059304215,0.00388024057272172,0.00434485736998859,0.00551861074115815,0.00278202762715462,0.00653764205229051
0.00290441032366697,0.000875845376299621,0.00570359505191612,0.00716219604865521,0.00698038409022445,0.00170607969973052,0.0030795865058085,0.00647948843109435,0.00902955836706903,0.00856859390358729,0.00265518435567683,0.00435671588311633,0.0030829913782108,0.00381943261418522,0.00767353422779168,0.00388191077975384,0.00434371853328861,0.00552312116506042,0.00278129606092744,0.00654608802577347
0.00289943389440415,0.00087532959027615,0.00569786622656938,0.00715681587749542,0.00697193829872835,0.00170242019583235,0.00307357401800867,0.00646916000763793,0.00902021064950794,0.00855391281459334,0.00265345907181328,0.00435396033697998,0.00308521261395004,0.00381334432860536,0.00766997928466891,0.00387843022578216,0.00434138274257445,0.00551630120978049,0.00277690247662951,0.00653855933820227
0.00290538344440309,0.000875797434920363,0.00570253242029477,0.00716562447969352,0.00697754434656828,0.00170434151501489,0.00308063150033206,0.00647626506098608,0.00902796246309125,0.00856150979530803,0.0026554867177568,0.00436378705335044,0.00308364301564872,0.00381564657712261,0.00767449962042631,0.00388265895918634,0.00434780491301948,0.00552039787517731,0.00278095558352949,0.00654127128086525
0.00290445339914201,0.000875717839135784,0.00570280904074853,0.00716816469182729,0.00697572135494926,0.00170492309961577,0.00307852702438216,0.00647296944434898,0.00902865248993467,0.00855940935258768,0.00265561370989509,0.00435938390404062,0.00308403484219065,0.00381201333197727,0.00767657898222294,0.00388237845059763,0.00434399346649223,0.00551671714456474,0.0027819537318389,0.00654616618014019
0.00290258245289905,0.000875258018712759,0.00569669376488337,0.0071571186649972,0.00697215534320348,0.00170435417197337,0.00307738061046081,0.00646930402536511,0.00902224876448631,0.00855935916221917,0.00265218526987886,0.00435304335629822,0.00308450386569097,0.0038116181691803,0.00766377989751983,0.00387973038577752,0.00434802847600361,0.00551382088087496,0.00277685744011983,0.00653125036621636
0.00290851648545304,0.00087610106466368,0.0057014632861609,0.0071599167971654,0.00697377540210415,0.00170546534931826,0.00307610303823554,0.00647811733874912,0.00903105900546264,0.00856191868454577,0.0026600082780115,0.00435689885943693,0.00308276153930784,0.0038241392354669,0.00767184074060599,0.0038779397640147,0.00435130331911646,0.00551989411431684,0.00278003139407867,0.00654173025348282
0.00290409922136187,0.000876409045111355,0.00570231295323164,0.00716583184036431,0.00698052451521224,0.0017053629628126,0.00308082800615105,0.00648076998611617,0.00903427348029515,0.00856155673077338,0.00265830983073818,0.00436106973910875,0.00308687256619862,0.00381546887231918,0.0076735276548577,0.0038788285143893,0.00434699039301346,0.00552957814186245,0.00278247234091217,0.00654088924847961
0.0029061577077533,0.000876545035071635,0.00570469849830484,0.00716245394569417,0.00698019450388289,0.00170714393603063,0.00308000071058229,0.00647872627845271,0.00903448968571977,0.0085672037232149,0.00265565250777213,0.00435663956941774,0.00308739988451317,0.00381845585777469,0.00767741627931177,0.00388111204198524,0.00435338544153917,0.00553164237840065,0.00278011677207202,0.00653877869712258
0.00290193566452226,0.000875374915397174,0.00569646306845563,0.0071583235825761,0.00697440909607367,0.00170510836649505,0.00307897682230248,0.00647256839887847,0.00902524319149359,0.00855364716039431,0.00265543869289709,0.00435558890445624,0.00308178279911455,0.00381373571229907,0.00766806624830998,0.00387633912085035,0.0043420430311727,0.00552448549702691,0.00277955834469866,0.00653846089132374
0.0029032926980652,0.000876166984574916,0.00570263120520185,0.00716385141507653,0.00697836897864079,0.00170433480737882,0.00307775635204958,0.00647715543969339,0.00902997419004497,0.00855527097061524,0.00265626199654706,0.00435522893915877,0.00308175340830529,0.00381788547269903,0.00766979723186464,0.0038754561981243,0.00434815876336286,0.00552801568489341,0.00278181405958455,0.00653922855249432
0.002902000280493,0.000875868897925778,0.00570477913865204,0.00716492647137732,0.00698132674296834,0.00170684969454197,0.00308129063204625,0.00647744959804682,0.00902865251533587,0.00856380300303766,0.00265447417743286,0.00436214134644431,0.00308837681297892,0.00381686860876267,0.0076735374220015,0.00388379125102678,0.0043504277292453,0.00552060077114597,0.00278331356947273,0.00654627893625244
0.00290580548919032,0.0008760173451662,0.00570697412426556,0.00716519307395447,0.00698050769761964,0.00170507354216827,0.00307973328554923,0.00648497465898947,0.0090355358229139,0.00856355759398792,0.00265603558945096,0.00435996038072767,0.00308474976261914,0.0038180663399424,0.00767746543234569,0.00387795156238059,0.0043460186671222,0.00552279485043384,0.00278070546616916,0.00654330568662038
0.00290238843353636,0.000876276042795602,0.00570384579110129,0.0071629046355275,0.00697892187414568,0.00170500958065677,0.00308040156320359,0.00647482505238115,0.00903226829772141,0.00856110547572314,0.0026576828514785,0.00435873369367307,0.00308285829967657,0.00381584683231093,0.00767625110850156,0.0038792376786085,0.0043466738159626,0.00552573636943913,0.00278042480893346,0.00654147152791166
0.00290604173440268,0.000876257807327753,0.00570191370413211,0.00716743380605886,0.00697850869065319,0.00171119596546984,0.00307957423670074,0.00648181826436428,0.00903423631214118,0.00856270781146064,0.00265631515266515,0.00436057767725945,0.00308399344609195,0.0038181998765282,0.00767581851582693,0.00387902598047713,0.0043464480894037,0.00552356284104429,0.00278083086394614,0.00654180406230803
0.00290435444008002,0.000876219641626688,0.00570691844221681,0.00716488183939517,0.00698243882823874,0.0017061723780624,0.00308239957572971,0.0064832326100088,0.00903590952997568,0.00856491066756225,0.00265938864154305,0.00436162062591925,0.00308470316311416,0.0038177287383237,0.00767910641462987,0.00387962533367819,0.00434661582219406,0.00553159670321138,0.00278207327730945,0.00654323153431131
0.00290261531180562,0.000875451840064865,0.00569930570328515,0.00715792099213642,0.00697356520553101,0.00170497533120061,0.00307357917567495,0.00647010855557882,0.00903309714396259,0.00855560160632488,0.00265326217776977,0.00435247210451503,0.00308034394362911,0.00381530981005539,0.00766780413211309,0.00387492544922447,0.00434191985764889,0.00551399697272197,0.0027809934342692,0.00653717885812391
0.00290196174471132,0.000875620005033647,0.00570166829615797,0.0071628773730816,0.00698008270125819,0.00170360447358824,0.00307661866191315,0.00647501138121439,0.00902509960299413,0.00855957595942085,0.00265303102339063,0.00435545989946182,0.00308311221044171,0.00381385419135588,0.0076724000590645,0.00387656167251285,0.00434108848700549,0.00551890130665061,0.0027797218099715,0.00654166443802282
0.00290842343783988,0.000876443008688614,0.00570395415891739,0.00716518287671851,0.00698294257767513,0.00170718564986124,0.00307813274665777,0.00648463335722216,0.00902712113280355,0.00855885312110369,0.00265870357265625,0.00435758059814527,0.00308758699970286,0.0038233153367406,0.00767297457534477,0.0038829372571623,0.00434901474182913,0.00552444708681277,0.002781065527057,0.00654098556874625
0.00290338207389105,0.000875875807545927,0.00570329602550526,0.00716562580418777,0.00697627827038929,0.00170333758156736,0.0030781883127829,0.00648282351354904,0.00903808827679565,0.00856677675001373,0.00266563134060552,0.00435242961178524,0.00308381362722722,0.00381598498689676,0.0076695307796001,0.00387796728105808,0.00434544017378098,0.0055177111948261,0.00277913720783141,0.00654516021456308
0.00290515305734274,0.00087595677109357,0.00570342085197357,0.0071634256387783,0.00698087521971118,0.00170450114873077,0.00307840825989338,0.00647393102882929,0.00903578170597916,0.00856457178141848,0.00265842962941176,0.00436214230065028,0.00308318893226171,0.00381689026570606,0.00767217191951552,0.00387834991755418,0.00434321462262953,0.00552272275513031,0.00277970882468322,0.00654051324475144
0.00290714477562771,0.000875854830907435,0.00570531534152187,0.00716254196312294,0.00698463610933575,0.00170533003305082,0.00308366590428665,0.00647562555945297,0.00903600884240862,0.00856695754458903,0.00265922120725529,0.00435822644808181,0.0030895983574208,0.00381793442478908,0.00767977570555005,0.00387909560700456,0.00434855206005771,0.00552616742270777,0.00278561094442358,0.00654396172571874
0.00290421286478307,0.000876234163596233,0.00570474961198537,0.00716725229994698,0.00698347858595556,0.00170433953127169,0.00307796420483982,0.00647761632182506,0.00902864289804608,0.00856126756068364,0.00265516938345605,0.00435792503210031,0.00308485139383182,0.00381788863031594,0.0076796502536169,0.00388195211510443,0.00434772465142974,0.00553055450408825,0.00277985824324277,0.00653977255761978
0.00290679765687973,0.000875801195282705,0.00570750471613936,0.00716710315586947,0.00698301821031211,0.00170589037401637,0.00307955197885764,0.00648119206989753,0.00903079561780184,0.00856465887700103,0.00265904308822499,0.00435890507126566,0.00308446626845533,0.00381664879493737,0.00767563792278276,0.00387989375687355,0.00434602966167669,0.00553292961819002,0.00278143626256797,0.00653961446700391
0.0029072373590378,0.000876404652105655,0.00570357257001312,0.00716823191699223,0.00698388689542079,0.00170514786915133,0.00307929265743749,0.00648175713270736,0.0090300737544421,0.00856796570308514,0.00265490063994744,0.00436073322215829,0.00308510287539409,0.00381906319641972,0.00767875378935573,0.00387887014093202,0.00434602902308182,0.00552217295078503,0.00278195953043304,0.00655047811953216
0.00290620034658417,0.000876253083866177,0.00570409765188173,0.00716594720160427,0.00697971461025397,0.00170488260993225,0.00307736400086279,0.00647938082567589,0.0090308178493593,0.00856104851529703,0.00266495916879515,0.00435809671370384,0.00308484006781192,0.00381635965455129,0.0076766039343904,0.00388228592511599,0.00434491901374659,0.00552586842855724,0.00279026609721577,0.00654196447180023
0.00290479318128288,0.000875842973679907,0.00570260397027575,0.00716403315052116,0.00698445260477024,0.0017053955150841,0.00308080230409095,0.00648053253761269,0.00903144183492811,0.0085645891728347,0.00265890009532384,0.00435753417883536,0.00308465790613111,0.00381727597453267,0.0076792992824852,0.00388014845954742,0.00434725401475223,0.00553226034828911,0.00278160195254454,0.00654759905884159
0.00290377901437069,0.00087589363380247,0.00569987663736997,0.00716250739396205,0.00697644089385697,0.00170441414622738,0.00307920613180211,0.00647745350563661,0.00902723648581816,0.00856317233027139,0.00265622861800722,0.00435752001259947,0.00308620995502743,0.00382100332741488,0.00767471877565345,0.00387904660228252,0.004345066842935,0.0055258991265662,0.00278111822326984,0.006540515935585
0.00290442084522567,0.000875816587884022,0.00570177140773865,0.00716112252849941,0.00697483727779929,0.00170586037337011,0.00307515000287981,0.00647385435355232,0.00902317623779323,0.00855602624532725,0.00265319274332644,0.00435825169630767,0.00308120636483725,0.00381215268430516,0.00767309975314153,0.00387686797253536,0.00434251692159998,0.0055131090505584,0.00278217240014196,0.00653664460706724
0.00290364618488465,0.000876433025838839,0.00570249067832483,0.00716611731934291,0.00698264962056603,0.0017053766162436,0.00308051312970255,0.00648030428117914,0.00903579002119688,0.0085644130200858,0.0026578475971875,0.00436013178101084,0.00308434795784744,0.00381579630392584,0.00767469762117906,0.00387864814193249,0.00434457679478809,0.00552938706744157,0.00278135992886183,0.00654243787795175
0.00290456715469902,0.00087608377176478,0.00570188524430488,0.00716058573500681,0.00697760841745821,0.00170431430052328,0.00308006394054977,0.00647354819691675,0.00903751188076561,0.00855931520818729,0.00266415838924137,0.00435559895026552,0.0030823642365267,0.00381572706358861,0.00767366057541929,0.00387978799172009,0.00434331815755157,0.00552145482277104,0.00278223485235763,0.0065426199021431
0.00290337578603268,0.000876149885237553,0.00570509488300345,0.00716483759289275,0.00698017679204244,0.00170525263683187,0.00307788648238954,0.00647855606836099,0.00903441600087438,0.00856451553845981,0.0026548663220052,0.00435949679778941,0.00308553854204968,0.00381634026554687,0.00767599545050984,0.00388092376003746,0.00434543727795939,0.00552051760068339,0.00278138766687539,0.00654219016218912
0.00290112089074766,0.000874860198376054,0.00569712854864634,0.00716183833110515,0.00697659205295675,0.00170368432110755,0.00307483445326307,0.0064717264956912,0.00902392477257744,0.00855571164909805,0.00265387746646281,0.00435185399151419,0.00308152782098983,0.00381234131770489,0.0076696086723781,0.00387424015976117,0.00433938181115001,0.0055169737300893,0.00277770341457186,0.00653655922787403
0.00290555243748542,0.000876126943638505,0.00570593670424142,0.00716453239489021,0.0069851233837527,0.00171960535270299,0.00309373515051739,0.00651425691296886,0.0090776689659022,0.00856346408175877,0.00267532232018491,0.00438118546336289,0.00310007340407187,0.00383586080685524,0.00771629945650604,0.0038834677343215,0.0043509708782397,0.00555066714025136,0.00279592319175843,0.00657633288384818
0.00290502594449903,0.000875867890196431,0.00570059036575592,0.00716256516950428,0.00697999243216484,0.00170397411653275,0.00307694732332224,0.00648105772528381,0.00902751887350556,0.00855861586989317,0.00266576602663267,0.00435776221460885,0.00308495481159306,0.00381581106250262,0.00767217233870574,0.00387701421813589,0.0043478469610166,0.0055199134178083,0.00278002611556907,0.00653914322616966
0.00290447000031821,0.000875049804342986,0.00569714570063329,0.00716020102899991,0.00698092823439377,0.00170542445763743,0.00307729717788828,0.00648151569716911,0.00902754994108198,0.00856274625909631,0.00265444015885383,0.00435571388314886,0.00308736022414539,0.00381245907810942,0.00766853347547939,0.00387538678284559,0.00434593477119061,0.00551705594241917,0.00277959573944199,0.00653631406889534
0.00290843206765702,0.000876228675107369,0.0057049417928995,0.00716517108092209,0.00698265923764344,0.00170496639555587,0.00307785491181004,0.00647921256470404,0.00903003341365891,0.00856451302757426,0.00265681150517016,0.00436369275072666,0.00308824320808526,0.00382180810640865,0.00767446948729921,0.00388772968395612,0.00434619718456061,0.00552915445512593,0.00278041184427334,0.00654531766363573
0.00290307095560788,0.00087544930004593,0.00570361208722207,0.00716071363793599,0.00697965688338042,0.0017051749064735,0.00308026482703111,0.00647844698014715,0.00903080045288156,0.00856011002351773,0.00265769614132086,0.00435823316370889,0.00308402649757656,0.00381636075637492,0.00767610439712029,0.00387860477367047,0.00434693216601403,0.00552854935885549,0.00278007010327597,0.00654037568315661
0.00290483638534341,0.000876824461922403,0.00570378209362547,0.00717033196813757,0.00698404798428029,0.00170569261991363,0.00308115706640458,0.00648007167223052,0.00903911708012265,0.00856491104776578,0.00265928056271659,0.00435981106373144,0.00308587296906267,0.00381950991387575,0.00767874688049512,0.0038829911854384,0.00434972588600267,0.00553064119886078,0.00278136463585392,0.00654449317973821
0.0029033529606289,0.000875334407755172,0.00569973341876627,0.00716259504008148,0.00697819160695412,0.00170505327643126,0.00307870350393538,0.0064754722857661,0.00903062658477497,0.00855906490574225,0.00265694206300841,0.0043567838815978,0.00308263216805434,0.00381500140227081,0.00767082617820235,0.00387759894547607,0.00434527991573343,0.00552609289411709,0.00277932625434447,0.00653782462102622
0.00290624812462072,0.000875313004497954,0.00570086506117026,0.00716020991748252,0.00697796558977565,0.00170298012325603,0.00308914356852496,0.00647531217425734,0.00902724036472948,0.00855866116177932,0.00265721053512144,0.0043561798277311,0.00308501890645912,0.0038176332749944,0.00768183377010234,0.00387791394879721,0.00434361674171228,0.00551961155159002,0.00277912813472299,0.00654451829481675
0.00290363426880234,0.000876030220971699,0.00570411414985672,0.00715969771875725,0.00697974612625359,0.00170552493797587,0.00307943002630948,0.0064794279129481,0.00903174577118042,0.00856117805088135,0.00265903259691351,0.00435837453116478,0.00308375587184467,0.00381467984922322,0.00767550514889894,0.00387860738604104,0.00434708368430539,0.00552889897483091,0.0027812923776387,0.00653665588791126
0.00290846649754233,0.000876108953820462,0.00570494590721985,0.00716462404340511,0.00697947012304806,0.00170437117560313,0.00307834291331197,0.00648748337161358,0.0090296095143699,0.00856152892286045,0.00265473319849675,0.0043568500231747,0.00308558185344956,0.00381638853565486,0.00767463532572109,0.0038835188502546,0.0043530581336875,0.00552169935865774,0.00278565477024955,0.00654060425476728
0.00290277416673785,0.000875591000403336,0.00569923761674887,0.00715977227709365,0.00697458788581445,0.0017037163086691,0.00307603080543249,0.00647850969810559,0.0090283260956921,0.008557175197697,0.00265446797021533,0.00435709237911877,0.00308181214497976,0.00381480546478529,0.00767058206626707,0.00387687338947471,0.00434087689979513,0.00551823957346033,0.00277909858380344,0.00654050612803584
0.00290192469824965,0.000875858861708087,0.00570309377137349,0.00716227675834534,0.00697870069414151,0.00170389772423056,0.00307601165165086,0.0064753312726798,0.00902775619814224,0.00856663540138777,0.00265479064581548,0.00435505565067376,0.00308364826501211,0.00381463893999825,0.007676206512629,0.00387743781269201,0.00434430112910886,0.00551611033061003,0.00277986818067174,0.00653886509095709
0.00290302957715744,0.000875401804737069,0.00570020022976645,0.00715725113497501,0.00697582910043949,0.00170368462156788,0.00307830960076073,0.00646940377885033,0.00901770650834712,0.00856583976781663,0.00265208597619835,0.00435381172361174,0.00308125136722729,0.00381524340474027,0.00767541627178137,0.00387403051294755,0.00433978525549685,0.00552121556852951,0.00277744041917898,0.00654193436481426
0.0029027143545245,0.000875178653264602,0.00569681195246711,0.00715649527586388,0.00697371617068103,0.00170228776208183,0.00307702186742016,0.00646842486558758,0.00902140918079494,0.00855322244265958,0.00265531465213917,0.0043551564764563,0.00308116332586907,0.00381387417403075,0.00766443447925148,0.00387928305723312,0.00433984142609587,0.00551543347904991,0.00277703247400085,0.00654008602657108
0.00290564954582611,0.00087578825190494,0.00570572967713795,0.00716563778726885,0.0069826492360917,0.0017034596117201,0.00307644611976142,0.00647941384194502,0.00902906953511297,0.00857360907795307,0.00265492508762762,0.00435613639022539,0.00308430858280705,0.00381515353504646,0.00767619121257286,0.00387865639936468,0.0043451988222195,0.00551688021105298,0.00277884660189935,0.00655063335426044
0.00290259926345959,0.000875982685687398,0.0057023652923429,0.00715788342910252,0.0069793829499343,0.00170587266843066,0.00307881643305908,0.00647532107079608,0.0090289918106874,0.00855569328185269,0.00265652523147466,0.00435664258457566,0.00308175304867053,0.00381432311048422,0.00767023598312803,0.00387820736214661,0.00433985818025369,0.00552676791075909,0.00277952934737952,0.00653739165682329
0.00290376198735654,0.000876420983216023,0.00570677609153558,0.00716783654836691,0.00698152081519347,0.00170656332350719,0.00308208873800591,0.00648351626024241,0.00903388851531916,0.00856511841797029,0.00266013471134236,0.0043600778027798,0.00308415827911122,0.00381930391265293,0.00767893180973211,0.00388192095306743,0.00434894422104245,0.00552890520555373,0.00278112271201904,0.00654469213796325
0.00290149005865596,0.000875085468748318,0.00569769209555585,0.00715609094543194,0.00697208733260308,0.00170386542868933,0.0030734582490928,0.00647984571905849,0.0090229235184142,0.00856029905887724,0.00265170831137172,0.00435342418782514,0.00308109266396084,0.00381277794435122,0.00766704544203662,0.00387760168632891,0.00434070750839649,0.00551515943292308,0.0027779618031824,0.0065349717961655
0.00290331973714058,0.000875933780027144,0.00570404784706107,0.00716742742266262,0.00697885356343173,0.00170531529531611,0.00307982910401029,0.00647983596407714,0.00903725985990919,0.00856030301288757,0.00265835171145494,0.00435683370822647,0.0030839027187241,0.00381412554172123,0.00767853012278977,0.0038773249675457,0.00434415616876311,0.00553266692106406,0.00278191169372947,0.00654189759062698
0.00290195243011609,0.000876214257574688,0.00570097423673201,0.00716167324545032,0.00697949995271607,0.00170378704218888,0.00307819598075273,0.00647804443140356,0.00902899451319026,0.00856241085510952,0.00265436956139838,0.00435660428494021,0.00308311516259689,0.00381471676205273,0.00767252008536303,0.00387780187528347,0.00434305612238443,0.00551789803131423,0.00277953950759225,0.00654058253003004
0.00290462540497594,0.000875363378047266,0.00570055423451949,0.00715822139645718,0.00697381379990036,0.00170306429679501,0.00307510653048453,0.00648416846248685,0.0090315535454544,0.00854998543814874,0.00265348147813927,0.00435571728496109,0.00308329125339373,0.00381661516279111,0.00766714511098925,0.0038798632257072,0.00434434834156111,0.00552201554255993,0.00278008108528934,0.00654495606353103
0.00290213409045723,0.000876186078379841,0.00570040059613765,0.00716584525571265,0.00698210638191029,0.00170584755568224,0.00308233144682645,0.00647717499392524,0.00903098956424158,0.00856136984217739,0.00265940976516256,0.00435838754720748,0.00308554316452508,0.00381770903015424,0.00767313677726843,0.00388028572611601,0.00434597062372202,0.00553395768661065,0.00278063191086887,0.00654373490550397
0.00290301853653253,0.000876248708081602,0.00570621429234742,0.0071624553902575,0.00697584180389712,0.00170604335426574,0.00307840362847319,0.00647752137514401,0.00903409765203828,0.00858237268831164,0.00265460358544879,0.00435661693724834,0.00308420168346395,0.00381745802684011,0.0076786824499985,0.00388590110037677,0.00434376180823168,0.00552267587308281,0.00277969092942202,0.00655737384810595
0.00290426311155055,0.000875669552867469,0.00570747398289801,0.00716576362361273,0.00697920621359994,0.00170426730827355,0.00307628302720638,0.00648099325341047,0.00903726928380078,0.00856297951341804,0.0026547947684504,0.00435536886051725,0.00308265155096284,0.00381633079664233,0.0076813628366015,0.00388091630822747,0.00434835323104247,0.00552179878362282,0.00278106052106943,0.00654237597394173
0.00290193693932404,0.000876332287818621,0.00570317114237231,0.00716358348931234,0.00698109612207794,0.00170450519902715,0.00307769258895484,0.00647772202220952,0.00903119422727519,0.0085630532200024,0.00265529008203728,0.00435708845946874,0.0030840584651247,0.00381689162035433,0.0076720434726215,0.00387821292153635,0.00434407769100775,0.00552063140731415,0.00277994785921157,0.0065394551916018
0.00290394436361693,0.000875218149150935,0.0056997345976028,0.00716070853112032,0.00697270927273358,0.00170956154231508,0.00308591059241787,0.00646924796025495,0.00903466496775666,0.00856180832488915,0.00266281324605522,0.00437018839303137,0.00309211436803154,0.00381318012392083,0.00766962547285819,0.00387776178124945,0.00435562304143446,0.00552108837261959,0.00278993480964392,0.00653576963410068
0.00290424184175268,0.00087647918520236,0.00570340154191764,0.00716234870922503,0.00697818233310486,0.001704424104025,0.0030785452541776,0.00647855070498312,0.00903021370820145,0.00856008915218411,0.0026573198156054,0.00436080618620398,0.00308696248721586,0.00381647582811516,0.00767389104727587,0.00387921415289287,0.00434808211108616,0.00552068474138075,0.00277891047461875,0.00654668250832325
0.00290355680345868,0.000876385028733065,0.00570610041495504,0.00716755811018156,0.00698193395738452,0.00170469007379596,0.00307838609346595,0.00647874265220676,0.00903666840749913,0.00856620628716884,0.0026552660539921,0.00435806734873051,0.00308468875932403,0.00381708887519703,0.00767752486395282,0.00387965676531994,0.0043460096873058,0.00552187921350676,0.00278054122939249,0.00654350125641645
0.00290178422443943,0.000875120589821265,0.00570039212335316,0.00715821552356248,0.00697387713124901,0.00170402920387052,0.00307845955136419,0.00647402287703787,0.00902512423955125,0.00855424562322425,0.0026550927230651,0.00435549007098817,0.00308254265082247,0.00381316053420825,0.00766806389132193,0.00387651116820576,0.00434235432876492,0.00552437504973311,0.0027785338354663,0.00653607096169577
0.00290403957986502,0.000876514812423876,0.00570570865233601,0.00716625637667851,0.00698156597910447,0.00170500156504275,0.00307995973465054,0.00648047864703761,0.00903619852806973,0.00856265450024326,0.00265766168173412,0.00435766852972474,0.00308369876228226,0.0038158092272493,0.00767519351215891,0.0038824397647161,0.00434558723228314,0.00553007018221532,0.00278272628834303,0.00654263394914928
0.00290536192590197,0.000876115552007185,0.00570630654229523,0.00716578326303007,0.00698131086861804,0.00170535425417936,0.00308096829569306,0.00648044207973632,0.0090389041573796,0.00856473449804881,0.00265658983388665,0.00436068706062759,0.00308569476153813,0.00381868578592006,0.00767867591260888,0.00388115776262732,0.00434589346397316,0.00552228629130801,0.0027819545410412,0.0065468135052655
0.0029054134677821,0.00087564685119939,0.00570547757837987,0.00716202249336099,0.00697674154291978,0.00170318271354485,0.00307610741933148,0.00648335084269382,0.00902218457563899,0.00855706684126858,0.00265348111708778,0.00436117265622932,0.00308736926304637,0.00381476039488645,0.00767003914893132,0.00388196278336391,0.00434611013125515,0.00552277455510706,0.00278159778262677,0.00653771132811387
0.00290382914733631,0.000876519416037293,0.00570617441342802,0.00716696366602718,0.00697855177146056,0.0017057761900948,0.00308232074931336,0.00648135519497468,0.00903787637784508,0.0085652528661608,0.00265954694878166,0.00436057755320996,0.00308491916601486,0.00381708893546036,0.00768085446354792,0.00388113463099446,0.00434870720196596,0.00553085683060006,0.0027833465754215,0.00654479818996699
0.00290503608228411,0.00087611544223616,0.00570702514289916,0.00716391956824791,0.00697939353653247,0.00170682869767429,0.00308144034577887,0.00648042347231939,0.00903672309395841,0.0085644676993701,0.00265848108415051,0.0043592427725498,0.00308406260077028,0.00381605106733113,0.00767671862373938,0.00387904535278814,0.0043460642048768,0.00553200834259911,0.00278097333806919,0.00654440435697415
0.00290360463217589,0.000876274877953917,0.00570368368892864,0.00716142951830407,0.00698100777739992,0.0017049192199476,0.0030799854876435,0.00648112556851932,0.00903182825541164,0.00856043958782579,0.00265722619890191,0.00435840666322273,0.00308358570789364,0.0038150017853967,0.00767406473750107,0.00387813879375459,0.00434463768096328,0.0055282055775405,0.00278034758792601,0.00654294388827072
0.00290905738843838,0.000876071179297114,0.00570062750017543,0.00716080497158835,0.00697274643420443,0.0017030887037062,0.00308012890168972,0.0064773330915353,0.00902726317297592,0.00855062973126471,0.00265751579949611,0.00435472938129678,0.00308344157446161,0.00382114476121082,0.00766953968924871,0.0038843443679037,0.00435258684462604,0.00551835750845652,0.00277986857812127,0.00654769492514559
0.00290716928380539,0.000876564259844944,0.00570465957494715,0.0071658725232532,0.00697954951904351,0.00170712682505055,0.00307891158958139,0.00648638173267126,0.00903826784188375,0.00856732259161876,0.00265817859008402,0.00435917003713529,0.00308506582559114,0.00381841252540017,0.00767740191254522,0.0038807508025405,0.00434985015897649,0.00552485194318877,0.00278051347112337,0.00654379003806486
0.00290313344848806,0.000876228146844296,0.00570274013785693,0.0071647784501347,0.00697675722708894,0.00170888201905162,0.00307828543857698,0.00647624437418828,0.00902971219620178,0.00858041056276919,0.00265602762669476,0.00435736184456503,0.00309196316133847,0.00381729156674262,0.00767485752685158,0.00388768029776446,0.00435430353371019,0.00551984461351815,0.00278134310667422,0.00654264262463707
0.00290404291712186,0.000876567783363881,0.00570599446751422,0.0071682703778255,0.0069823874042676,0.00170811581464098,0.00307862862484167,0.00647851307864987,0.00903108401118357,0.0085656080305582,0.00265629441976002,0.00435786371409528,0.0030844751120887,0.00381663731082268,0.00767655442122167,0.00387908708461588,0.00434624402080634,0.00552188110095293,0.00278098945665424,0.00654304817169065
0.0029060715723453,0.000876289071463815,0.00570587708047174,0.00716482737124417,0.00698017445347496,0.00170492352699748,0.00307903508200507,0.00647940460782004,0.0090379650548793,0.00856483831130704,0.0026580313307081,0.00436090750790951,0.00308441354870498,0.00381887579095919,0.00768140293377488,0.00387935462802629,0.00434485636096149,0.00552767454189792,0.00278202251803621,0.00654115131612247
0.00290567078832954,0.000875063808493948,0.005706618237969,0.00715839224197335,0.00697399985738325,0.00170423177405391,0.00307516853127253,0.00647201679449118,0.0090272055022779,0.00857581611798732,0.00265959679295068,0.00435730312912824,0.00308042892964626,0.00381585240616303,0.00767608396825416,0.00387976794721193,0.00434025542441937,0.0055168089853561,0.00277908115872083,0.00653537064119401
0.00290449573131388,0.000875926467872748,0.00570310298495348,0.00716269442056833,0.00698042895428518,0.00170391372987607,0.00307653644910802,0.00647258974988955,0.00902923617501338,0.00856235134934823,0.00265441112962707,0.00435752315338458,0.00308301281692704,0.00381426132847433,0.00767812743804065,0.00388038525811387,0.00434622379731766,0.00552003612276113,0.00277913802523906,0.00654486546472609
0.0029042779886995,0.000876086533615863,0.00570270960877468,0.00716629625988179,0.00698202446506467,0.00170578202609972,0.00308027066347598,0.00647796827611695,0.0090357930952171,0.00856520821847102,0.00265802150377289,0.00435922430768297,0.00308543556660914,0.00381650246664596,0.00767634778360642,0.00387989412314341,0.00434978744306288,0.00552636707806544,0.00278067667956777,0.00654362246955086
0.00290369419696252,0.000875261265253921,0.00569613568395995,0.0071567159836405,0.00697011494488137,0.00170379407607105,0.00308025916401992,0.0064694020652492,0.00901821495045332,0.00854837961561919,0.00265227822648901,0.00435146973357339,0.00308493115850367,0.00381104240226439,0.00766628381799861,0.00387445931401356,0.00433932391661138,0.00551421941554853,0.00277685041223255,0.00653306333743567
0.00290704811720318,0.000876408286386022,0.00570848612818973,0.00716645004539467,0.0069839997911667,0.00170471422981496,0.00307959779834355,0.00647898572655729,0.00903023116953392,0.00856150086760043,0.00265570143045666,0.00435837261927698,0.00308511124317147,0.00381729414623786,0.00767781513502513,0.0038791374907194,0.00434663721695761,0.00552840489511334,0.00278069653998547,0.00654184489309353
0.00290401940788267,0.000876481423678106,0.00570657200960203,0.00716913333881539,0.00698311427711141,0.0017090304842269,0.00308096411191271,0.0064831047024943,0.00903510802797302,0.00856512535782548,0.00265852823457051,0.00435976897929277,0.00308510540879597,0.00381645730291698,0.00767766603530248,0.00387927996132358,0.00434658958522769,0.00552949857667623,0.00278180184104832,0.00654389925903157
0.00290224412530068,0.00087593114135557,0.00569880458527196,0.00716316350715404,0.00697824027481472,0.00170537970797252,0.00307874772928348,0.00647701046524365,0.00902814534309055,0.00855324874596375,0.00265828334728653,0.00435605242897757,0.00308214842579144,0.00381360558307742,0.00767136632621681,0.0038769850444812,0.00434305062334227,0.00552632005331001,0.00277935132272975,0.00653859559710727
0.00289691924421467,0.000874349484789097,0.00569298772172084,0.00714973569002914,0.00696505798797978,0.00170110101104168,0.00307192676633573,0.00646532487663855,0.00900993349854597,0.00854839237521417,0.0026489111922327,0.00434876095577736,0.00307797762341736,0.00380911705424765,0.00766033250802038,0.00387131331656569,0.0043347014221817,0.00551052899563393,0.00277389696584112,0.00652832848322925
0.00290303507274721,0.000875523326116339,0.00569889465741901,0.00715845443722774,0.00697342513543862,0.00170295131381593,0.00307599330815368,0.00647224385203811,0.00902574190826412,0.00855622768452016,0.00265529345781691,0.0043539948810601,0.00308207296484915,0.00381323581179469,0.00767700314164446,0.00387814346344512,0.00434106324563638,0.00551668221701482,0.00277820595625106,0.00653560227832006
0.00290745247004599,0.000876674183621718,0.00570856426717411,0.00716856339603639,0.00698207527823741,0.00170680032774558,0.00308338464476091,0.00648358940689189,0.00903637634685053,0.00857421060917333,0.00266936787655526,0.00436389936744533,0.00308819794629517,0.00382096524963401,0.00767808335472443,0.00388395823193405,0.00434640485453468,0.00553163339316953,0.00278200902724264,0.00654589187397797
0.0029072599152277,0.000876392761210183,0.0057052284321394,0.00716541905035161,0.00698161803407967,0.00170468901411689,0.00307797341784943,0.00647801254506008,0.00902997607215041,0.00856611571306977,0.00265453009942105,0.00435983695216874,0.00308964061759085,0.00381868672523972,0.00769205481108069,0.00388051301283707,0.00434638275900762,0.00552121275554362,0.0027800093803362,0.00654219841439355
0.00290671885559812,0.00087664175592363,0.0057051282933795,0.0071674484843938,0.0069820602486823,0.00170616515494613,0.00308407846378128,0.00647911979308465,0.0090379881356604,0.00856807322533011,0.00265688650410225,0.00435764387080588,0.00308489827073843,0.00382085121633946,0.0076764355011966,0.00388181737285772,0.00435029502003636,0.00552352435131861,0.00278227992177452,0.00654175872780493
0.00290966406277085,0.000875510865275205,0.00570198486991058,0.00716228905773036,0.00697714486864767,0.00170325416586367,0.00307756126520878,0.00647533695211835,0.00902594067973002,0.0085558012349517,0.00265303701104526,0.00435696599770566,0.00308318319952343,0.00382052101544438,0.00767088432123926,0.00388322755997128,0.00434497217603646,0.00552417476674802,0.00277843215642953,0.00653877630815185
0.00290875445692695,0.000876222239418861,0.00570441932347069,0.00716842444966794,0.006982715276097,0.00170477455310116,0.00307926215329207,0.00647910174177878,0.00903081994035451,0.00856484332850902,0.00265553232336484,0.004358455398546,0.00308454059211712,0.00381687171382187,0.00767804474434795,0.00387992164443042,0.0043458453504632,0.00553066313968261,0.00278106339483362,0.00655112868583343
0.00290561358137653,0.000876165333544871,0.0057035021707993,0.00716188149812639,0.00698076104361718,0.00170512418701548,0.00307631389675791,0.00647364400604086,0.00902951364577742,0.00855922352130805,0.00265344474372373,0.00435645854719856,0.0030842790465302,0.00381223605643851,0.00767091790900843,0.00387715655136601,0.00435063392759234,0.00552703085735312,0.00277909235729243,0.00654251967742094
0.00290221717038399,0.000875807672179524,0.00570231717447128,0.00716140490643097,0.00697749916915816,0.00170407906009724,0.00307565239159471,0.00647463456961097,0.00902596215184026,0.00855375501776977,0.00265394247696548,0.00435385504957374,0.0030811311531045,0.00381458597645791,0.00767562983833611,0.00388037402229815,0.00433925350495576,0.00553074894349419,0.00277954370430466,0.00653942103582038
0.0029023789815914,0.000875574429381634,0.00570014998980385,0.00716204235903634,0.00697543059254894,0.00170422717420234,0.00308035882117786,0.00647386294908613,0.00902641240677188,0.00855649359437874,0.00266150453212284,0.00435450399834255,0.00308266023461711,0.00381528262655979,0.00767092271821191,0.00387774024460077,0.00434152764841514,0.00551790091515889,0.00277881932874308,0.00653886444403198
0.00290070403823448,0.000875272933237331,0.00569416077834641,0.00715765577649545,0.00697077487075897,0.00170315445156992,0.00307869793169911,0.00647105009276095,0.00902205807378109,0.00855076510358038,0.00265414517391506,0.00437789676876979,0.00309595643794185,0.00381177461247682,0.00766517260838142,0.00389589721082813,0.00434225484291694,0.00552110625986607,0.00277768490130815,0.00653321492859594
0.00290435609421055,0.000875073417714306,0.00569340649639341,0.00715629979866633,0.00697156520880864,0.00170295159770073,0.00307411381996211,0.00646648312836349,0.00901901376477997,0.00855445590483087,0.00266164693004543,0.00435327722633471,0.00308074362092627,0.00381899891543933,0.00766742967570346,0.00387996863438754,0.00434510394034254,0.00551656259202363,0.00277796674068421,0.00653084795086931
0.00290010258974135,0.000875342287736046,0.00570147168461899,0.00716160325675608,0.00697536016901651,0.00170382254576564,0.00307528312168366,0.00647478093460573,0.00902275893353525,0.00855559724272048,0.0026535190801496,0.00435326533083287,0.00308117095303769,0.00381366551200247,0.00766972537393302,0.00387541325799707,0.00434260704512777,0.00551580021591471,0.00277954511291517,0.00653899863628216
0.00290395509211204,0.000876048805859288,0.00570330973201095,0.00716157224651836,0.00697937576573523,0.00170428296986335,0.00307946149689254,0.00647955738183786,0.00902999537295046,0.00855332278701233,0.00265647042546031,0.00435933400401564,0.00308278178543201,0.00381575348043502,0.00767394456311151,0.0038797685546285,0.00434579589749081,0.00552502347314006,0.00278353720514212,0.0065408019946253
0.00290919885843325,0.000875783308629685,0.0057035731585372,0.00716285928214104,0.00697873455969428,0.00170619682891892,0.00308218993998568,0.00648025137213418,0.00903403416744565,0.00856602013596556,0.00265790834594541,0.00436005435436336,0.00308448204363827,0.00381761604565503,0.0076782430909976,0.00388062088981954,0.00434855646111936,0.00552775467833354,0.00278175981486557,0.00654961192257648
0.00290468914017866,0.00087579329652507,0.00570231033285504,0.00715974459146555,0.00697845656525941,0.00170453576008558,0.00307870828085011,0.00648301010142107,0.00902902814395929,0.00855865789424181,0.00265553366196132,0.00435486695717151,0.00308231842710568,0.00381432629794308,0.00767113181486563,0.00387612165938432,0.00434283677554898,0.00552447478567621,0.00278120765417965,0.00653718751625778
0.00290218452287005,0.000875239826889008,0.00569812807775667,0.00716237773552667,0.00697654239911664,0.00170474302425156,0.00307959190856451,0.00647108771285689,0.00902643452517963,0.00855323246937084,0.00265523859006979,0.00435658015425459,0.00308307827947495,0.00381275369113032,0.00767085907730891,0.00387478575835839,0.0043439200823186,0.00552084549833687,0.00277871458029656,0.00653887742935958
0.00290095955415185,0.000875537635214648,0.00569982328001535,0.00716214842899298,0.00697590004767344,0.00170457856907629,0.00307890143162868,0.00647506958785527,0.00902466632054499,0.00856084166114891,0.00265491534870456,0.00435478579401605,0.00308528449165188,0.00381627231804045,0.00767409094337597,0.00387785979249793,0.00434640217984881,0.00551798408636389,0.0027800533418841,0.00653861406084479
0.00290576342809585,0.000875310670506686,0.00570254059212945,0.00716091048965016,0.00697472270835784,0.00170360600070232,0.00307823649805604,0.00648380906858898,0.0090250926736757,0.00855730244742308,0.00265297617545796,0.00435596916945826,0.00308211562658504,0.00381780078988658,0.00767008448595206,0.00387543821006937,0.00434316613889497,0.00551831625983463,0.00277946683034737,0.0065466646748208
0.00290388383767503,0.000876484035260564,0.00570297558522139,0.00716459495127453,0.00697976717472715,0.00170393927116023,0.00307950735755139,0.0064754024481425,0.00902496370602625,0.00856753235418128,0.00265804214808237,0.00436183226309451,0.00308607167948498,0.00381733012880909,0.00767754840956928,0.00388149771628504,0.00434562496405128,0.00552282429757397,0.00277941226429466,0.00654539839966831
0.00291050183907981,0.00087641606319144,0.0057076544500341,0.00717150311587543,0.00698237804864321,0.00170723635293559,0.00307904284580406,0.00647953048646823,0.00903378785184498,0.00857489279299199,0.0026554895495773,0.00435770204707251,0.00308535039239993,0.00381818806954137,0.00767866838236351,0.00388429201455907,0.00434617476996441,0.00552451644973262,0.00278124995786894,0.00654490607195419
0.00290530914540254,0.000875981984911098,0.0057036982472046,0.00716400167043793,0.00698354429400591,0.00171682704863466,0.00309070072973752,0.00647875810165706,0.00904601758053509,0.00856313461314777,0.00266761558506851,0.00437129669738773,0.00309394079558814,0.00382871621340363,0.0076772458075538,0.00387820126725211,0.00434895849798686,0.00552055778865045,0.00279151240649895,0.00654872161413538
0.00290545757077726,0.000876373930355092,0.00570297909821239,0.00716685691377343,0.00698657613815191,0.00171003470261597,0.00307995813174378,0.00647887246631401,0.0090422992112492,0.0085729898506734,0.00266246773284211,0.00436310275162272,0.00308471270784999,0.00381583562441059,0.00768134736515799,0.00388382011190603,0.00434635295207955,0.00552494327954758,0.00278239449438163,0.00656052719369318
0.00290368580456808,0.000875059773549189,0.00569582321995583,0.00715818546015214,0.00697164719572358,0.00170466533691471,0.00307526269825643,0.00647138641472612,0.00903099453568739,0.00855121629048449,0.00265221246263787,0.00435401668062289,0.00308255376646797,0.00381319398855609,0.00766698434119035,0.00387984758902407,0.0043402160511274,0.00551686329424787,0.0027774385382739,0.00653484363042251
0.00290091248687795,0.000875645073857176,0.00570041109296613,0.00716107270263014,0.0069767753274438,0.00170304308566039,0.0030775724457275,0.00647531811787977,0.00902568959471783,0.00855541361547401,0.00265242260444027,0.00435454180611337,0.00308303981719342,0.00381513779963127,0.00767018620494356,0.00387533923546735,0.00434324593995551,0.00551793644861216,0.0027775507346439,0.00653711861205084
0.00290357850036143,0.000876379710310187,0.00570278343483849,0.00716501000681857,0.00697977382844827,0.00170497151624476,0.00308231563975769,0.00647755889125977,0.00903438125576283,0.00855897561014486,0.00265788184921008,0.00435941133916923,0.00308587971134742,0.00381631697920076,0.00767337043706526,0.00388045777431889,0.00434582066784122,0.00552801415122858,0.00277989603089668,0.00654008798061374
0.00290018926374371,0.000875649507620444,0.00570176950800836,0.00716354812072184,0.00697676016682175,0.00170391514302982,0.00307678983861987,0.00647155261865478,0.00902441732574613,0.00855994630431098,0.00265421295960529,0.00435467778353339,0.0030821966867732,0.00381448247753883,0.00767278290796388,0.00387643265114785,0.00434203199273968,0.00551945819199193,0.00277897995683529,0.00653814054230564
0.00290357760726943,0.000875663386138654,0.00570064607056967,0.00716211685584189,0.00697755856142553,0.00170318734274652,0.00308212200523014,0.00647201108595659,0.00902567397936453,0.00855576284565955,0.00265491276908464,0.0043552111249242,0.00308389282910819,0.00381221843235289,0.00766914402395602,0.00387782363349206,0.00434326906043273,0.00552262819197556,0.00277913659210459,0.00653631128291298
0.00290819494995722,0.000876529271807802,0.00570227426418445,0.00716183754156703,0.00698337700193694,0.00170453754956977,0.00307674796350841,0.00647758268141395,0.00903591515470559,0.00856598214937106,0.0026594114774542,0.00435796271176814,0.00308429257898795,0.00382072465662758,0.00767442406267778,0.00387773703483308,0.00434496325622514,0.00552128450717882,0.0027791895911532,0.00655030771639074
0.0028957813948929,0.000874970298914004,0.00569059063341665,0.0071548152616702,0.00697347528404986,0.00170180742029424,0.00307524868377466,0.00650885764927658,0.00901544337313395,0.00854345614460768,0.00265494473671986,0.00435179627946581,0.00308173459931175,0.00380934851549689,0.00766646099758016,0.00387556139915281,0.00434312575573934,0.00551751930496901,0.00277912743875754,0.00653339213149147
0.00290335347562492,0.000875873173602023,0.00569771777026855,0.00716184876910377,0.00698085011517994,0.00170357567701407,0.00307664922028437,0.00647733603469856,0.00903572113258905,0.00855913045931832,0.00265582857250822,0.00435677732179299,0.00308340347705213,0.00381813714959145,0.00767503635801446,0.00387905212359227,0.004345024087911,0.0055202794194698,0.00277878973729194,0.00654137953034925
0.0029073492453033,0.00087558861403981,0.00569938672106556,0.00715892536768962,0.00697514961304536,0.00170280528355873,0.00307422505586247,0.00646998348374906,0.00903595644522901,0.00856739033839284,0.00265832956398055,0.00435418865559845,0.0030814981744132,0.0038139818850248,0.00766853008284435,0.0038748604108953,0.00434014261873157,0.00551447305875192,0.00277701506232354,0.00654720319437892
0.00290866858652948,0.000876177028422566,0.00570348121200881,0.00716984879109523,0.00698126055802993,0.00170669482919766,0.00307972247672588,0.00647840549202979,0.0090377211815488,0.00856146405261972,0.00265541661339079,0.00436251158028097,0.00308584654981927,0.00381724767283779,0.00767257310267636,0.00387927133619456,0.00435192266475624,0.00552141350071,0.00278451308377744,0.00654531025132163
0.00290214944974506,0.000876179300075064,0.00570310459387065,0.00716309752478453,0.00698128244211187,0.00170462164170746,0.00308206550117201,0.00647868103933885,0.00903130384751042,0.00856041762667563,0.00265662576766702,0.00435829584109237,0.00308167376216299,0.00381532106648844,0.00767414005074446,0.00387928743704908,0.00435152475171165,0.00552912283905507,0.0027796695987452,0.00654062420836705
0.00290299809716592,0.00087633336792177,0.00570192472435164,0.00716927055116068,0.00697545616532482,0.00170357176517899,0.00307690719394022,0.00647572117242053,0.00902917817025745,0.00857540665434193,0.00265450363994645,0.00435647202171447,0.0030844487169773,0.00381333408115058,0.007673026168182,0.00387732380133364,0.00434265628407968,0.00552059642577499,0.00278024486449809,0.00654347637273543
0.00290340375437049,0.00087603055498555,0.00570589078735502,0.00716833883826962,0.00697804140496451,0.00170450623846532,0.0030794021308153,0.00647988222696597,0.00903096502533118,0.00855879051101345,0.00265673490308631,0.00435851333862693,0.00308338715136446,0.00381560805041649,0.00767314883491334,0.00387762048850825,0.00434515028025225,0.00552844461203218,0.0027801748062258,0.00653904228681141
0.00290549575713641,0.000875926760209379,0.00570137456258004,0.00716332414537742,0.00697932934338246,0.00170528023713515,0.00307980499776691,0.00648492550940154,0.00904231181402946,0.0085620801346235,0.00265592517437852,0.00436357842146478,0.00308336938496022,0.00381585359931185,0.00767808613114974,0.00388038110882857,0.00434504723969205,0.00552153378404704,0.00278044071244727,0.00654294642173442
0.00290322338384264,0.000876150349166006,0.00570821476118138,0.00716840995938603,0.00698114666763307,0.00170596611304991,0.00308397418543645,0.0064827325741498,0.0090354285842636,0.00856809116962503,0.00266015026959063,0.00436235800682487,0.00308524497181605,0.00381717364024821,0.00767460144794385,0.00388024149256257,0.00434797878362476,0.00553186975979124,0.0027828971333927,0.0065431166374846
0.00290859347329619,0.000876590306308443,0.00570318728794364,0.00716911494334526,0.00698266484154863,0.00171103963094049,0.00307833031053717,0.00648137189011617,0.00903640944656021,0.00856739968526226,0.00265671261361914,0.00436299512365311,0.00308645990368318,0.00382208962610041,0.00767838948390175,0.00388556570750282,0.00435046786276935,0.00552266230669527,0.00279590025653527,0.00654934725498347
0.00290390720419899,0.000875308783205702,0.00570136652518198,0.00716036808191883,0.00697638007706782,0.00171073154621127,0.00307768366240835,0.00647502322238104,0.00902690878277325,0.00855892010497586,0.00265239669295339,0.00435981765419103,0.00309965866063826,0.0038134697622267,0.00767535358470169,0.00387344348561884,0.00434004105492894,0.005515593661871,0.00279069590524293,0.00653671402240185
0.00290185654465785,0.00087605380660522,0.00569878612696121,0.00715836025441421,0.00697523116756643,0.0017032884112642,0.00307995106203996,0.00647536282608286,0.00902792856217514,0.00857301326139304,0.00265590268415908,0.00435507309080708,0.003082475522074,0.0038136747373047,0.0076726958807104,0.00387555154538755,0.00434277890461571,0.00552083744683344,0.00277967785431035,0.00653525119876795
0.002907331265181,0.000875829614791863,0.00570061929187911,0.00716063118963667,0.00697580227117495,0.00170325562159563,0.00307558338094624,0.00647351099455591,0.0090232941378209,0.00857015389038695,0.00265565654639343,0.0043606869314261,0.00308202334795901,0.00381841557720825,0.00766946002550355,0.00388021720850609,0.0043447132980835,0.00551669434459577,0.00277870565049266,0.00654579223206376
0.00290621364599807,0.000875478853833932,0.00570001981576862,0.00716027069179309,0.00697625545603228,0.00170844169700156,0.00307577356760876,0.00647496271948897,0.00902777485911364,0.00855496413362717,0.00265419811817064,0.00435412694154041,0.00308209498064025,0.00381498467043812,0.0076678715963075,0.00387728019609207,0.00434338039382836,0.00552023280074735,0.00277821156399541,0.00653606159904798
0.00289947388860507,0.000875296206023974,0.00569944756204112,0.00715821318593082,0.00697375088049282,0.00170725834925228,0.0030909438548413,0.00647243057248457,0.00902139761339742,0.00855561550871662,0.00267114804837193,0.00435494060142406,0.0030808360407058,0.00381154024253556,0.00766678782318747,0.00389543159340723,0.00434089965392086,0.00551477449112453,0.00278222355082302,0.00654890459679082
0.00290273207939083,0.000876606270582049,0.00570235348698763,0.0071678398866633,0.00698302051339573,0.00170628083297248,0.00308292541822885,0.00648066063386481,0.00903493858908305,0.00856642037782386,0.00265840395323564,0.00435976717829668,0.00308512234803825,0.00381673867226031,0.00767896478080831,0.00388175850994064,0.0043472020423303,0.00553076200603275,0.00278157659017736,0.00654600486128189
0.00290488155064252,0.000875170419169724,0.00569915514791092,0.00715893345210112,0.00697504589546225,0.00170213149715615,0.00307515213410352,0.00647908503302089,0.00902458345821519,0.00856180961580378,0.0026520298106406,0.00435389155839341,0.00308423809992693,0.00381480652957244,0.0076690912994452,0.00387418697591521,0.00434405326534123,0.00552065998390822,0.00277743360951314,0.00653737388502812
0.00290358184679725,0.000875219671452965,0.00570492857100182,0.00716365304771108,0.00698358187493763,0.00170607331000859,0.00307557638627322,0.00648484463603516,0.00903278529692829,0.0085623258696894,0.00265403918376531,0.00435800828312097,0.00308198553469394,0.00381602364743099,0.00767423703436798,0.00387505306686602,0.00435297835736725,0.00552255220078328,0.00278127861749582,0.00654235448178952
0.00290163884873805,0.00087553553022633,0.00570208063180684,0.00716206226554442,0.00697352758232646,0.00170220586501962,0.00307914151102054,0.00647278469732777,0.00902570217231566,0.00855485162425585,0.00265484461687813,0.00435727145676837,0.00308040766055022,0.00381666483292724,0.00767001582465493,0.00387865650050202,0.00434374109835821,0.00551580553892443,0.00277966477338713,0.00653919672689926
0.00290137782491192,0.000875647779506479,0.00569662473332744,0.00715638975640805,0.00697577425370056,0.00170576379226883,0.00307958533368138,0.00647615963845688,0.00903298737020329,0.00855750450335044,0.00265618700261552,0.00435685579986716,0.00308211035352776,0.00381407938267942,0.007671501976309,0.00387818135496973,0.00434272820084228,0.0055246745717022,0.0027801008871887,0.00653794571363973
0.00290296010718793,0.00087668811156171,0.0057069060630992,0.00716052679935196,0.00697970438477414,0.00170636875321027,0.00308411438183837,0.00647857076084337,0.00903500381155894,0.00856192937684591,0.00266189756117566,0.00436386235911512,0.00308495910779526,0.00381916516441509,0.0076736632350684,0.00387926866150146,0.00434649961445919,0.00552960264523001,0.00278511083015807,0.0065419054742989
0.00290341762291547,0.000875873865471755,0.0057015313361189,0.00716404066570738,0.00697918255042204,0.00170458804766794,0.00307757198397145,0.00647965811540151,0.00904046508667623,0.00856837163863064,0.00265646739885195,0.00435930653218688,0.00308658316693022,0.00381766099852927,0.00767607315069542,0.00387857016697337,0.00434589451331899,0.00552192810855499,0.00278036560203979,0.00654440500245382
0.00290265594772292,0.000875887588279061,0.00570596128604533,0.00716502231888275,0.00697929530077028,0.00170570684085786,0.00308212072348786,0.00647982784446451,0.00903196520637058,0.00856326187149966,0.00265909333757776,0.00436068222582299,0.00308383108365095,0.00381650929420668,0.00767468174231262,0.00388183996532873,0.00434663751117259,0.005529884810991,0.00278128225670016,0.00654197729557638
0.00290853729318783,0.000876267386102025,0.00570310641149492,0.00716682480731669,0.00698299119226575,0.00170644121797838,0.00307899506977481,0.00647880693082024,0.00903107232708112,0.00857395780559478,0.00265608561931443,0.00436360047312221,0.00308466226145514,0.00381566823682655,0.00768368641204367,0.00387994265924958,0.00434884065352573,0.00552036945972492,0.0027819620386772,0.00654347870567474
0.00290128808101924,0.000875557546308821,0.00570004644979896,0.00716060160086678,0.00697696381913286,0.00170477729284325,0.0030793044678717,0.00647291478787898,0.00902582484201541,0.00855345213840867,0.00265540556444071,0.0043558254473163,0.00308204495487883,0.00381366937091391,0.00767162170084085,0.00387523409493835,0.00434214721177355,0.00552600800690996,0.0027774254370997,0.00653584955856749
0.00290403249372102,0.000876514998126755,0.00570583934421733,0.00716935605688356,0.00697917500310473,0.00170792744361327,0.00308037636030167,0.00648058917552676,0.00903672411843982,0.00856301468328397,0.00265805928610713,0.00435930014709444,0.00308398639288551,0.00381684881749337,0.00767735281455934,0.00388431587685797,0.00435181755731432,0.00552988155117403,0.00278609169517628,0.00654188742929254
0.00290287816405213,0.000876080082667478,0.00570171537937989,0.00716133434745323,0.00697662953554893,0.00170553078245415,0.00307890012203624,0.00647506978505411,0.00902687322621607,0.00855921819392941,0.0026573463068423,0.00435508078260281,0.00308146461965149,0.00381222748425873,0.00766924787687535,0.00387744959370069,0.0043460928996749,0.00552841737785815,0.00278025415270632,0.00653575977401229
0.00290104528912987,0.000875637992620707,0.00570162884918419,0.00715928663377602,0.00697618814204184,0.00170417816058043,0.00307530174518321,0.00647341522323684,0.00902753331355421,0.00855734586177995,0.00265346135214108,0.00435425558703203,0.00308136719743832,0.00381343459855601,0.00767079981838469,0.00387617904488853,0.00434206892262275,0.00551696094950384,0.00277804790170919,0.00653692425405228
0.00290470410885047,0.000875647620887159,0.00570199370020203,0.00716577304669964,0.00697538004017692,0.00170435677673671,0.00307866506488462,0.00647373635026103,0.0090292882507603,0.00855903628161826,0.00265540433563102,0.00435683798658812,0.00308296594880598,0.00381646442924723,0.00767471247391646,0.00387779301150671,0.00434678378932168,0.00552574881456009,0.00277975603705766,0.00654025855153002
0.00290143588439273,0.000875336892934307,0.00569936583103709,0.00715788378418374,0.00697235733335112,0.00170424725515764,0.00308012893176333,0.00647396334596157,0.0090229598585847,0.00855495683258643,0.00265588232221267,0.00435591227762126,0.00308092625537977,0.00381391843060424,0.00766844282393691,0.00387618795366613,0.00434235843657192,0.00552544249834987,0.00277898171791623,0.00653163531476454
0.00290303732087442,0.000876135896777798,0.00570481729432325,0.00716420779212017,0.00697982950227189,0.00170413958620835,0.00307791589777489,0.0064767395264304,0.00902803816651817,0.0085613428415596,0.00265447030134735,0.00435662483391658,0.0030833668585426,0.00381589318419577,0.0076737387344108,0.00387844130260286,0.0043444441325748,0.00551899932827157,0.00278011878805516,0.00654062067130667
0.00290286403248719,0.000876645588372373,0.00570471447436545,0.0071692316750021,0.00698208953226027,0.00170566720248155,0.00307946179643042,0.00648219030759603,0.0090352094639614,0.00856469675290537,0.00265851070252588,0.00436023815449601,0.00308391542561153,0.00381761368350136,0.0076782392819931,0.00387889524838698,0.00434643680399267,0.00553008823747937,0.00278186422565914,0.00654050312210114
0.00290264275716119,0.000875818449487507,0.00570197236140216,0.00716203264800642,0.00697474133788196,0.00170459923398232,0.0030793373355042,0.00647792587310797,0.00902309702025702,0.00855800761638975,0.00265537635923389,0.00436037292895219,0.00308277138592413,0.00381256499636545,0.00767429955090344,0.00387828994266791,0.0043413830454968,0.00552868933989457,0.0027796859630396,0.0065357472873037
0.00290550912873024,0.000875874837064398,0.00570294701366742,0.00716225855868913,0.00698473528366162,0.00170389976570561,0.00307734698453396,0.00647417086391151,0.00902548316445601,0.00855744391518504,0.00265388908073821,0.00435720446786704,0.00308636715272506,0.00381446052220854,0.00767534831002445,0.00387665640653821,0.0043439191751234,0.0055238795599006,0.00278019675329597,0.00653842681971397
0.00290631597473976,0.000876130934139061,0.00570392812110143,0.00716577110904958,0.00698093993438661,0.00170565496803019,0.00307737824517315,0.00647643171763246,0.00904013303867387,0.00856328516930614,0.00265779942311486,0.00436203720692027,0.00308302335340549,0.00381983890211346,0.00767524915660081,0.0038794176315035,0.00434535513955203,0.00551983191867928,0.00278029624979681,0.00654286641312321
0.00290468357685408,0.000876392478314534,0.00570487017343584,0.00716534322559085,0.00698062717219005,0.0017045106719425,0.00307972755283959,0.00648465471975337,0.00903420190433782,0.00856306869868423,0.00265605680914746,0.00435826485915522,0.00308624053655346,0.00381491650396967,0.00767711461781818,0.00387839728417052,0.0043444136513502,0.00552517283401694,0.00277993597102589,0.00654456973560516
0.00290339767444699,0.000875622696092915,0.00570247721467384,0.00715867488684366,0.00698542935706417,0.00170421178293612,0.00308024182020978,0.00648300148342388,0.00903830478159104,0.00857013297560127,0.00265699290427578,0.00435602190942616,0.00308289796866253,0.0038188158273333,0.00767730314468001,0.00388105593677231,0.00434755411348953,0.00551979358992817,0.00278278806017006,0.00653855025959459
0.00290282874287299,0.000875053216511844,0.00569651288572823,0.00715402655848596,0.00697080446295294,0.00170236898588566,0.00307545598697222,0.00647012904588689,0.00902669014148783,0.00854939589244793,0.0026546684736912,0.00435883100750388,0.00308322633914703,0.00381603782627798,0.00766328725795677,0.00387834649101296,0.00434091175596531,0.00551274769215637,0.00278009275466536,0.00654035176452454
0.00289949675986376,0.000874988673313226,0.00569694126853292,0.00715725135630125,0.00697137370786758,0.00170201719452036,0.00307459644915856,0.00647181563491507,0.00902317385958797,0.00855427761401864,0.0026542631890231,0.00435351842638205,0.00308121029331228,0.00381159598049777,0.00766603840482092,0.00387449327849225,0.00434236778541231,0.00551500654670736,0.00277721460992403,0.00653995235145219
0.0029039549587639,0.000875944652137964,0.00570333128691333,0.00716192140984291,0.00698338003508939,0.00170564159341361,0.00308216218052434,0.00648149336284428,0.00903485441670616,0.00856511222928922,0.00265974945633375,0.00436033363498316,0.00308488852678064,0.00381685275351531,0.00767802960795324,0.00387970120154043,0.00434761796309768,0.00552989152642684,0.00278208758114378,0.0065445185821074
0.00289940645012543,0.000875396099987836,0.00569118258313023,0.007160147193004,0.00696323591523282,0.00170016235657862,0.00307071025566336,0.00647388887750124,0.00900559186199914,0.00855310332833755,0.00265329821128521,0.0043529346235834,0.00308366265906953,0.00381316156077146,0.00765672463095078,0.00386989505320916,0.00433624130544386,0.00551616112184586,0.00280740692023545,0.0065258014579703
0.00290338765575656,0.000876335315576645,0.00570353714081586,0.0071681613926088,0.00698169885723792,0.00171402998991114,0.0030817314879262,0.00647728658983754,0.00902984175209628,0.00856370336232438,0.00266212353063438,0.00436036654302546,0.00308416664474154,0.00381569154263237,0.00767284196672335,0.00388231357217701,0.00434402079210626,0.00552196911240651,0.00278132367997041,0.00654281726106774
0.00289997281490243,0.000876168501806955,0.0057020683780758,0.00716572818680687,0.00697938181621039,0.00170429081086006,0.00307862595386969,0.00649017496965994,0.00902708519786783,0.00856009493572461,0.00265594599821605,0.00435513179718158,0.00308404279900816,0.00381525901530196,0.00767613213692369,0.00387992404420005,0.00434371576011201,0.00552342836579871,0.00278049378390282,0.00653980068211465
0.00290377580103546,0.000876110457314304,0.00570748283077429,0.00716750534175276,0.00698342588508449,0.00170533832719406,0.00307854227352725,0.00648091862826938,0.00903547613954106,0.00856811325943202,0.00265584033156711,0.00435973661568599,0.00308496259617567,0.00381771996832258,0.0076787729588755,0.00388136032629451,0.00434909428195626,0.00552105941504324,0.00278122026564438,0.00654490511485481
0.00290047449888813,0.000875695372031382,0.00570104780926833,0.00715962915325656,0.00697671605363768,0.00170324467540374,0.00307584125399647,0.00647427871602744,0.00902162366446012,0.00855921847822851,0.00265291048350435,0.00435543758278002,0.00308196104339984,0.00381311655267167,0.00767035247955476,0.0038812886299425,0.00434752561839898,0.00551873979872198,0.00277817662655309,0.00653835654687552
0.00290447994458038,0.000875870021243255,0.00570259194558354,0.00716491177755729,0.00697777923358859,0.00170511444688591,0.0030799105027712,0.00647530801212299,0.00903167515118206,0.00856065898875096,0.00265740754272173,0.00435991071313256,0.00308189695556103,0.0038184957887729,0.00767851640389443,0.00387858098395862,0.00434799288836718,0.00551979961617914,0.00278082605958692,0.00654132650064626
0.00290063038180473,0.00087559532566484,0.00570019226644966,0.00716119268284207,0.00697399266871024,0.00170369712595344,0.00307502575795431,0.0064723175877012,0.00902683556134986,0.00855689632220167,0.00265292381505525,0.00435444433683259,0.0030818232263864,0.00381311890663589,0.00767042014663058,0.00387880258091144,0.00434062028833095,0.00551607868094126,0.00277751715827622,0.00653625437821953
0.00290074539661024,0.000875318681953887,0.00569617330963071,0.00715470874956802,0.00697737518458637,0.00170270747444637,0.00307353682383129,0.00647277782073725,0.00902152551536143,0.00854922013386504,0.00265184959402118,0.00435603622730334,0.00308122310431467,0.00381428121070545,0.00766886858385564,0.00387470663794474,0.00433941036440512,0.00551732975755306,0.0027763627559521,0.00653309385788787
0.00291188871313968,0.00087625370365743,0.00570610627693269,0.00716744874928316,0.00697947461505345,0.00170491676577633,0.00307814610574308,0.00647844566330199,0.00902887591222295,0.00856229774919958,0.00265618308491604,0.00436007335508466,0.00309026268414645,0.00381797781567449,0.00767642202414119,0.0038853172627166,0.00434817705295982,0.00552117962468881,0.00278540163325539,0.00655359475081524
0.00290507740239039,0.000875653067757395,0.00570004179493461,0.00716140503197573,0.00697554614941989,0.0017038996306405,0.00307777572789422,0.00647588467341459,0.0090325716325538,0.00855927122814661,0.00265525864828392,0.00435974958357435,0.00308438372458203,0.00381468896633111,0.00767191848157463,0.00387660709219255,0.00434204439413199,0.00552377170564764,0.00277900934674686,0.0065403489037908
0.00290269899121249,0.000874926647093645,0.00569894643146897,0.007155458563181,0.00697218631847951,0.00170176588774293,0.0030744440844276,0.00646789579197909,0.00901699541641572,0.00854819021999856,0.00265205146487246,0.00435328842623056,0.0030811784457293,0.00381267180058408,0.00766320437519943,0.00387461237974326,0.00433943209376646,0.00551464032602393,0.00277637834654219,0.00653206654624199
0.00290584462291705,0.000876843312317614,0.00570708411018004,0.00716856280847469,0.00698566794494808,0.00170656861532841,0.00308137783130272,0.00648236164027986,0.0090363302361768,0.00856535895246048,0.00265919168870596,0.00436091554469792,0.00308498992311504,0.00381782102474368,0.00767969615854507,0.00388084854127022,0.00435173907808377,0.0055314808625863,0.00278295257352526,0.00654765779874704
0.00290521781957964,0.000876612142857495,0.00570308842449439,0.00716613908863172,0.00698592910424369,0.00170641184715853,0.00308287237983044,0.0064818328787355,0.00903613603011935,0.00856539495808224,0.00266061985244417,0.00436283238933203,0.00308620683321312,0.003818684001815,0.00767802139810806,0.00388206892483289,0.00434751230213104,0.00553246032169254,0.00278283709742558,0.00654578525443131
0.00290265587728655,0.000874884797259502,0.00569651824768765,0.00715537701251427,0.00697184422905434,0.00170398395539652,0.00307380041267434,0.00647091393192587,0.00902119146083478,0.00854896177008653,0.00265352330485288,0.00435245228672414,0.00308005066404324,0.00381363053037159,0.0076703269688307,0.00387619649759753,0.00433908739667152,0.00551775359217785,0.00277570084522643,0.00653822486721682
0.00290619519175915,0.000875075069347249,0.00569806303495923,0.0071625235421898,0.006978200054634,0.00170598176935062,0.00307552041122384,0.00647249880313222,0.00903606832629815,0.00856165553702423,0.00265770860273682,0.00435337637529665,0.00308476536152186,0.00382079901386405,0.00767094079609097,0.00388034556500497,0.00434606325737543,0.00551315706037128,0.00277967400879973,0.00654238950839322
0.00290399500582443,0.000874912258069504,0.00569522536868904,0.00715248036698984,0.00696922569459838,0.00170472989000433,0.00308213503088252,0.00646651296537841,0.00901586545123755,0.00854814853489927,0.00266006016621683,0.00435687718998662,0.00309063156933102,0.00381060831393494,0.00766364519382399,0.00387963494205468,0.00435052342466793,0.00551360779482409,0.00278917506905165,0.00653291938762867
0.0029034332940246,0.000876255439815835,0.00570515080496594,0.00715962724983052,0.00698064599836744,0.00170500898690009,0.00307761937451022,0.00647942205985834,0.00903115821010148,0.00856286212837215,0.00265727257244074,0.00435961479686974,0.00308338267738379,0.003814128776511,0.00767542183547733,0.00387906767913067,0.00434474821426229,0.00552888454643259,0.00278101091739602,0.00654320736536702
0.00290163030532025,0.000875652600177407,0.00569752304005103,0.00716090325348648,0.00697033367322605,0.00170408632968898,0.00307814211253814,0.00647509541009499,0.00902603156600201,0.0085547884701992,0.00265562898400853,0.00435430340017123,0.00308147636634174,0.00381349173513575,0.00766942447750018,0.00387542908761945,0.00434117106219806,0.00552534268591305,0.00277855844076075,0.00653809064684686
0.00290208882451317,0.000875322913876626,0.00569557528003026,0.00715781801516737,0.00696846624218199,0.00170246985096906,0.0030748054740902,0.00647127227832939,0.0090216259095272,0.00855655678972332,0.00265299589046735,0.00435502191987526,0.00308124303581027,0.00381354195875811,0.00767065356586847,0.00387457925040872,0.00434050044870465,0.00551155379238647,0.002781070117903,0.00654302866646398
0.00290584800531244,0.000876096928365464,0.0057055536959916,0.00716585699598579,0.00698193664503414,0.00170706333458455,0.00307872738970438,0.00648377253002794,0.00903568663990204,0.00856514169311713,0.00265642653007275,0.00436186908793562,0.00308373286552773,0.00381768221198817,0.00767573171975892,0.00387953727693335,0.00434667912057051,0.00552109713091858,0.00278302857345258,0.006544340384611
0.00289952079194153,0.000875622483495939,0.00569626174056546,0.00716692893226498,0.00697849854609687,0.00170574023821091,0.00307881715986977,0.00651186134305291,0.0090257059839663,0.00856230314715063,0.00266084005250043,0.00435686565017983,0.00308498220539845,0.00381511428599141,0.00767076805377916,0.00387939169897502,0.00434335050769583,0.00552399260371465,0.00278081204733154,0.00653840436974119
0.00290693873474941,0.000876352329331584,0.00570784357221987,0.00716900348277231,0.00698134556197529,0.0017052570776106,0.00307864255724705,0.00651446964680725,0.00903232741865584,0.00856533690951132,0.0026564211467623,0.00436120491425785,0.00310191829249881,0.0038189547631123,0.00771766044193489,0.00388269247690486,0.00434660326630436,0.0055218749810442,0.00278185117363441,0.00657971382065821
0.00290943237301604,0.000875679307277571,0.00570409402169505,0.00715995606028356,0.00697974768838991,0.00170476284428329,0.0030816350603377,0.00647759090015817,0.00903063546726011,0.00856657231134225,0.0026546686974841,0.00435677607257502,0.0030844583067481,0.00381739535099251,0.00767509823661457,0.00388205808871369,0.00434808411300942,0.00551674742582249,0.00278331269215426,0.0065484226190258
0.00290374512808505,0.000876431309475081,0.00570257147372274,0.00716562861435571,0.00698404629600705,0.00170546777194548,0.0030809514212722,0.00648430235901299,0.00908253209232936,0.00856544605017057,0.0026585917965849,0.00435959220806223,0.00308416648916323,0.00381521734189909,0.00767563006233905,0.00387961759432544,0.00434613919247418,0.0055302492815835,0.00278157722529884,0.00654249282203577
0.00290577702137814,0.000875808645791259,0.00570180384840542,0.0071615599575368,0.00697726655746183,0.00170549506724517,0.00307745616291602,0.00647658662931218,0.00902850787693257,0.00855676187209714,0.00265831626557482,0.00435571203173985,0.00308322315711352,0.00381373620151959,0.00767363725143261,0.00388486757798248,0.00434445165220359,0.00551993484523405,0.00278215251426151,0.0065373259392227
0.00290485794707914,0.000876578914023993,0.00570480421891861,0.00716771848816863,0.0069771135487812,0.00170630187109452,0.00308312405657903,0.00648161126870669,0.0090282514328701,0.00855756757411077,0.00265792500834347,0.0043586668391708,0.00308425823518949,0.0038191950067311,0.00767732796586687,0.00388178212908248,0.00434816715719337,0.00552965614054533,0.00278196823579848,0.00654259245275452
0.00290475008863451,0.000876228634908821,0.00570370527357909,0.00716844840922114,0.00697984486745415,0.00170636178950022,0.00307979186470222,0.00647939650403534,0.00903549100411997,0.00856142013677009,0.00265804032545722,0.00435760990410472,0.0030836503203096,0.00381471202109401,0.00767635737150951,0.00387908608548721,0.00434743508893712,0.00552812465705384,0.00278184301199827,0.00654456014148376
0.00290330219957224,0.000875654330223567,0.00570124963308815,0.00716293984471102,0.00697912847172191,0.00170532377629335,0.00307923476632386,0.00647657364550088,0.00902890974913436,0.00856375390726462,0.00265764582882961,0.0043563055368106,0.00308254547344077,0.00381729499072217,0.0076746014276242,0.0038816730221089,0.00434346747268889,0.00552444308159064,0.0027810228952401,0.00653889900087402
0.00290315304508687,0.000876055477182109,0.00570333782813149,0.00716352665061148,0.00698063459594589,0.00170437212285092,0.00307933363737166,0.00647573886072378,0.00903103993673131,0.00856061303685702,0.00265548028153928,0.00435895836170514,0.00308257768323577,0.00381636956434059,0.00767587103985176,0.00387928512916456,0.00434487269128046,0.00552830267873305,0.00277931241611509,0.00654143618631876
0.00290502214759035,0.000875205634666814,0.00570038519535706,0.00715635537343622,0.00697190555407039,0.00170356662751446,0.00307398469186481,0.00647086110147141,0.00902600007154111,0.00855643575895468,0.00265289202470985,0.0043554171717046,0.0030854804110707,0.0038188200997341,0.00766708673741675,0.00388069014889475,0.0043400038167284,0.00551609557593408,0.00277868241228937,0.00653390954568042
0.00290536124068916,0.000876136066703261,0.00570088514623289,0.00716506628719659,0.00697942785436689,0.00171047808648418,0.00307860794495971,0.00647447267765575,0.00902820407957617,0.00856869795391746,0.00266542897990783,0.00435614878242382,0.00309555317569561,0.00381899131507333,0.00767185947936597,0.0038845659830157,0.00434538521490701,0.00551965549247243,0.00279266025637855,0.0065395706566863
0.00290196427455288,0.000875434356454353,0.00569989292395127,0.00715881825441489,0.00697471187122287,0.00170397379157187,0.00307663359113201,0.00647348463048743,0.00902338115074268,0.00855746215732067,0.00265489939416881,0.00435435110147615,0.00308125876419968,0.00381194288520836,0.00766864769195284,0.0038769598329235,0.00434351526579056,0.00552315127705421,0.00277877890404486,0.00653565416430292
0.00290722088958737,0.000875791985493346,0.00570148595233684,0.00716040793953249,0.00697791097297921,0.0017048040397524,0.0030798373844837,0.00648200803878894,0.00903212989113994,0.00857130850200252,0.00265549612643777,0.00435659040555342,0.00308308084635905,0.00381671469040599,0.00767135901372143,0.00388049418157691,0.00434514929272376,0.00552156185316829,0.0027849460172065,0.0065456242165902
0.00290553839831863,0.000876692035852515,0.00570155251835261,0.00716067421427949,0.0069819135643361,0.00170425631466564,0.00307935872290834,0.00648101959112555,0.00902258896013622,0.00856161450522209,0.00265620925227976,0.00436099515352894,0.00308458750129648,0.00381636398697408,0.00766965775720105,0.00388481338783116,0.00434517266915771,0.00552384711577051,0.0027800994120084,0.00654215005839421
0.00290493390091063,0.00087544454365727,0.00570071123332197,0.00715963023335555,0.0069788160030139,0.00170412364261824,0.00307544875789439,0.00648223550908276,0.00902743759934656,0.00856184230148185,0.00265817565151386,0.00436095760520711,0.0030804202623604,0.00381535571194776,0.0076841918025838,0.00387552240180265,0.00434186655582335,0.00551501449018671,0.00277952588110384,0.00653888706908579
0.00290492956914746,0.00087612700497218,0.00570221712094334,0.00716937192896217,0.00698387570484486,0.00170603186172058,0.00308082353043372,0.00648094753270767,0.00903988841960151,0.00856457613304241,0.00265851664440265,0.00435913122773454,0.00308422094801241,0.0038190193960205,0.00767734012806002,0.00388393726202161,0.00434682077534971,0.00553561693023887,0.00278239264569811,0.00654427221383551
0.00290129229545769,0.000875606432587732,0.00570049249317977,0.0071626053505363,0.00697459254452549,0.00170351234558226,0.00308203308344702,0.00647376286466359,0.00902367439738941,0.00856478461201481,0.00265290258495154,0.00435582771189738,0.00308803624844602,0.00381288065988169,0.00768898399984786,0.00387589422405128,0.00434137325918788,0.00553086712799084,0.00278414757325235,0.00653720448650194
0.0029022367877931,0.000875372037406989,0.00570240458292969,0.00715601884966173,0.00697902878614502,0.00170163911801388,0.00307743768829448,0.0064758656663332,0.009030356103151,0.00855638776502757,0.00265181326149522,0.00435801345837932,0.00308303106147514,0.00381205768052658,0.00767299200080152,0.00387868981235805,0.00434373982894668,0.00551552083309401,0.00277876136654159,0.00653929223015077
0.00289918357803819,0.000874762148209233,0.00569540951493649,0.00715898101426093,0.0069735675513011,0.00170264232789696,0.00307614970372269,0.00647197274369742,0.00902014686718462,0.00855120678853384,0.00265361190285073,0.00435441980773784,0.00308049070273616,0.00381119425619404,0.00767160870935349,0.00387719046315758,0.00434438716268731,0.00552048702022266,0.00277721931643395,0.00653328363554689
0.00290411771753934,0.000875428513431229,0.00570080201025593,0.00716260528483382,0.00697593374708673,0.00170372528526721,0.00308112482512986,0.00647536292366577,0.0090293560168585,0.00855700224833739,0.00265524463921327,0.00435887800115079,0.00308178528133462,0.00381227978348706,0.00767358796309712,0.00387670629098038,0.00434376731079011,0.0055217568138867,0.00277903413246614,0.00653829609761304
0.00290503441208548,0.000875916937923294,0.00570180823365838,0.00716372353907712,0.00698322181027286,0.00170919292710594,0.00307716444364709,0.00648246210198443,0.00903892418821648,0.00855684689929359,0.00265437904616378,0.00435535733656222,0.00308360142218344,0.00381393897177525,0.00767065246438862,0.00388193487156499,0.00434372134806326,0.00552101739610994,0.00277871958575773,0.00654215390152643
0.00290973740885354,0.000875905100679335,0.00570611852411102,0.00716644077531726,0.00698113409835044,0.0017040453971072,0.00307745315886066,0.00647811848454977,0.00903658194868136,0.00856727413804013,0.0026558984900655,0.00436517791080733,0.00308744309177019,0.00381697874912788,0.00767694167223624,0.00387758737550629,0.00434532464390471,0.00552194283684775,0.00278075111575697,0.00654087053740682
0.00290637361789171,0.000876202035661877,0.005704915916719,0.00716828303267095,0.00698148636574879,0.00170611130390955,0.00307836500585069,0.00647952328851387,0.00903404572557492,0.00857162368841336,0.00265907296069152,0.00436017441716416,0.00308803406396394,0.00381670813126515,0.00767770225575401,0.00388306701190296,0.00434511232664444,0.00552083510303746,0.00278170282283949,0.00654823708001908
0.00290200741326496,0.000875752093764038,0.00570168609855749,0.00716229027422363,0.00697747367201805,0.00170381917042745,0.00307569434411655,0.00647192040019157,0.00903721444102069,0.00854750445308243,0.00265426301037128,0.00435064520890278,0.00308003517532519,0.00381700833099117,0.00767273499857054,0.00387336374650985,0.00434725018330337,0.00552084992169769,0.00277785439740823,0.00654554630524309
0.00290430359652119,0.000875801919914085,0.00570201234375805,0.00716516526708991,0.00697817116793861,0.00170370049170823,0.00307889860020834,0.00648068257174771,0.00903083927636316,0.00855904248435288,0.00265537110078061,0.00436137492593861,0.00308646626300904,0.00381855838748119,0.0076769122140078,0.00387774915099256,0.00434656612806365,0.00552148878795426,0.00278174940633815,0.00654333574643571
0.00290494417647257,0.000875879659283175,0.00570358565153237,0.00716448727931191,0.00697789723580705,0.00170446029109494,0.00308075601495669,0.00647776866093599,0.00902873695962545,0.00856183232784597,0.00265318761160354,0.00436011719401017,0.00308436805532673,0.0038155632738175,0.00767543135336351,0.00388000424536556,0.00434385385148557,0.00551921822735208,0.00277929643386461,0.0065403524369817
0.00290490720562161,0.00087626263865975,0.00570531448651758,0.00716219422780868,0.006984507763618,0.00170565617572223,0.00308242443943857,0.00647881152502083,0.0090323489393015,0.00856440601290121,0.00265731253305329,0.00435832645711789,0.00308419673214302,0.00381675253434478,0.00767959560813261,0.00387675289055403,0.0043464465265498,0.00552714817611607,0.00278108836608243,0.00654694706179811
0.0029026807064701,0.000876383445031915,0.00570593062634187,0.00716701696079725,0.0069825239910857,0.00170691216530784,0.00308255666259569,0.00648061329743094,0.00903422347857486,0.00856403688880541,0.00265773646550109,0.00435894047685608,0.00308614147379588,0.00381821548107093,0.00767651870680166,0.00388272185431457,0.00434800631307663,0.00553122334339112,0.00277938233955318,0.00654320102716784
0.00290395678997435,0.000876786042825779,0.005706144173118,0.00717126163852158,0.00698427437024162,0.00170482114255882,0.00307783473735825,0.00647749969350921,0.00903379015209545,0.00857903021782953,0.00265577804929197,0.00435985025032291,0.00308379868660695,0.00381668498908268,0.0076755834814106,0.00388059334661303,0.00434410399508589,0.00552243194566974,0.00278143071848157,0.00654408646447493
0.00290366168152088,0.000875139905381705,0.00569762793928719,0.00715725884916466,0.00697894113166861,0.00170461789330399,0.0030836638931675,0.00647400183921767,0.00903138338709968,0.00855710027580202,0.00265778484178816,0.00435873122469234,0.00308242588653226,0.00381477700277101,0.00766605995572555,0.00387826532421062,0.00434073163265934,0.00551796389579142,0.00278054960010068,0.00653333423529525
0.00290847139591897,0.000875710320281968,0.00570278769493398,0.00716355940328966,0.00697918175255953,0.00170740935512219,0.00308200184224524,0.0064777275593491,0.00904165271750389,0.00855761052941771,0.00265928963956695,0.00435666558795415,0.00308798800862048,0.00381566963500046,0.0076747692390369,0.00387778361366431,0.00434364112926302,0.00551966986451717,0.00277942286273094,0.00653955476957219
0.00290477318765974,0.000875715056867535,0.00570072952748071,0.00716100590044586,0.00697526707803562,0.00170393057433118,0.00307589943513082,0.00648201949342604,0.00902719005835697,0.00855821962506667,0.00265390546180599,0.00435632505915852,0.00308238551108537,0.0038150273473621,0.00767094510371689,0.00388185120188543,0.0043474372360706,0.00552481233870348,0.00278270217565122,0.00654634357449312
0.00290474831928139,0.000876215213961185,0.00570279181852634,0.00716337494737722,0.00698006121607003,0.00170455615532679,0.00307689490978065,0.00648133893233443,0.00903674641943035,0.00856480272777615,0.00265734618075104,0.00435763753104695,0.00308415424396828,0.00381594510474747,0.00767283731443934,0.0038772315444038,0.00434694103670478,0.00552507923018327,0.00278214561001205,0.00654219483826395
0.00290464850121086,0.000875780930677488,0.00570270008643939,0.00716260973223909,0.00697964691442732,0.00170315045797485,0.00307724287425594,0.00648026563809306,0.00903056995706671,0.00856134155287993,0.00265490442356733,0.00436030192058812,0.0030860922903852,0.00381902668545899,0.0076701910099194,0.00387676948866285,0.00434265834344172,0.00552209843077612,0.00277984006466772,0.00653628968234976
0.00290153913489486,0.000878460664655071,0.00570443841092944,0.00716829221659311,0.00698224935451715,0.00170468721995373,0.00307931667178102,0.00647819867048523,0.00903062192640179,0.00855988387415118,0.00265589583118968,0.00435861804947857,0.00308373451745075,0.0038149844132896,0.00767559429655326,0.00387911449904504,0.00434527478734272,0.00552787345267222,0.00277946576629236,0.00654264670842749
0.00290395993340169,0.000876437286259644,0.00570727385808091,0.00716729245042079,0.00698414159466036,0.00170558830097108,0.00308049499336214,0.00648207305181304,0.00902888438909543,0.00856450252947827,0.00265832522747303,0.00435889935818699,0.00308506136391962,0.00381658281386748,0.00767749735819142,0.00388017899039019,0.00434634782546038,0.00553192090959219,0.00278075397734963,0.0065432518103958
0.00290772418125342,0.000877114821477011,0.00570257038554422,0.00716732025480592,0.00698057451164704,0.0017056370547352,0.00307946883821867,0.00648172846353811,0.00903172535624592,0.0085704342807586,0.00265653278616588,0.00436430090206204,0.00308439913399481,0.00382151438505543,0.00767561621467095,0.00388003521176032,0.00434582737951739,0.00552836933067467,0.00278045288434247,0.00654373801486206
0.00290159611366976,0.00087595752304952,0.00570608563414358,0.00716691259923859,0.00697626747423043,0.00170561401067855,0.00307806177242598,0.0064788764621038,0.00902833139992992,0.00856406418807171,0.00265587323297927,0.00435471195218725,0.00308708706406106,0.00381685033414157,0.00767380864016035,0.00387770145113514,0.00434369786816734,0.00551652168523911,0.00278116019853904,0.0065403826566197
0.00290201894155375,0.000875637552496862,0.00569710051370289,0.0071618933042029,0.00697735476652385,0.0017048524376452,0.00307961852473889,0.00647602471845525,0.00902884565912544,0.00855773557871529,0.00265671742263076,0.00435693913514543,0.00308171858729213,0.00381388010715463,0.00766702840228613,0.00387823047240857,0.00434226647544332,0.00552614526592297,0.00277978801844868,0.00653755117979764
0.00290783984610221,0.000876439856803146,0.00570549415940326,0.00716717156651626,0.00697757180098119,0.00170543742834693,0.00308079440185799,0.0064819554153165,0.00903236674191009,0.00856201474132526,0.0026582445074828,0.00435968469834403,0.00308445442068921,0.0038161844326191,0.00767819286685209,0.00387998350808363,0.00434561798486492,0.00552857758554856,0.00278100466563979,0.00654145565760756
0.00290360049383266,0.00087592357357976,0.0057055629698321,0.00716637039583482,0.00697864628465167,0.00170577572083337,0.00307764710350308,0.00647747768784909,0.00902978890239952,0.00856246741440958,0.00265696760098754,0.00435643592509453,0.00308651423822118,0.00381579146513495,0.00767515314441669,0.003878678994414,0.00434852463599072,0.00551932881664719,0.00277964934676296,0.00654227182623755
0.00290173314174896,0.000875683150341382,0.00570085847988502,0.00716099123518747,0.00697518700559075,0.0017046751275471,0.00307976354688221,0.00647698743791004,0.00902720845870124,0.00855610825251966,0.00265724281037983,0.00435791661098688,0.00308301777014299,0.00381335149164762,0.00767024234430619,0.00387787853171792,0.00434393528293684,0.00552524891444809,0.00278089901103088,0.00653714306004112
0.00290302442909184,0.000876365836337784,0.0057048624411051,0.0071658996162815,0.00698201509077072,0.00170614534151902,0.0030807182623853,0.00648260511724382,0.0090373936154677,0.00856298506951327,0.00265851719121743,0.00435942682630655,0.00308422671717534,0.00381693585022943,0.00767558449001996,0.00387888719274557,0.00434628694101736,0.00552969850505093,0.0027809606161077,0.00654252821272126
0.00290849469418341,0.000877373095795493,0.00570799027166602,0.00717079955714663,0.00698322401033874,0.00170689153505002,0.0030834623735685,0.00648220947968685,0.00903747891292062,0.00856837840511263,0.00265801573302187,0.00436431826465818,0.00308877460818437,0.00381951405703797,0.00768577290537928,0.00388188626050687,0.00435177193298598,0.0055267003244535,0.00278246798233645,0.00655267921177147
0.00290360194163836,0.000876378964715404,0.00570586654339492,0.00716923409922254,0.00697814351812834,0.00170624520279754,0.00308191352348134,0.00648361030045176,0.00903347818888859,0.00856550708653176,0.00265944641638813,0.00436083014111158,0.00308480830854365,0.00381469405346133,0.00767868506495602,0.0038809757029488,0.00434864118944997,0.0055300451435278,0.00278000735678155,0.00654337883247157
0.00290348339067555,0.000875582017223734,0.00569917782475299,0.00715859318892723,0.00697383145728247,0.00170268233595675,0.00307594869395141,0.00646790820750689,0.00903590848945964,0.00855408951462461,0.00265233846620532,0.00435368442367281,0.00308154434232574,0.00381397483515147,0.00766851701183906,0.00387915162886992,0.00434198627755032,0.00551403298705306,0.00277796435679411,0.00653476680221095
0.00290191626728215,0.000875279582919704,0.0056967492425121,0.00715864759303507,0.00697277115141909,0.00170210114378709,0.00307502686631548,0.00647177056201091,0.00902386592066928,0.00855493237566194,0.00265186832764431,0.00435290472579387,0.00308798364726648,0.00381343294959803,0.00766946040262343,0.00387474042115339,0.00433965728750268,0.00551525109724053,0.0027847819361208,0.00653639802937779
0.0029045668525063,0.000875697937115066,0.00570285798466264,0.00716434373193853,0.00697477072405365,0.00170358813431368,0.00307730626899928,0.00648152125573706,0.00902498406619875,0.0085569102298466,0.00265343092206253,0.00435777227568219,0.00308164927328016,0.00381342594604825,0.0076724073840459,0.00387706994779466,0.00434201419522767,0.00551886240549083,0.00277875469710972,0.00653679195035303
0.00290190072316732,0.000875808565624707,0.00570640571334967,0.00716381777670773,0.0069778066910868,0.0017037343772608,0.00307633917396385,0.00647465733215424,0.00902592797093836,0.00855891443710137,0.00265362290300547,0.00435587975929795,0.00308293434906217,0.00381436932650019,0.00767177608886549,0.00387709221621317,0.00434328204556171,0.00551827811857413,0.0027788552828286,0.00654035630528164
0.00290531142983995,0.000876097247570317,0.00570659986310033,0.00716450680445907,0.00697944888980962,0.00170565350166967,0.00307825978697324,0.0064759781737591,0.00903083103451677,0.00856216358205506,0.00265716151498696,0.00435746817201626,0.00308383485591338,0.0038147152067071,0.00767838116807418,0.00387722565726246,0.00434622529940233,0.00552025888847286,0.00278094181533046,0.00653896532396738
0.0028993596373841,0.000875367832735812,0.00569651351776911,0.0071550479992753,0.00697412796104061,0.00170407676972211,0.00307945698622297,0.00647204159209224,0.00902741646962431,0.00855776374292889,0.00265703833730758,0.00435784081163517,0.00308348207036571,0.00381090992350698,0.00766980511245158,0.00387692125815587,0.00433979126699799,0.00552875434380844,0.00277802353737313,0.0065326461187735
0.00289934113243668,0.000874880768990666,0.00569881063166193,0.00715458517962678,0.00697302619213092,0.00170223560413709,0.00307397800014997,0.00646868054259729,0.00901782179006332,0.00855061460824743,0.00265120693622056,0.00435324133922556,0.00308036881082649,0.0038106766087943,0.00766514929322916,0.0038732594986722,0.00433732206065563,0.00551423986274707,0.00277514807555892,0.0065347484822554
0.00290709805716239,0.000876602278105216,0.00570509028546611,0.00716613334165829,0.00698283262377129,0.00170598568151054,0.0030808424463143,0.00647896789253343,0.00903439637983101,0.00856086701132797,0.00265921222941803,0.00436075076757018,0.00308383057449556,0.00381743509292915,0.00767526169755815,0.00388078409634301,0.00434805819980028,0.0055329927789541,0.00278070849792328,0.0065439553577024
0.00290472012143204,0.000876138282782438,0.00570691892243618,0.00716869627489241,0.00698169013923641,0.0017062060411718,0.00308169696380451,0.00648116174758477,0.00903513254972277,0.00856305649706801,0.00265775291757481,0.00436008692884383,0.00308492026686022,0.00381649755343699,0.00767805337951453,0.00387963163095467,0.00434458762665244,0.00553077728207558,0.00278265615977538,0.00654335200896385
0.00290283719167696,0.000876433335927657,0.00570282689243411,0.00716723669125642,0.00697892899733287,0.00170414518485073,0.00307888524910586,0.00647638815048279,0.00902688476705634,0.00856076588606824,0.00265464456339818,0.00435615313502271,0.00308337984300135,0.00381502573051856,0.00767289870710707,0.0038782752139666,0.00434346901499565,0.00552064486780631,0.00278117291857751,0.0065418887562781
0.00290491561933209,0.000876431082409576,0.00570549685834356,0.0071649376887667,0.00698137574279527,0.00170378767740434,0.00307940995712982,0.00648237963051561,0.00903580682220296,0.00857219739631694,0.00265540662071205,0.00436149782083063,0.003083581382206,0.0038176322608042,0.00767682931265871,0.00388435008775224,0.00434638310122632,0.00551915041782148,0.00278260972249167,0.00654504296539962
0.00290318207396641,0.000875809338546971,0.00570200573019121,0.00716546963314339,0.00697804352926911,0.00170630568919983,0.00307649964590969,0.00647861911458104,0.00903032118078419,0.00855940461748703,0.00265774132105118,0.00435699725401878,0.00308717710812143,0.00381881586383837,0.00767307569134198,0.00387807209201994,0.00435009372875979,0.0055181104778042,0.0027800763080988,0.00654416218318063
0.0029002976105823,0.000875323663284273,0.00570208099752215,0.00715443104456441,0.00697360475889132,0.00170351011027595,0.00307878454725314,0.00647120891287457,0.00902671674414413,0.0085525247434595,0.00265379709050362,0.00435372066685272,0.00308140800696855,0.0038132447198238,0.00767152655827877,0.00387603484356618,0.00434016457280665,0.00552038876726043,0.00277785764986732,0.00653690199417102
0.00290513353459507,0.000875861218462029,0.0056974678365373,0.00715795809880935,0.00697399142987777,0.00170596715069774,0.00308003884356795,0.00648371688853431,0.00902592191890118,0.00855630066669355,0.00265329163176203,0.00436111088431632,0.00308173108956817,0.00382121630234788,0.00768347176115882,0.00388127709061794,0.00434067488287217,0.00551685581215485,0.00277973118525292,0.00653862395731037
0.00290766391484551,0.000876060175562689,0.00570544405644395,0.0071658784709901,0.00698117823537479,0.00170505604204804,0.00308166841212882,0.00648012950586746,0.00903503707651335,0.00856471546026933,0.00265684497080692,0.00436250906980791,0.00308650499708973,0.00381673844632957,0.00767576695280698,0.00387980895588635,0.00434865232909672,0.00552388567110959,0.00278085584360796,0.00654885672668228
0.00290444067984299,0.000875829969504306,0.0057005723379299,0.00716019569047626,0.00697404353921653,0.00170492014607427,0.00307568734121308,0.00647427773809653,0.00903935975660135,0.00856034145671466,0.00265779501304667,0.0043549608494468,0.00308570652736682,0.00381477321727028,0.0076737905672028,0.00387800550198026,0.00434315929067364,0.00552158604029017,0.00278137360045469,0.00653717769166478
0.00290141838111552,0.000875302597274658,0.00569619505347528,0.0071611541743252,0.00697058969886615,0.0017024715709397,0.00307712693453734,0.00647006386282651,0.00902671069553016,0.00855684043590624,0.00265499195527591,0.00435466889918241,0.00308109176526185,0.00381399874168878,0.00767879210765715,0.00387805631322785,0.00434032555321759,0.00551952429988651,0.00277815840824675,0.00653465329547447
0.00290586368387994,0.000876456069514486,0.00570726865082098,0.00716543297777671,0.00698167756401343,0.00171784078994693,0.00309026963557783,0.00647960604814898,0.00904282140757667,0.00856399926860253,0.00265851966081354,0.00437155681228494,0.00308349219715532,0.00382759367969801,0.00767662476856813,0.00389174275355643,0.00435826139281341,0.00552628860897751,0.00280230207980466,0.00654244284924957
0.00290372219400236,0.00087569638787754,0.00570113424734855,0.00716025518368134,0.00697700723448524,0.00170296138505543,0.00307565590653597,0.0064738981359766,0.00902629900333971,0.00855593455138285,0.00265375864679725,0.00435521238732537,0.00308488193922581,0.00381430261608057,0.00767151531369181,0.00387580695917258,0.00434269864477634,0.00552260055358625,0.00278073175615923,0.00654372075089186
0.00290534071276516,0.000875757346085422,0.00570165939862232,0.00716220400146209,0.00697701902796389,0.00170465861550032,0.00307725137707633,0.006475604097743,0.00902610555444251,0.00855765688893336,0.00265481835458756,0.00435841851938081,0.00308225878987954,0.00381578284273284,0.00767210093295739,0.00387665234246316,0.00434515332400797,0.0055219808650236,0.00277975201222685,0.00653717904645477
0.00290648076972374,0.000876399870100779,0.00571015103650461,0.00716894144552137,0.00698091346626906,0.00170469413509808,0.00308135370297601,0.00648092424561665,0.00904354718046496,0.0085664531684086,0.00265546071912104,0.00436253266033639,0.00308512404634911,0.0038170956497328,0.00768371939969879,0.00388216724630277,0.00434965219208774,0.00552835404457224,0.00278345146732948,0.00654986134871055
0.00290755714160802,0.000875979580818714,0.00570244397251355,0.00716490083146324,0.00697960433865249,0.00170399063461078,0.00308417477298261,0.00647517584093224,0.00902576771381609,0.00856868464188201,0.00265499020898703,0.00435666090040129,0.00308654020779302,0.00381479169765799,0.00767665443755816,0.00388135395204287,0.00434472659826184,0.00552168625784134,0.00278467729254435,0.00654567196139957
0.00289836825037791,0.000874746099085623,0.00569718202369142,0.00715519408411236,0.00696628350065562,0.00170198402088691,0.00307340068676098,0.00647565496721719,0.00901500408201302,0.0085519910658411,0.00265138577851048,0.00435393801557775,0.00308035480571309,0.00381115407816194,0.00766418703238624,0.00387358206733284,0.00434476979814076,0.0055111583170511,0.00277854543494621,0.00653586296697829
0.00290898019350462,0.000876311024565396,0.00570478181215465,0.00716566895285128,0.00698694687568391,0.00170592493352804,0.00308025803421467,0.00647806977360423,0.00903281267073599,0.0085714476556811,0.0026596850817374,0.00436096202507351,0.00308411923181214,0.00382295634538148,0.00767501533834862,0.00388558335836429,0.00435147674478269,0.00552071722856613,0.00278508251993884,0.00654289363993
0.00290407789682604,0.000875542452308101,0.00570281251916547,0.00716481560196286,0.00697263162433815,0.00170465840642876,0.00308142791490949,0.00647672783108863,0.00903391126885801,0.00856161942835523,0.00265600996878717,0.00435891964171401,0.00308436641494301,0.00381595619949659,0.0076757627680804,0.00387967507718727,0.0043447368196799,0.00552352597456583,0.00277983389684111,0.00654189307510856
0.00290605009726842,0.000875982222264038,0.00570504064693017,0.0071631831214121,0.00698199379605434,0.00170614816074442,0.00307861640435921,0.00647891244614251,0.00903459683482224,0.00856119445235731,0.00265666888369994,0.00435684452039259,0.00308288609366587,0.00381580710975663,0.00767671249892921,0.00387843568150933,0.00434393596748463,0.0055265122256673,0.00278007926811853,0.00654418807828016
0.00290337163308195,0.000876617865421379,0.00570817445990839,0.00716854120802755,0.00698294206523227,0.00170663187980385,0.00308171886498935,0.00648405608929455,0.00903557525096168,0.00856504996213887,0.00266051858295816,0.00435956037872847,0.0030858711316103,0.00381775222901079,0.00767909684684126,0.00387876304767489,0.00434699803319686,0.00552970152528427,0.00278130871635462,0.00654274759846453
0.00290100534032677,0.000875172452487486,0.00569941036584647,0.00715766438015,0.00697141248141289,0.00170272255701979,0.00307359915650511,0.00647088395084033,0.00902221736077702,0.00855165153339828,0.00265241379742564,0.00435426728662303,0.00308091479586604,0.00381086514604813,0.00767078398546265,0.00387590908390689,0.00434133668785338,0.0055159863501657,0.00277775640190671,0.00653373037670229
0.00290225358591013,0.00087590490282402,0.00570229863725943,0.0071633039647797,0.00697993152696669,0.00170527799440422,0.00308214821832187,0.00647560121779223,0.00902933696944117,0.00855870188897047,0.00265849165627558,0.00435628519314513,0.0030842315428708,0.00381691144172104,0.00767100329643088,0.00387998446791296,0.00434374654144465,0.00552839091820732,0.00278013181872301,0.00653982732932189
0.0029043776214227,0.000876058493733441,0.00570113283235755,0.00716302418314537,0.00697964881784229,0.00170463835274546,0.00307663524566862,0.00647965881409883,0.00902830274501789,0.00856277584301627,0.00265408715957232,0.00435858949807236,0.00308339334208029,0.00381469739744458,0.00767778538799346,0.00387885468914728,0.00434451014098327,0.00551999169786634,0.00277972611017748,0.00654206774654844
0.00290200254886358,0.000875354530303612,0.00569960217008075,0.00715872747902179,0.00697609150932008,0.00170425124944121,0.00308053078791591,0.00647484216570858,0.00902756585132821,0.00855955414304138,0.00265674795636634,0.00435582355964423,0.00308077253448392,0.00381187214062393,0.00767650023188835,0.00387507004400225,0.00434302767144663,0.00552350206832725,0.00278133059402439,0.00653819854920565
0.0028978914206024,0.000874608780762101,0.00569413190700426,0.00715489210795178,0.00696762410415599,0.00170157120776243,0.00307314874040288,0.00646835542737393,0.00901248109520179,0.00854819826825696,0.00265296141009095,0.00434892149439745,0.00307807127896206,0.00380889310218353,0.00767476084510541,0.00387280926287111,0.00433716981526982,0.00551153079856013,0.00277445699334823,0.00652932343066678
0.00290502325472595,0.000874676274220841,0.00569548867848163,0.00715418315459533,0.00696916405983385,0.00170268900751825,0.00307463725550052,0.0064804496351072,0.00901965318659914,0.00855031286707826,0.00265367976551408,0.00435239146030699,0.00308099933202285,0.0038117658396116,0.00766624341279968,0.00387356251362158,0.00433931225933029,0.00551689141572235,0.00277870910866765,0.0065357791276432
0.00290678360052381,0.000876027713028189,0.00570431795841894,0.00716545509832426,0.00697911912898457,0.00170453412000832,0.00307946568781601,0.00647780346231503,0.00903264278829342,0.00855801399171811,0.00265511026629393,0.0043578440995291,0.00308842680800189,0.00381752142666394,0.0076714863535173,0.00387868257893541,0.004344757978683,0.00551898179203942,0.00278068523974274,0.006540232589904
0.00290874331152279,0.000876494747631391,0.00570716190445865,0.00717045217359812,0.00697719391626036,0.00170605843377451,0.00308182447858852,0.00648393735557414,0.00903373131692099,0.00856674561994199,0.00265901037571937,0.00435998069345536,0.00308546850300118,0.0038164971171209,0.0076774507533919,0.00388072260816797,0.00434784316218104,0.00553051409247662,0.00278193271742529,0.00654297419177089
0.00290667713613398,0.00087636604107773,0.00570670961073873,0.0071665046685675,0.00698585920076183,0.00170672747573431,0.00308160054970643,0.00648380431846667,0.00904695616117867,0.00856607957435807,0.00265736053994477,0.00435904481026708,0.00308744472498858,0.00381800082277682,0.00768158761930871,0.0038835326640018,0.00434906674124228,0.00552351893919499,0.00278109507123786,0.00654421123890302
0.00290370160798389,0.000875656760535172,0.00570608274024838,0.00715715992697093,0.00697291211720447,0.00170445883494883,0.00307964277436989,0.00648303693269177,0.00903444144099685,0.00855875940357743,0.00265717644769202,0.00435441813073908,0.00308554428287213,0.00381720629447879,0.00767276494009457,0.00387830996287585,0.00434722885904365,0.00551665837541419,0.00278161514592228,0.00653757010918931
0.00290280893116991,0.000875761042055517,0.00570384625070804,0.00716136626496509,0.00697691930824905,0.00170569480002908,0.00308098407736385,0.00647552934116524,0.00903236998470939,0.00856231143852359,0.00265719102200699,0.00435901310283126,0.00308352153984,0.00381742961845779,0.00767325225409399,0.00387939390964828,0.00434386926611484,0.00552273301113609,0.00278101858279307,0.00654156005975821
0.00290528065166142,0.000876270191614537,0.00569999411968095,0.0071713225291546,0.0069775437692294,0.0017049501274109,0.0030826444527406,0.00647979298707048,0.00903361946325641,0.00855923464832635,0.00265700210644661,0.00435836324154219,0.00308356741649098,0.00381446879907305,0.00767742593405005,0.00388103874181961,0.00434680894640381,0.00552462003935627,0.00277995437234961,0.00654072943984528
0.00290543428466388,0.000876250093039989,0.0057058894575515,0.00716623766474543,0.00697607685189813,0.00171024558403117,0.00307853653765267,0.00647640388442141,0.00903171879892587,0.00856015873968346,0.00266534875785981,0.00435957003784338,0.00308457395870887,0.00381822904582907,0.00767362832989239,0.00388182043128267,0.00434368931774401,0.00552269616938567,0.00278218105093826,0.00654063849309689
0.00290361307545314,0.000875906189290774,0.00570376208933731,0.00716227135903282,0.0069763463636156,0.00170375586872405,0.00307670873483733,0.00648081087830297,0.00903493473708056,0.00856594901287271,0.0026556982617944,0.00435998899045156,0.00308565871467843,0.00381430668352235,0.00766885598439369,0.00387866362005928,0.00434333040298219,0.0055235288442001,0.00277815017598958,0.00653948449371781
0.00290475268055246,0.00087615524064924,0.00570149918367844,0.00716646378962086,0.00698026425225017,0.00170623451959793,0.00308197725198392,0.00647875521730038,0.00903295126119126,0.00856269537483175,0.00265656213352043,0.0043598914983677,0.00308545416686097,0.00381637826870881,0.00767228313578869,0.00388033333466502,0.00434412173152221,0.0055236983048257,0.00278136104095193,0.00654218644835837
0.00290611764512927,0.000876002664920332,0.00570110190523141,0.00716510142245032,0.00698307412623901,0.00170693596543635,0.00308155096561712,0.00647772337819131,0.00902990356431492,0.00855965069144346,0.00265503277281314,0.0043591695861859,0.00308738325111577,0.00381622152947594,0.00767474678859652,0.00387985705528259,0.00434890129808961,0.00551700938613205,0.00277979491978996,0.00654009417746049
0.00290350298051505,0.000876529549215862,0.00570547947567291,0.00716612738017433,0.00698071222730956,0.00170568719666888,0.00308124614026879,0.00648358876631126,0.00903766428813355,0.00856597944377825,0.00265925112352705,0.00435977283174869,0.00308361963992583,0.0038175754581953,0.00767574583571836,0.00388003730927819,0.00434680701322824,0.00553234249244453,0.0027826334989974,0.00654356134718969
0.00290470827575132,0.00087620004013705,0.00570420612361994,0.00716681324275112,0.00698099029240965,0.00170482325855667,0.00307951596650626,0.00648017722958388,0.00903226178863012,0.0085682437531192,0.00265642013413462,0.0043605007965419,0.00308378828639354,0.00381672120048856,0.00767656439097672,0.00388070671216735,0.00434635569531547,0.00552200787484512,0.00278151277064022,0.00654030487986852
0.00290003368965521,0.000875153811479329,0.00569961148322476,0.00715879036014349,0.00697381453358925,0.00170341634785123,0.00307571021790575,0.00647225636090615,0.00902380389968214,0.00855132529033977,0.00265450854038682,0.0043541154823707,0.0030843888423723,0.0038223255423976,0.00766791514450665,0.00387575092566867,0.00434128458629895,0.00551666606635433,0.00277718585920892,0.00653523490677267
0.00290558388562381,0.000875911843441901,0.00570424140276354,0.00716345856803706,0.00698117373553054,0.00170551008949497,0.00307802726426034,0.00647879864351358,0.00902963146309002,0.00856408331217223,0.00265762412650706,0.00435817784230292,0.00308338458003545,0.00381585567250908,0.0076800230280934,0.00387874161355679,0.00434973866765135,0.00552604000277897,0.00277972499190008,0.00653959387622341
0.00290423026102539,0.000875829559444395,0.00570041811669179,0.00715692718811809,0.00697609348337882,0.00170555750951518,0.00307610151095664,0.00646989961439386,0.00902291198898211,0.00855445521987719,0.00265591613819527,0.00435332889435962,0.00308031530352729,0.00381095388874839,0.00767255515242239,0.00387884971276537,0.00434506977970388,0.00551753953108085,0.00277679599242993,0.00653597604862828
0.00290603083570432,0.000875739493413009,0.00570230247099943,0.00715916191243356,0.0069805413067646,0.00170556823346052,0.0030798522450833,0.00648349293614691,0.00903935778654064,0.00856837963292056,0.00265310634759996,0.0043557742313144,0.00308436903569752,0.00381540045731495,0.00767173132925756,0.00388364712279978,0.00434261016307701,0.00552109705924004,0.00277973808811464,0.00653703195570032
0.00290227782367163,0.000875600358813431,0.00570339341482877,0.00716398802173846,0.00697792045629257,0.00170444349655277,0.00307635673326959,0.0064755522781486,0.00902747261655868,0.00855871368743434,0.00265464561813732,0.00435764397000937,0.00308230181868362,0.0038140079733846,0.00767299237894445,0.00388074254076258,0.00434470320498569,0.0055192113108453,0.00278006938246236,0.00653941741342082
0.00290505531208314,0.000876400094217471,0.00570412058090982,0.00716419580276653,0.00697998892861059,0.001709458473762,0.00307792297450018,0.00648434250898431,0.00903459808210546,0.00856559658819327,0.0026632359135658,0.0043601398272207,0.00308430371231725,0.00381666783394288,0.00767673474013601,0.00387973419504358,0.0043452180580422,0.00552291392839963,0.0027795987661907,0.00654316203930031
0.00290253511378816,0.000875296122426988,0.00570090344674102,0.00715904633448239,0.00697572871640776,0.00170354690467608,0.00307729808587876,0.00647067101253567,0.0090247920271798,0.00856284674663397,0.00265215402935426,0.00435594585566398,0.0030832151225061,0.00381393518627398,0.00767044807749544,0.00387546438293374,0.00434180234809516,0.00551940976591035,0.00278028735883427,0.00653769510726044
0.00290276402544284,0.000875650520892573,0.00570312662464551,0.0071622521461527,0.00697584023228245,0.00170502971631537,0.00307658624701812,0.00648045158637673,0.00903697217162475,0.00855780548221362,0.00265451464594358,0.00435614072912918,0.00308437257102137,0.00381344098321559,0.00767174351776064,0.00388114833972994,0.00434552004111054,0.00551791595246839,0.00277947796825707,0.00654000352299706
0.00290772263760702,0.000876419860174772,0.00570872951624756,0.00716699963849591,0.00698519223534492,0.00170493214898869,0.00307861532975848,0.00648198250113897,0.00903179815862038,0.00856705596840677,0.00265838084311192,0.00435911924413664,0.00308575154794004,0.00381748772417848,0.00767749297715127,0.00388622927808571,0.00435162990165416,0.00553003139340469,0.00278128020953793,0.00654409172035302
0.00289915863802602,0.000876018340030376,0.00570270138279909,0.00716024363729813,0.00697298520608934,0.0017028344950704,0.00307485083483932,0.00647074239987375,0.00902324803229768,0.00855581918226665,0.00265243206601933,0.00435242270825898,0.00308132689627053,0.00381257311311166,0.00766889121331343,0.00387610750584516,0.00434253676180273,0.00551670754909159,0.00277872171510097,0.00653625936661108
0.00290474753719393,0.000875307339152669,0.00570078581594686,0.00715810917806081,0.00697366434964762,0.00170283195658053,0.00307564827252563,0.00647313852021368,0.00902275813284815,0.00855490178073004,0.00265227019797153,0.00436169808469823,0.00308106801413109,0.00381352212015965,0.007669149522939,0.00387673351258792,0.00434087333442531,0.00551556737084757,0.00277748102477686,0.00654305006067961
0.00290445594352743,0.000875344111529965,0.00569945871894934,0.00716305121081212,0.00697319089141634,0.00170992261665749,0.00308667420441331,0.00647574308678212,0.00901701935609388,0.00855653032672667,0.00266453661454517,0.0043715225934076,0.00309472009144473,0.00382465081480622,0.00766602138068266,0.00388975813922508,0.00434113595943174,0.00552264538884114,0.00277498050653393,0.0065361169644319
0.00290805469683541,0.000875653039512884,0.00570466084578108,0.00716020965496433,0.0069825629010018,0.00171268758342562,0.00308190696793192,0.00647925016062643,0.00903428804406173,0.00856829720546034,0.00265923133718774,0.00435997070451387,0.00308498492505903,0.00381723252813222,0.00766903686910292,0.00387876844661992,0.00434554998121661,0.00552366462355242,0.00278104254061542,0.0065478415317596
0.00290603622673897,0.000875810130609533,0.00570331118143082,0.0071663104296925,0.00697875984047278,0.00170551550054709,0.00307841816590071,0.00648242058824812,0.00903380169598567,0.00856528261648712,0.00266657608354418,0.00435894656162937,0.00308774989280561,0.00381589060370771,0.00767647684440692,0.00387821282803281,0.00434636329507604,0.00552068597624257,0.00279130857662091,0.00654767571265896
0.00290615391573654,0.000875924579666404,0.00570644919829656,0.00716642478550715,0.00697778223616967,0.00170521719424542,0.00307741862353805,0.00648035081719846,0.00902775162970154,0.00856170409337317,0.00265674875135804,0.00435877539058848,0.00308497876735681,0.00381716561411291,0.00767694808218324,0.00388019540286359,0.00434867324805955,0.00551816599510439,0.00278329402674773,0.00654147380570877
0.00290331115656122,0.000875383364965051,0.00569957894431294,0.00716136772658881,0.00697485228702145,0.00170470710257977,0.00307682522132891,0.00647364222797458,0.00903533674813014,0.00855811293292747,0.00265482907052022,0.0043574412256711,0.00308522999488325,0.00381714138638961,0.00767381049992909,0.00387682961277258,0.00434319760437826,0.00552066037025449,0.00277853765197735,0.00653992723548088
0.00290566359850459,0.000876570868621605,0.00570577721060093,0.00716563528610579,0.0069818410903724,0.00170555181864373,0.00308086368493415,0.00647887316776115,0.00903589312049167,0.00856533736413431,0.00265663255569653,0.00435823057979241,0.00308429726118048,0.00381723523979271,0.00767720956081673,0.00387765621501334,0.00434492930358073,0.00552463924453068,0.00278060950048794,0.00654433968038849
0.00290613991405656,0.000876470129736421,0.0057049321094417,0.00716298365345145,0.00698232460856073,0.00170577493704138,0.00308027192443014,0.00648409414896917,0.00903834763903095,0.00856556394210342,0.002659003833914,0.00436027690994589,0.00308449213083604,0.00384139082658445,0.00767679758773871,0.00388286162004503,0.00434858800773476,0.00552242812938005,0.00278184478563869,0.00654301260727613
0.00290272471768273,0.000876207466461788,0.00570505126072163,0.00716480998076582,0.00697872352502623,0.00170640521187003,0.00307929080727435,0.00647827290883207,0.00902939377164114,0.0085639211222737,0.00265619249771272,0.0043616024933087,0.00308543964907139,0.00381837500048902,0.00767296835574319,0.0038826486461547,0.00434808500980975,0.00552673357585087,0.00278051837559458,0.00654358542797456
0.00290456502476551,0.000875823427266404,0.00570400603620535,0.00716724175573889,0.00698259488599261,0.00170579095728037,0.00308046774640312,0.00648167316239457,0.00903388978038639,0.00856357415525425,0.00265851477215147,0.00435980123396265,0.00308418584709663,0.00381779659244194,0.00767586604690476,0.00388068390032998,0.00434717935131622,0.00553004961133439,0.00278084027499252,0.00654258339383242
0.00290379651605519,0.000875937447752692,0.00570474520521021,0.00716563338696687,0.00697807826948044,0.00170453749082893,0.00308041743535053,0.00647991006146732,0.00903579512253734,0.00856279201716531,0.00265788612997873,0.00435781222183945,0.0030841556982134,0.0038162441295589,0.00767743916452312,0.00387878502121788,0.00434618153492699,0.00552808561284459,0.00278041106763299,0.00654302028218674
0.0029068240231081,0.000875665442392214,0.00570330397814821,0.00716563277555333,0.00697644167249687,0.00170570240600936,0.00308063142930405,0.00647885701542069,0.00903421890935225,0.00856497433819821,0.00265729715158629,0.00435851678999601,0.00308626042117551,0.00381589519787196,0.00767981378397963,0.00388254773369988,0.00434778466158253,0.00552746685816124,0.0027814269936504,0.00653992468505428
0.00290884484045048,0.000876106098083716,0.0057046636607768,0.00716768560777156,0.00698290977642377,0.00170579450020375,0.00308136115837694,0.00648634602223049,0.00903061750271138,0.00856365860375844,0.00265754267882082,0.00436156239341837,0.00308923883190852,0.00382443272569256,0.00768265753907733,0.00388052738491393,0.0043484875965881,0.00552177767281855,0.00278510401165248,0.00654368748464302
0.00290720219394396,0.000876084215112202,0.0057063888688802,0.00716608360363921,0.00697801444550273,0.00170405729190013,0.00307763300200846,0.00648536054669055,0.00903308607542713,0.00856215382844023,0.00265478499123649,0.00436299135465118,0.00308636152226772,0.00381531321736075,0.00767487892646126,0.0038829114099586,0.0043497497979857,0.00552009109718939,0.00278049701662491,0.00655077208449684
0.00290148491352967,0.000876257731688592,0.00570705279703879,0.00716302289822198,0.00697950486418902,0.00170417803232893,0.00307768930496783,0.00647953002218672,0.00902812782579687,0.00856449301207468,0.00265500185283882,0.0043579604386633,0.00308459852726634,0.00381557926067457,0.00767462202061242,0.00387825421729898,0.00434392228908675,0.005520637899417,0.00277936869496015,0.00654207765589886
0.00290502626145488,0.000875227068824458,0.00570034363754245,0.00716169093594226,0.0069753440090273,0.00170494144659055,0.00307780115931565,0.00647414560665431,0.00901994084062639,0.00855234458467252,0.00265357219029945,0.00435388038307783,0.0030812042601279,0.003812532945114,0.00766588104807118,0.00388039263932624,0.00434102895594742,0.00551690525614517,0.00278149537147652,0.00653866651613796
0.00290217297826595,0.000875604925694846,0.0056999502440304,0.00716363829974033,0.00697656931498934,0.00170380036196315,0.00307656087068468,0.00647580341875859,0.00902690729999371,0.00855872481926287,0.00265564197875862,0.0043544332274262,0.00308195859284512,0.00381420431312746,0.00766998422824398,0.00387671221522894,0.00434224862167849,0.0055175311456094,0.00277815470201689,0.00653720753248598
0.00290830777949924,0.000876683778181842,0.0057064966225396,0.00716758759657425,0.00698382476722259,0.00170547537924484,0.00308175792696197,0.00648158344458319,0.00903148511733407,0.00856195367130731,0.00265802490178951,0.0043628689971349,0.00308483840879268,0.00381634688509294,0.00767132799594905,0.00388113060495849,0.00435008043354587,0.00552592151871104,0.00278308621952902,0.00654431047447411
0.00290336970231503,0.000876069401161606,0.00570460792535129,0.00716717542017146,0.0069789965239897,0.00170543182076798,0.00307755436237517,0.00647591083079472,0.00902874835083061,0.00856276844061837,0.00265489235144637,0.00435642008351628,0.00308482231844815,0.00381489214405644,0.00767547100777076,0.00387958421218579,0.00434439565922517,0.00551885677951857,0.00277981626828152,0.00654053240932099
0.00290571503463228,0.000876317442045974,0.00570523777377345,0.00716523643562649,0.00697970830312235,0.00170612402535024,0.00307772903233919,0.00647799813311744,0.00903315393272531,0.00857045270503345,0.00265657127595465,0.00435707749924701,0.00308367614965756,0.00381574158229825,0.00767817871156138,0.00388014100185252,0.00434494292532124,0.00552167417055665,0.00278065240841268,0.00654052143459138
0.0029070510427084,0.000876567412271934,0.00570670285373958,0.00716796402459583,0.0069855723432335,0.00170506850090943,0.00308237020854512,0.00648088930848206,0.00903975915597597,0.00856338194116579,0.00265637635638775,0.00436028457336326,0.00308595844959056,0.00381793640942132,0.00767334261909826,0.00388018909185301,0.0043481178721322,0.00553005293479721,0.00278281041274086,0.00654451334277307
0.00290292354289481,0.000875045485653899,0.0056970751895317,0.00715773141024821,0.00697174526035592,0.00170276634972879,0.00307542332123116,0.00647762923865109,0.00902246395720115,0.00855279725372787,0.00265595315758116,0.00435591593312447,0.00308102311292904,0.00381483224338936,0.00766996875187094,0.00387433473669651,0.0043468868179997,0.00552080260159574,0.00277784529061582,0.00653521682952511
0.00290362036784039,0.000875902961799868,0.00570435969610048,0.00716283595009837,0.00697904419497162,0.001704695039667,0.00307888170821661,0.00647940857428757,0.00903110682805662,0.00855855776379504,0.00265704373745022,0.00435707390377848,0.00308280583510025,0.00381510019927439,0.00767275299963138,0.00387743192232449,0.00434346941893642,0.00552786222931411,0.00277986598377279,0.00653869195541943
0.0029023880910286,0.000875891156862209,0.00570404199841349,0.00716224079537175,0.00697736606573843,0.00170378736934858,0.00307691225347895,0.00647333271899075,0.00902865749652083,0.00855700440324268,0.00265370955651338,0.00435617778703027,0.00308292058631711,0.00381497681274558,0.00767347764262496,0.00387839749838521,0.004343900000358,0.00551840498088327,0.00277966842598352,0.00654343677300184
0.00290847939535967,0.000876444242459463,0.00570629448466347,0.00716488929495893,0.00697772190502029,0.0017049732791889,0.00308070532634628,0.00647845847956068,0.00903746802361219,0.00855983741049923,0.00265803406752248,0.00435803698686979,0.00308341604554908,0.00381688073719086,0.00767894785417129,0.00387980684974936,0.00434623507928254,0.00552959139866123,0.0027801352793114,0.00654127595374646
0.00290528320971681,0.000876100833638332,0.00570416948671233,0.00716208570115693,0.00697516738744245,0.00170374296285204,0.00308136097965327,0.006475927291585,0.00903011104999401,0.00856588156065431,0.00265472702057091,0.00435746276941362,0.00308252505369515,0.00381895606465223,0.00767470521369704,0.00387822170529855,0.00434543192408724,0.00551845181213906,0.00277903081695379,0.00654133196056064
0.0029043101373753,0.000875625883647272,0.00570226979417536,0.00716666636503987,0.00698152609659476,0.00170804218446318,0.00307961258498106,0.00648013224127717,0.00903305630749026,0.00856296104807677,0.00265778388879085,0.00435784372309509,0.0030842473717125,0.00381575695675503,0.00767686648958677,0.00387969531788323,0.004345933728397,0.00552842850405925,0.0027806815914473,0.00654162171918919
0.00290611902531305,0.000875405546953856,0.00570274749930843,0.00716066565393481,0.00697695878707373,0.00170416710808014,0.00307701624797351,0.00647821108360093,0.00902650840871225,0.00855656352949719,0.00265565721995939,0.0043556491906129,0.00308171324147116,0.00381325405282655,0.00767226272880982,0.00387675609074294,0.00434337015435744,0.00551938410365493,0.00278116439714648,0.00654196830495423
0.00290576087265122,0.000875097592702309,0.00569985587569533,0.00715778189371356,0.00697200967512743,0.00170570091354421,0.00308054479556067,0.00647720033053113,0.00902081947512811,0.00856225500854279,0.00265247643506613,0.00435362651654233,0.00308050449581794,0.00381296656787696,0.00767201916074936,0.00387491163991588,0.00434425180681328,0.00551837822449798,0.0027806032009143,0.00654287677145875
0.00290466659826522,0.000875554654350796,0.00569908570942477,0.00716031474733077,0.00697513355087898,0.00170292840943663,0.0030748848170651,0.00647121879614366,0.00902487509404485,0.00856893985282483,0.00265404370551154,0.00435435744641351,0.00308035592523022,0.00381317567312427,0.00766851785117008,0.00387525074347398,0.00434842896424626,0.00552571609796377,0.00278213109996259,0.00653722003851517
0.00290302323876888,0.000876151713451874,0.00570454248326206,0.0071656961002805,0.0069799546314892,0.00170500815004981,0.00307764173621896,0.00647707198194809,0.00903113893510839,0.00858158838005704,0.00265529935325105,0.00436766170368688,0.00308436698710632,0.00381754708573701,0.00769122324019857,0.00388701100397551,0.00435565050934972,0.00552204557995743,0.00278850221458328,0.00655620627816954
0.00290519642545298,0.000875836728933354,0.00570451891209781,0.00716357306078839,0.00698041515879161,0.00170583334179709,0.00308109480369582,0.00647445975437696,0.00902656252877362,0.00856268324672628,0.00265387066627822,0.0043624920500623,0.00308632586063807,0.0038133189188665,0.00767293825771159,0.00387704508994481,0.00434354483382764,0.00552031239284724,0.00278105501903633,0.00654859798606446
0.0029041223170145,0.000876354107344738,0.00569864220060296,0.00716691427876936,0.00698227941201219,0.00170468740918748,0.00308173795956326,0.0064756901096775,0.00902848259137469,0.00856231316644307,0.00265688615476325,0.00435735647332953,0.00308321398285745,0.00381666798605977,0.00767103815243132,0.00387851111846703,0.00434492820378082,0.00552617271585706,0.00278508520139548,0.00654216599267936
0.00290488128527212,0.000875797196067284,0.00570188389891163,0.00716330959090073,0.00697648837881318,0.0017054491365422,0.00308039224415874,0.00648097545230946,0.00902521018013263,0.00857248059563524,0.00265463232946158,0.00435985565032302,0.00308324033803779,0.0038181230255727,0.00767172531241808,0.00387935904466079,0.00434405750466239,0.00552097891289802,0.0027800082213295,0.00654052024262062
0.00290285890523322,0.000875976869881741,0.00570602298993879,0.00716163404247131,0.00698125885654246,0.00170630436309341,0.00307957645042871,0.00647555117523733,0.00902968176003306,0.00856225109319406,0.0026552280220267,0.00435702391839037,0.00308324120148141,0.00381559233190295,0.00767267448569762,0.0038787247734856,0.00434379637466973,0.00552079323256535,0.00278196910938116,0.00654001919604363
0.00290592762299255,0.000876254093247481,0.00570553922659017,0.00717035667379173,0.00698317687428171,0.00170633449196504,0.00308089493055751,0.00647814933752728,0.00903798659997839,0.00856844269383413,0.00265835748474297,0.00436026554544117,0.00308620179105125,0.00381382636588088,0.0076808074835434,0.00388197784465429,0.00435153458359437,0.00553125562625519,0.00278329385502454,0.00654408627203763
0.00290405856072396,0.000876537861728131,0.00570730774613967,0.00716806943427026,0.00698364307321196,0.00170607053887014,0.00308078493964505,0.00648111834403791,0.0090354381864088,0.008563910309145,0.00265879715736053,0.00436055231825887,0.00308469547249471,0.00381681041598869,0.00767895144304411,0.0038814153560473,0.00434607681568059,0.00553029906610884,0.00278134358828145,0.00654380790367802
0.00290833897556777,0.000876187069714506,0.00570317309533309,0.00716459523851515,0.00697919680573633,0.0017040835468646,0.00307930420207525,0.00647587909419625,0.00903525479309266,0.00856592847875172,0.00265791724710498,0.00436088684172618,0.00308373166023227,0.00381559351071801,0.00767257981438153,0.00388045293324667,0.00434414070593087,0.00552353778312125,0.00278183198948033,0.00654157867537423
0.00290337686352493,0.000876090047084549,0.00570111715796083,0.00716400798886202,0.00697683164965038,0.00170432660585035,0.00307894099405287,0.00647493901038148,0.00902763766205697,0.00855631638901802,0.00265547917081468,0.00435794143081924,0.00308287906276547,0.00381361066325927,0.00767142141501963,0.00387781349146595,0.00434915934540449,0.00552322711672238,0.0027806698591901,0.00654202240177857
0.00290745164789429,0.00087607180903897,0.00570333339653069,0.00716896747475498,0.00698231414207829,0.00170422112209673,0.00307815547353462,0.00647941961480667,0.00903058291389008,0.00856156398468857,0.00265700732151427,0.00435708229886286,0.00308421923149072,0.0038159192662515,0.007675837797743,0.00387990728274679,0.00434432259911344,0.00552047241115831,0.00278061559388534,0.00654045421618687
0.00290136137092626,0.000875561474328285,0.00570054667278136,0.00715904204367851,0.00697335165648758,0.00170399260536786,0.00307859252974237,0.00647364438011844,0.00902523563554596,0.00855583683904449,0.00265578152250815,0.00435575776805078,0.00308132875790955,0.0038126211864731,0.00766865554743727,0.0038772363871512,0.00434320476712642,0.00552334981228936,0.00277939008327736,0.00653448787036032
0.00290428320355956,0.000876497682551416,0.00570461989558685,0.00716666103203052,0.0069829461185097,0.00170599018711803,0.00308184825317736,0.00648374737851003,0.00903522379690608,0.00856436525987176,0.00265935934124731,0.0043586298526318,0.00308538721932303,0.00381770922684397,0.00767703804979973,0.00387968003812363,0.00434650902302788,0.00553076623785033,0.00278202730015311,0.00654377158533301
0.00290465214174617,0.000876301798432269,0.00570148007397778,0.00717040664957494,0.00698230584619589,0.00170649563448552,0.00308312955665837,0.00648066507319042,0.00903630767628052,0.00856749749950073,0.00266053042993256,0.00436077715071706,0.00308784817544648,0.00381719002796928,0.00767992288013419,0.00388365897598996,0.00434587644785301,0.00553069436277164,0.00278393458253232,0.00654362630374882
0.00290485864090852,0.000876730698993308,0.00570733939214186,0.0071672570485034,0.00698263110596309,0.00170590115252155,0.00308276807507319,0.00648301952948187,0.00903647836822693,0.00856442250556196,0.00265864815267796,0.00435901917748953,0.00308488922341143,0.00381756248165281,0.0076782773262151,0.00388078704915328,0.00434733463259253,0.00553201494235369,0.0027811700701066,0.00654265639963436
0.00290062254589495,0.000875772873936546,0.00569777586162821,0.00716098773756128,0.00697647704817481,0.00170385423723596,0.00308048406832941,0.00647246315742645,0.00902794016049338,0.00855486306731372,0.00265837531902864,0.00435337202744397,0.00308050176352851,0.00381219355674592,0.00766989935911193,0.00387610530326613,0.00434059124444627,0.00552573730071507,0.00277789843211463,0.00653327465663243
0.0029004502153462,0.000875205886315801,0.00569881458256311,0.00715903412320009,0.00697416034869076,0.00170376388544085,0.00307692606379627,0.0064712804379571,0.00902754571664665,0.00855377666741942,0.00265530430482366,0.00435346194250953,0.00307970223163455,0.00381158335424541,0.0076669195182458,0.003874852887818,0.00433984590340421,0.00552209623985638,0.00277759591107358,0.00653301669898869
0.00290992037206329,0.000876472626868605,0.00570372016695664,0.00716630911929344,0.00698243467367803,0.00170443647399869,0.00307967164736392,0.00648437575252747,0.00904220331662401,0.00856723647676723,0.0026580819913815,0.00435814322524503,0.00308699850078926,0.00381692024430441,0.00768353401344739,0.0038787879039996,0.00434890375444535,0.00552480715872264,0.00278028689412023,0.00654186801787615
0.00290388041377895,0.000876063805069977,0.00570421126767632,0.00716552288960139,0.00697867986022252,0.00170500410527786,0.00307783355254366,0.00647577308843864,0.00903370410292326,0.0085638945156123,0.00265641813969002,0.00436003104249091,0.00309141137011161,0.00381578819852639,0.00767392958244819,0.00387885750304908,0.0043466480872905,0.00552414085660078,0.00278031774654454,0.00654314337657978
0.00290404941050431,0.000876350828097918,0.00570408327091551,0.00716884114282255,0.00698418955663617,0.00170486265326307,0.00307943155983497,0.00647904435397714,0.00903639820695058,0.00856130047933517,0.00265624312215898,0.00436007895088808,0.00308551276190863,0.00381772199611609,0.00767621577104898,0.0038805414549772,0.00434666607397092,0.00553009734863611,0.00278225345256446,0.0065425543056223
0.00290339584241682,0.000876152972067973,0.00570408113236816,0.00716431109391669,0.00698010195210686,0.00170500242513946,0.00307998451149796,0.00647887264958776,0.00903128994909039,0.00856161181173685,0.00265740508775252,0.00435716884646071,0.0030832038313153,0.0038151842491578,0.00767424796671236,0.0038786250894804,0.00434460466826991,0.00552838863031686,0.00278025624950156,0.00653999819499298
0.00290248876378113,0.000876395002438144,0.0057015865106217,0.00716042601888267,0.00697987666398809,0.00170464690744375,0.00307803132944054,0.00647378556634465,0.00903340774969552,0.00856303602757081,0.00265661014359661,0.00435495379712361,0.00308234581484241,0.00381400243564608,0.00767283595694474,0.00387612711499213,0.00434418692453306,0.00552553646450332,0.0027811744146567,0.0065374261092896
0.00290396514518753,0.000876243149825658,0.00570451457773041,0.00716592939802796,0.00697576898078014,0.00170439298787449,0.00308057672195967,0.00648026271343699,0.00903290661855095,0.00856129782136277,0.00265723544221581,0.00435825267634875,0.00308365049651994,0.00381570831419193,0.00767579698356839,0.00387888979669891,0.00434290405199776,0.00552996682750256,0.00277906452690249,0.00654151223307984
0.00290540779579811,0.000875013914371393,0.00569681962464371,0.00715382556508075,0.00697726172744555,0.00170259093848066,0.00307309369062791,0.00647334173685589,0.00901896564758928,0.00855150991276449,0.0026510184347617,0.00435199288511225,0.00308610595785329,0.00381400900865756,0.00766846276848499,0.00387571899390445,0.00433897011662007,0.00551403535460643,0.0027771238159149,0.00653772447248495
0.00290565127806348,0.000875497269583526,0.00570074400598062,0.00716159462703778,0.00698184909726923,0.00170725938861091,0.00308197432590776,0.006483667342019,0.00903044340063921,0.00855888722529008,0.00265738275012,0.0043603975006275,0.00308662189442902,0.003814010934289,0.00768005379709999,0.00388176442248087,0.00434303946707195,0.00553160151733395,0.00278013596246989,0.00654080080804439
0.00290334079806994,0.00087560162089761,0.00570131041353469,0.00716214537242215,0.00697755878601201,0.00170364397509008,0.00307954135956811,0.00647479526004538,0.00903464038867651,0.00855729017430073,0.00265409920621772,0.00435669432372861,0.003084706426289,0.00381351373238712,0.00767660724138209,0.00387613682105173,0.00434388096233703,0.00551859243462079,0.00278136589221389,0.00653901610321954
0.00290499420059745,0.000876575294264487,0.00570312494619016,0.00716723963641163,0.00698348773962347,0.00170567868330772,0.00308061282775411,0.00648180682015578,0.00903536117092939,0.00856311708536513,0.00265851603955171,0.00435905333938414,0.00308540876233641,0.00381634323083986,0.00767762457692175,0.0038799703156254,0.00434541415406586,0.00553035514185153,0.00278110460631421,0.00654238780481345
0.00290267764180575,0.000875861658626346,0.00570420897298099,0.00716317038596211,0.00697911451506594,0.00170492790404513,0.00307779849415401,0.00647925995351092,0.00902850980136785,0.00856508454024356,0.00265365683248218,0.00435625056845315,0.00308370614503781,0.00381429994591861,0.0076710092500198,0.00387827640521715,0.004343987410602,0.00551986512812776,0.00277951444508026,0.00653913314623622
0.00290889205978499,0.000876255342552575,0.00570561769136894,0.00716597808944505,0.00698258137877767,0.00170748160366282,0.00307941102676364,0.00648706025553902,0.00903256544289351,0.00856423304489918,0.00265586975750423,0.00435858563321227,0.00308587571204819,0.00381866238743421,0.00767917484383309,0.00388535781029939,0.00435192961029903,0.00552087628046033,0.00278033391852322,0.00654236819578951
0.00290126037534397,0.000875796120810617,0.00569906383389849,0.00716255946746193,0.00697417030421644,0.00170279570436954,0.00307484785943405,0.00647166528654578,0.00904255669452861,0.00855521374291078,0.00265297620348325,0.00436262942436207,0.00308613676294229,0.00381248792701574,0.00767069932789789,0.003881573428941,0.00434053557874693,0.00552522594196394,0.00278295234909241,0.00653724424433159
0.00290935240968708,0.000875533134273567,0.00570587840717741,0.00715951664431457,0.00697885198723907,0.00170659383407713,0.00307714740812745,0.0064790541764771,0.00902407013362383,0.00855918199709763,0.00265533557972534,0.00435522370095703,0.00308346147890394,0.0038196594872192,0.00767592280322133,0.00388137459645505,0.00434134435042688,0.00552234260044875,0.00277875876961896,0.00653825872968794
0.00290557375725835,0.000875480096180188,0.00569894523417781,0.00716277963273275,0.00698105355721848,0.00170317119335533,0.00308008342563165,0.00647268364961972,0.00902975335318019,0.00855707824813123,0.00265325543922484,0.00436133134460913,0.00308444427091617,0.00381894703971179,0.00767459009505668,0.00387663433397216,0.00434731444000641,0.00551701599907532,0.00277829117260757,0.00654243265543663
0.0029050402279084,0.000875781222000085,0.00570386023327835,0.00716181346739331,0.00697638075895711,0.00170438821779365,0.00307687197009999,0.00647976008075695,0.00902826035715095,0.00855913477952946,0.0026553766782323,0.00435886261206644,0.003085291490663,0.00381500309749013,0.00767234137792633,0.00387874964794815,0.00434315803113142,0.00552021865221888,0.0027822652261971,0.00653895277659291
0.0029064656502061,0.000875109731503634,0.00569731614089699,0.00715607401088465,0.0069787203880498,0.00170515206535088,0.00308371245185215,0.00647374073107065,0.00903185219754321,0.00857661429803499,0.00265673148458327,0.00435530383941605,0.00308216952252441,0.0038227652775992,0.00768470509796174,0.00387832965279327,0.00434892608450383,0.0055279860249963,0.00277869852027879,0.00654058504517325
0.0029032236315971,0.000875637157175148,0.00570229513467646,0.0071609866366191,0.00697862484800201,0.00170528751208292,0.00307813835309965,0.00647711108310858,0.00903401985706651,0.0085585885579946,0.0026573604810825,0.00435703189451329,0.00308174383966809,0.00381433763639114,0.00767321345582574,0.00387878630544594,0.00434659489079361,0.00552267881879517,0.00277927732986698,0.00653792862852365
0.0029034326937713,0.000875883328613198,0.00570272144071517,0.00715920192757502,0.0069770887829881,0.00170500858544642,0.00307984485884211,0.00647941086044879,0.0090314524774497,0.00855950202428515,0.0026577968402658,0.00435575990821636,0.00308169629616932,0.00381270510676215,0.00767306586056896,0.00387765597236337,0.00434459267195469,0.00553010723783617,0.00278004466530089,0.00653869426158154
0.00291009303995991,0.000876456963387476,0.00570574387107661,0.00716682547826196,0.00698366609934014,0.00170939519543946,0.00308868788221641,0.00647823242771897,0.00903539449407761,0.00856443620682812,0.00267192602656405,0.00437002931186493,0.00309283683603686,0.00381916934548296,0.00768061757604943,0.00388981007041184,0.00435635931066702,0.00552427606204602,0.00278811974894425,0.00654273093615372
0.0029052886682144,0.000876104477121621,0.00570141279000047,0.00716403018625195,0.00697679070594995,0.00170366136239821,0.00307778752089864,0.00648459104180555,0.00903022304889247,0.00856169831488553,0.00265514094825434,0.00435939682262992,0.00308384435810279,0.00381485942768812,0.00768046105008305,0.00387820672288441,0.00434250174128667,0.00552033469741914,0.00278044405659592,0.00654250427505144
0.00290458400958904,0.00087554715742083,0.00570055039050027,0.00716047591405484,0.00697526354716135,0.00170314990953142,0.00307627491086041,0.00647346268038776,0.00903564945530368,0.00856652570224461,0.00265709318534482,0.00435544668849393,0.00308225645941585,0.0038146184366298,0.00766968991581306,0.0038785470542523,0.00434710030588157,0.00551691292385861,0.0027829878434017,0.00654607265763557
0.00290241606988397,0.000876065363999496,0.00570483031055704,0.0071660156298337,0.00697861107535573,0.00170583715365134,0.00308090148232966,0.00647885074780145,0.0090327387159387,0.00856231083069612,0.00265849588564434,0.00436019258515635,0.00308373328896793,0.00381726153935296,0.00767446303646174,0.00387839607304065,0.0043452233340847,0.00552904091250718,0.00278033501279269,0.0065421962142965
0.00290073368046149,0.000875578410828521,0.00569860341093396,0.00715816779768373,0.00697152705144711,0.00170280771728263,0.00307464647932598,0.00647217911242289,0.00902204993137611,0.00855510809415196,0.00265285420095854,0.00435426965946315,0.00308092047938123,0.0038132966201008,0.00766606248131527,0.00387485865685052,0.00433946181568539,0.00551593132820043,0.00277792494556009,0.00653284453583927
0.00290055349145983,0.000875516062491678,0.00569971233351382,0.00716295325065042,0.00697644385388385,0.0017042411575634,0.00307568790563225,0.00647415529130392,0.00902464988854033,0.00856091246796882,0.0026539099577062,0.00435520347794144,0.00308173306500746,0.00381512063244223,0.0076692797151889,0.00387701369785283,0.00434420438069214,0.00551490214172026,0.00277733067808443,0.00653685013532921
0.00290370391138685,0.000875863514598097,0.00570567093179722,0.00716134806935984,0.0069819827862907,0.00170548860738562,0.00308313237512739,0.00648071169103991,0.0090354482612626,0.00856381700864825,0.00265811500659754,0.00436197742383142,0.00308735714674742,0.00381915079226559,0.00767692608952678,0.00388292264580097,0.00434863262420914,0.00552972051851283,0.00278304376990684,0.00654263501790305
0.0029028700453334,0.000875441896878096,0.00569982703719974,0.00716140988672751,0.00701319362877852,0.00171141237241505,0.00307685328422617,0.00650659036383384,0.00902671545890637,0.00855787224630225,0.00265452867368079,0.00437735668678617,0.0030816927712477,0.00381480197634678,0.00767069914683463,0.00387653080167749,0.00434237046791665,0.00551810288520921,0.00279537364020077,0.00657675063633282
0.00289852320504272,0.00087470096180887,0.00569661907264178,0.00715360361503486,0.00696872248294781,0.00170238467389487,0.00307453560752388,0.00646909245615546,0.00902072664800165,0.00855465632538728,0.00265134583554605,0.00435339016564889,0.0030802949031324,0.00381207547795831,0.00766710733872641,0.00387518344760598,0.00433974567313412,0.00551426811836889,0.00277682985155633,0.00653472097177339
0.00290306225321718,0.000876524434073612,0.00570462683519952,0.00716792722593516,0.00697912438158365,0.00170535442323805,0.00308082539036377,0.00648157808472697,0.00903508818319467,0.00856314020889275,0.00265982505126083,0.00436046212520725,0.00308495707637949,0.0038171324816109,0.00767895042546842,0.00388066987297691,0.00434689388983281,0.00552963340808047,0.00278293077054496,0.00654380036607878
0.00290058448716857,0.000875367019790952,0.00569909711565956,0.00716096682926169,0.00697528543368633,0.0017035885275915,0.00307343391052002,0.00646889200896473,0.00902366239430102,0.00855752248176567,0.00265139804365183,0.00435375936783922,0.00308155757198785,0.00381355265114463,0.0076675878572844,0.00387611381736811,0.0043408828243094,0.00551486321084719,0.0027784007045235,0.00653504173053184
0.0029069799222318,0.00087626761889148,0.00570454942225598,0.00716221299985537,0.00697831353632,0.00170432555493523,0.00307735452250648,0.00647618285106334,0.00903283576148485,0.00856077130635817,0.00265546833248385,0.00435735901980365,0.00308385659545575,0.00381570205700919,0.00767436886787731,0.00387873423760896,0.00435003399303843,0.00552558480983633,0.00277885319002096,0.00654258968247196
0.00290392496215981,0.000875842887694714,0.00570094768464965,0.00715995962005158,0.0069780783170619,0.00170358238250486,0.00307595083504931,0.00647282328565188,0.00902702723327771,0.00857028266992036,0.00265579742780525,0.0043591256067302,0.00308342223320579,0.00381224414170084,0.00767365069881278,0.00387671563726529,0.0043436723088762,0.00552064119216897,0.00277901569507959,0.00653640171130399
0.00289983101088134,0.000875623997434177,0.0057016278311205,0.00715795558853303,0.00697461364888038,0.00170473359320118,0.00307994722666817,0.00647410154476634,0.00902264073389024,0.00855738897777231,0.00265611924876008,0.00435561028092713,0.00308198770346687,0.00381490365161233,0.00766768961747861,0.00387900130702287,0.00434488025202502,0.00552661985529729,0.0027820876555832,0.00653737073037703
0.00290142676399677,0.000875793384974052,0.00570242324770623,0.00716297517942691,0.00697924434323179,0.00170373201643977,0.00307674151411129,0.00647624467361412,0.00902952107919805,0.00856128915103953,0.00265493748831592,0.00435842661841418,0.00308251136261971,0.00381447552839763,0.00767387702941294,0.00387818965834602,0.00434731378978003,0.00551824142432644,0.00277968794417032,0.00653961987727696
0.00290193158430389,0.000876041194467037,0.00570082830241013,0.00716486607070996,0.00697509062449296,0.0017045430418927,0.00308332581200543,0.00647995281727213,0.00903024717053816,0.00855798765881191,0.00265557855338614,0.00435649895333221,0.00308362038736653,0.00381445098398501,0.00767323488750547,0.00387700367883684,0.00434300600250636,0.00552626143222593,0.0027810400926415,0.00654441493218031
0.00290241353960999,0.000875255459764873,0.00569567739395793,0.00716009765417122,0.00697667965510388,0.00170523182780478,0.00307877866300081,0.00647046322272498,0.00902759748066314,0.00855681992222525,0.00265656961417302,0.00435481236037097,0.0030819704527673,0.0038123375383816,0.00767026313826336,0.00387603062233745,0.00434180205364668,0.00552401626851893,0.00278086631583799,0.00653686715790814
0.00290097889765615,0.000874760995996468,0.00570081056228172,0.00715426132626105,0.00696950782093129,0.00170254134704209,0.00307651887912148,0.00647914542948874,0.00902647047632586,0.00856041904990872,0.00266724343051533,0.00435511006804261,0.00308186364415749,0.00381511655168979,0.00767758032288174,0.00388051776481551,0.0043456432642471,0.00551432714183429,0.00278149304850734,0.0065400236202096
0.00290271427318236,0.0008760335104717,0.00570134562504998,0.00716369299378431,0.00697994565910292,0.00170456098234885,0.00307925050114092,0.006476357125049,0.00903239041487208,0.00856042993197403,0.00265768403999248,0.0043579836580339,0.00308332101582926,0.00381710730968748,0.00767424681822117,0.00387755298762791,0.00434386108563058,0.00552499828422601,0.00278005176855153,0.00653922209600121
0.00290169002082904,0.000875684240148927,0.00570393178653359,0.0071597518885991,0.00697813473985427,0.00170439479976863,0.00307894174449458,0.00647525077978109,0.00902815569407628,0.00855895197542653,0.0026566494478286,0.00435604129315584,0.00308333314202461,0.00381381511673548,0.00767276107295631,0.00387774577980941,0.00434371612334007,0.00552737023365444,0.00277915307389264,0.00653958838317322
0.00290304212795854,0.000876598402820657,0.00570746150843542,0.0071670120363406,0.00698261024605468,0.00170832469565664,0.00308164181399008,0.00648180402551704,0.00903185931314364,0.00856458640224366,0.00265789659114647,0.00436242947913951,0.00308450396852667,0.00381586533773402,0.00767745973961585,0.00388087704542603,0.00434510739145318,0.00552936558996119,0.00278178210757964,0.00654384576159171
0.0029047277156721,0.000876367036301413,0.00570744829511988,0.00716758139196237,0.00698121967033582,0.00170602465126617,0.00308028939069668,0.00648141308006933,0.00903687485082128,0.00856423931548287,0.00265917102127695,0.00435823139000471,0.00308506208415887,0.00381762908976615,0.00767585547237185,0.00388208707814275,0.00434625328530387,0.00552985373985214,0.00278230754775111,0.0065436144498013
0.00290459998530597,0.000876612262781739,0.00570418991994113,0.00716707387604388,0.00698324058371806,0.00170616277844343,0.00308228278298977,0.00648189714121969,0.00903536767228139,0.00856408587327054,0.00265819660504823,0.00435873421728078,0.00308410733440592,0.00381744477701891,0.00767652771261592,0.0038810378989671,0.00434784204550111,0.00552939009707781,0.00278129162381563,0.00654330777223966
0.00290305279987033,0.000876028794436037,0.00570205439535137,0.00716506008857208,0.00697914559623399,0.00170488264006675,0.00307685210663363,0.00647597541052015,0.00902995977268544,0.00856144399518061,0.00265466875560063,0.00435811434790847,0.00308252412689636,0.00381688204571266,0.00767701893592367,0.00387822217477531,0.00434512735775851,0.00551746802918294,0.00278110932504695,0.00654197970831586
0.00289992377582906,0.00087551922940984,0.00569824561127017,0.00716133114064582,0.00697484885311009,0.00170349079448527,0.003078748293946,0.00647312983594289,0.00902430402423203,0.00856032461422397,0.0026525660175382,0.00435470069187587,0.00308120264024206,0.00381311470750326,0.00766967108817632,0.003877255915524,0.00434366554438836,0.0055165814957844,0.00277793086101584,0.00653601277175801
0.0029047745355117,0.000876424936394321,0.00570441087169904,0.00716625110393262,0.00698273297488558,0.00170384579441045,0.00308303924322531,0.00648019852892523,0.00904520795934022,0.00856154609957817,0.00266040536767937,0.00435906165718393,0.00308603749396511,0.00383123639270941,0.0076816027291193,0.0038795762569904,0.00434738455275035,0.00552108155705518,0.00277967851625178,0.00655252507560227
0.00290532739363661,0.000876246140162022,0.00570597663391794,0.00716355363677104,0.006979376240513,0.0017117044668329,0.00307887552969074,0.00647808470695732,0.00903485186437441,0.00856190915586044,0.00265874331407023,0.00436272313673436,0.00308422500042725,0.00381708299125097,0.00767809412442812,0.0038827145182085,0.00434553764597867,0.00552637188449385,0.00277984271487523,0.00654939193038961
0.00290702828029461,0.000876684437180387,0.00571017425465167,0.00716908054709107,0.00698167198676672,0.00170464455572299,0.0030790657183039,0.00648033979114921,0.00903176570244065,0.00857066804341171,0.00265664942742465,0.00435988708228128,0.00308527012619298,0.00381768494135842,0.0076837700470298,0.00388573012226385,0.00434911820066635,0.00552862248920289,0.00278123230832605,0.00654200670972433
0.00290637562146671,0.000875181266987058,0.00569981296778375,0.0071583538042069,0.00697781126879351,0.00170286011350936,0.00307467153010937,0.00647192432295835,0.00902201491756588,0.00855478961788043,0.00265301651225598,0.00435510403605471,0.00308183376962438,0.00381191985233365,0.00766886943089741,0.00387654901784887,0.00434037846446783,0.00551547479510982,0.00277811625742061,0.00653591726327705
0.00290215003227466,0.000876149152987243,0.00570326691094302,0.00716826521275488,0.00698252145219359,0.00170651806618621,0.00308126237422096,0.00647811935278444,0.00902923523327301,0.00856541625286241,0.00265797764606999,0.00435890185540873,0.00308741639041927,0.00381584427737565,0.0076752161551501,0.00387889566244127,0.00434931002961706,0.00552042516754958,0.0027796756642414,0.00654033973758947
0.00290110237939338,0.000875968003880717,0.00570298342788682,0.00716204824589116,0.00698331458342928,0.00170453078150975,0.00307857970365673,0.00647795808503265,0.0090274531651483,0.00856497973598648,0.00265684093796328,0.00435765127221421,0.00308392981904027,0.00381698680438819,0.00767606786101399,0.00388227936401801,0.00434609313532965,0.00552142643609972,0.0027821595680723,0.00654216010902584
0.00290639606681129,0.000876507861099901,0.00570618380825618,0.0071678977399811,0.0069772259674234,0.00170554649752802,0.00308079518753346,0.0064814579168865,0.00903357484102265,0.00856300802351221,0.0026582444740979,0.00435796538658471,0.00308394994160761,0.00381605472222384,0.00767673063957286,0.00387908783933577,0.00434598988252621,0.00553000327415564,0.00278094777704028,0.0065426103352315
0.00290388234532816,0.000875669827032148,0.00570156264923754,0.0071595517416951,0.00697754925595888,0.00171046274552472,0.00307511806292977,0.00647285776525107,0.00903023988896304,0.00855707031552719,0.00267387494109073,0.00437292820926745,0.00308152560177768,0.00381257359748509,0.00767168224551039,0.00387969601375704,0.00435720352468812,0.00551657850199951,0.0027907750834483,0.00654360597240643
0.00290476508441689,0.000875515232654781,0.00570069465116872,0.00715971377041605,0.00697433484984143,0.00170287376846738,0.00307654469049396,0.00647503639916369,0.00902996977907501,0.00855882374160163,0.00265380072153742,0.00435616532398447,0.00308267587765808,0.0038120199943891,0.00767397773051656,0.00387986265006102,0.00434328871014002,0.00551754269747995,0.00277981590316245,0.00653804034707544
0.00290753262201485,0.000876444252537472,0.00570365308700185,0.00716540869857347,0.00698516108234747,0.00170409803083833,0.00307730224351545,0.00648009730674112,0.00904034370565816,0.00856962205083479,0.00265943799749544,0.00437503341911333,0.00308534050308081,0.00381624888289897,0.00767476907502566,0.00389285307394237,0.00435925668084218,0.00551941932783015,0.00278103624655828,0.00654231641543917
0.00290313178669011,0.000876076368528956,0.00570354134883676,0.0071636204709607,0.00698167975718294,0.00170538717432918,0.00308072416387825,0.00647719051599932,0.00903279093288712,0.00856158661186928,0.00265845347599181,0.00435715073117504,0.00308283753688047,0.00381614007537943,0.00767414512986305,0.00387885433537446,0.00434466199962104,0.00552850728323031,0.00278141899941069,0.00653700230765564
0.0029028415579833,0.000876413043567048,0.00570791688871047,0.00716921865184259,0.00698029019266501,0.00170498286780242,0.00308173829187266,0.00648046317956198,0.00903494275916391,0.0085652712795931,0.00265972676213092,0.0043608520033722,0.00308427422977416,0.00381692687356417,0.00767717175188501,0.00388185760429293,0.00434744462052397,0.00553157631317587,0.00278301259955704,0.00654363292904737
0.00290170641540635,0.000876366548580635,0.00570459671384284,0.00716271082650608,0.00698192715251622,0.00170512554204652,0.00307833722605437,0.00647668709931141,0.00902986235207205,0.00856023300058684,0.00265499176290475,0.00435751508830177,0.00308377776231445,0.00381690497785162,0.00767333573005008,0.00387882800452867,0.00434560149474201,0.00551822747971433,0.00278012081319899,0.00654073106634597
0.00290155832272128,0.000875660520552546,0.00570117780161989,0.00716508608742769,0.00697739870434582,0.00170351014332173,0.00307787251040041,0.00647497621855504,0.00902729985581472,0.0085785745400058,0.00265434001429558,0.00435666697926687,0.00308377540292586,0.00383397890824173,0.00767328703019919,0.00387855511899922,0.00434272960161274,0.00552098296375415,0.00277847820435589,0.00654014984116178
0.0029055573271755,0.000875695811367292,0.00570320861757483,0.00716700614357446,0.00697940965251823,0.00170559416197522,0.00308055932577253,0.00648217171445252,0.00902833341554688,0.00855601229659357,0.00265443629899546,0.00436124172903455,0.00308600101892702,0.00381532995828952,0.00767238182256988,0.00388199089558324,0.00434237455573191,0.00552751470848679,0.00278443100760455,0.00653931426304917
0.00290090491100699,0.000875788155091871,0.00570081557900159,0.00716204143393144,0.00697760998295043,0.00170412460359792,0.00307837931882546,0.00647579727192939,0.00903011595761795,0.0085569006575783,0.00265629052174868,0.00435593585201649,0.00308189562913966,0.0038131528487705,0.00766913900836357,0.00387607417109127,0.00434399363080176,0.00552512787166879,0.00277972240396565,0.00653924591508615
0.00290002729028978,0.000875372126114388,0.00570064980504477,0.00715954382067094,0.00697554775861386,0.00170369555063398,0.00307578243998579,0.00647412270621499,0.00902221811221769,0.00855876497180497,0.0026535708940991,0.00435452926453798,0.00308237713871045,0.00381488885257537,0.00767172043793262,0.00387592692546306,0.00434054391828158,0.00551710250349744,0.00277818193312517,0.00653689950113171
0.00290375245920528,0.000875562008143717,0.00570158693384141,0.00716145838907534,0.00697704877652004,0.00170435282620937,0.00307706157753261,0.0064729207599799,0.00902833708351427,0.00855898592799676,0.00265679462957834,0.00435808126912612,0.0030848651643083,0.00381279759822978,0.00766939032667011,0.00388013501990393,0.00434285637505174,0.00551946509504137,0.00277840871003016,0.00653821511918851
0.00290545216008427,0.000876003869237328,0.00570413852359494,0.00716403175146137,0.00698164873148265,0.00170335220676032,0.00307676575557791,0.0064763718219853,0.00903024725675238,0.00855455992051138,0.00265342751507308,0.0043530705985425,0.00308455202408068,0.0038144310875671,0.0076733662779316,0.00388206165765531,0.00434331055117397,0.00552422591673676,0.00277925884260742,0.00654283083175051
0.00290465853032184,0.000875941736743961,0.00570234552543317,0.00716276472583958,0.00697958900747049,0.00170515546653027,0.00308036284361866,0.0064797105775466,0.00903626054300829,0.00855768219634533,0.00265656395809258,0.00435761344544507,0.00308371051208698,0.00381602770760297,0.0076702929865835,0.00387927626473371,0.00434565735568174,0.00552857139660184,0.00278083349521664,0.00654138060839923
0.00290802725072073,0.000876428268684844,0.00570624602358576,0.00716459872788393,0.00698427512522856,0.00170495906912517,0.00308016252432579,0.00648023767112578,0.00903366791680771,0.0085639740800303,0.00265789222309891,0.00435799554164735,0.00308371343037051,0.00381722318353096,0.0076708064544956,0.00387939498954109,0.00434476592862014,0.00552875471966215,0.0027805221752167,0.00654125376315816
0.00290341036321228,0.000876230253592077,0.0057057643862796,0.00716858878751475,0.00697949400156702,0.00170478444973777,0.0030771247468907,0.00647698913033694,0.00902904072648776,0.00856116184020738,0.00265455400115889,0.00435880326801723,0.00308323906772178,0.00381468530090852,0.00767671534083708,0.00387844918540581,0.00434432498002862,0.00551984686415701,0.00278032705695729,0.00653930208385504
0.00290506590166963,0.000875565911102218,0.00570124978025494,0.00716017832796077,0.00697552721564886,0.001705355639568,0.00308449102286711,0.00647264337820769,0.00902661448299311,0.00855770658307655,0.00265383885818661,0.00435391129207806,0.00308203873688291,0.00381438726635851,0.00766683582231667,0.00387908108390844,0.00434454631213725,0.00551511233292868,0.00277970637008898,0.00653927620912965
0.0029088366014182,0.000876191635907975,0.00570749716027401,0.00716609690324432,0.00698096299842249,0.00170457027544475,0.00307902436871756,0.00647700861293073,0.00903259259348567,0.00856267469512727,0.00265551522316474,0.0043568746903298,0.00308531944203695,0.00381715687709391,0.00767585795496858,0.00388272459195336,0.0043468721310205,0.00552682255698851,0.00278113510228307,0.00654033010870079
0.00290110646999575,0.000874998949428336,0.00570104404059153,0.00715915569128545,0.00697406387393421,0.00170360050450311,0.00307465472268905,0.00648497797468114,0.00901983564193122,0.00855765881872654,0.00265122410253172,0.00435491562331573,0.00308097984950213,0.00381468001516686,0.00766817083183018,0.00387440906896215,0.00435082787424036,0.00551758806770479,0.00277782776478938,0.00653799058589611
0.00290651824463565,0.000875939286684941,0.00570373053860367,0.00716172182736744,0.00697730480761073,0.0017050397746508,0.00308163813478471,0.0064778788449479,0.00902501033876758,0.00855748208287552,0.00265815446488235,0.00435949915389439,0.00308547858466874,0.00381687131078434,0.0076787469607085,0.00387860217302555,0.00434653989153398,0.0055277586118204,0.00278052280704695,0.00654005501652093
0.00290132508803901,0.000875844859565845,0.00570558573297824,0.0071649612481838,0.00697499435251894,0.00170481832683686,0.00307915895169087,0.00647590311939608,0.00902959840175807,0.00856104103728192,0.00265497257988743,0.00435794326737744,0.00308157284276022,0.00381511009483224,0.00767455538555676,0.00388049233855572,0.00434629005676098,0.00551941010506606,0.00278008219660002,0.00654365302398864
0.00290868704653345,0.00087664232476513,0.00570558791683808,0.00716596390624798,0.00699141430719039,0.00170408181353121,0.00308042255307149,0.00648807934726634,0.0090250339755319,0.00857312053420738,0.00265962662868836,0.00436352856466638,0.00308504997145957,0.00381889119806329,0.00767723044877423,0.00387969976570608,0.00435017663754185,0.00553070767975256,0.00278148934685347,0.00654006598505165
0.00290213818411048,0.000875586348870125,0.00569943869846712,0.00715952933315844,0.00697183670529868,0.0017021445849753,0.00307853094088178,0.00647729679639891,0.00902378643420578,0.00855413187044464,0.00265364254434991,0.00435523166029748,0.00308172725822693,0.00381592561752292,0.00767416861257418,0.00387838613284525,0.00434517757954919,0.00551402639422651,0.00277785375855155,0.00653687562056081
0.00290715661824007,0.000875989009845323,0.00570361907876021,0.00716216130556148,0.00697694088298161,0.00170644431831783,0.00308028376561499,0.00647431074314512,0.0090261658231093,0.00856061047520948,0.00265768853496015,0.00436165435583876,0.00308686613626997,0.00381755880480615,0.00767527626834866,0.00388117657018416,0.0043450424162864,0.0055206717283863,0.00278006286967872,0.00655125534437404
0.00290422881706857,0.000876634434089424,0.00570473505947524,0.00716723933679555,0.00698119436323361,0.0017056972769304,0.00308030353436032,0.00648263169135168,0.00903290706241687,0.00856264494841598,0.00265906139125396,0.00436193450415166,0.00308397575617847,0.00381678965161445,0.00767820787064791,0.0038793323338694,0.00434650762556878,0.00553093595528177,0.00278070551259274,0.00654235327964671
0.00290497884837075,0.000875667214758536,0.00570268926542883,0.00715598445248797,0.00697270862357372,0.00170374488950649,0.00307842168480753,0.00647121116345765,0.00902723277133691,0.00855744272222135,0.00265554112968682,0.00435910221563978,0.0030815638936102,0.00381360132344498,0.00766685844312495,0.00387574994663404,0.00434248958908787,0.00552266737575858,0.0027806186727494,0.00653639350170155
0.00290553032617165,0.000875844011416272,0.0057025232102708,0.00716290234102062,0.00697859960461741,0.00170370241424382,0.00307955334626528,0.0064791949637202,0.00903256312374912,0.00856859500980661,0.00265506931386121,0.00435576572111081,0.00308473249638762,0.0038180247185386,0.00767230747769578,0.0038777504277428,0.00434437670251075,0.00552478651278699,0.00278184196263835,0.00654087181542054
0.00290229080062034,0.00087556691458853,0.00570096705079287,0.00716358298768629,0.00697634749105481,0.00170446402558246,0.0030784747737785,0.00647426748921288,0.00902859065453139,0.0085569668339161,0.00265704943742947,0.00435582221668335,0.00308250950963947,0.00381311807744386,0.00766975539811057,0.00387731893007332,0.00434286886245095,0.00552506372100149,0.00277902210316648,0.00653792178165312
0.00290373623181434,0.000876405181677078,0.00570413027038673,0.00716679970419632,0.00698119627598646,0.00170519692068221,0.00308036083180497,0.00648073976248666,0.00903182799643835,0.00856222625468019,0.00265819033716012,0.00436067671732194,0.00308431380238168,0.00381690632080861,0.0076773767217215,0.00388002900306182,0.00435086049381055,0.0055286983892208,0.00278103805053493,0.00654174940320069
0.00290943847603338,0.00087637456858657,0.00570485821166391,0.00716697879213593,0.00697823684112055,0.00170487200130606,0.00307816523595323,0.00648300544181198,0.00902981505411054,0.00856805960759302,0.00266403989887409,0.00435788533687477,0.00308429144048631,0.00381626941198152,0.00767534269536286,0.00388183865902191,0.00434487223179446,0.005522108716127,0.00278101133784579,0.00654153297744686
0.0029069095295989,0.000876233464643878,0.00570549960096851,0.00716457164314215,0.00698593530852287,0.00170510497097237,0.00308560474473139,0.0064798395198212,0.0090361876477822,0.00856526747137592,0.00265778255208015,0.00435951724237816,0.00308365392711455,0.00381656124711617,0.00767718992783221,0.00388049552241384,0.00434601100819978,0.00553082005641518,0.00278634188012525,0.00654138423172585
0.00290670234603259,0.000876632426448752,0.00570649659404633,0.0071657747704172,0.00698360708095101,0.00170611390363966,0.0030807114650861,0.00648838235320889,0.0090309758880759,0.00857421785231964,0.00265977799195185,0.00435992835766381,0.00308798201769657,0.00381689251295234,0.00767816437054555,0.0038823033014367,0.00434569720928721,0.00552183090931867,0.00278115119466892,0.00654414931117697
0.00290365124241242,0.000875664274108274,0.00569851269472721,0.0071615356171531,0.00697454760158953,0.00170289612216083,0.00307540302450933,0.00647219280740094,0.00902171775113616,0.00856629901607189,0.00265308641749514,0.00435835643011251,0.00308096073547031,0.00381201654110048,0.0076671111762015,0.00387424001696851,0.00434242570747545,0.0055167743856804,0.00278049602425213,0.00653527078607788
0.00290248225716414,0.00087551580229493,0.00570253096473578,0.00716077600892821,0.00697448574465287,0.00170340191455772,0.00307638721085674,0.00647306724890228,0.00902560461868532,0.00855710881152794,0.00265486902510916,0.0043552477577203,0.00308219878325419,0.00381453711918659,0.00767527297241148,0.00387950413927551,0.00434302612136305,0.00551845303676692,0.00278051754365427,0.00653841696750558
0.00290358661800458,0.00087578557188972,0.00570286343656169,0.00715524899798231,0.00697660359599889,0.00170212324726027,0.00307425389982032,0.00647056114521525,0.00902808442686659,0.00855671099487488,0.00265293465095559,0.00435534959381201,0.00308117625330345,0.00381069015970589,0.00766477770459924,0.0038774300742227,0.00434036301580846,0.00551974962383603,0.00277634269991696,0.00653697784673818
0.00290337939201613,0.000875058258603746,0.00569285889222412,0.00716058238367522,0.00697538773236106,0.00170236399036023,0.00307561050199215,0.00647963570296016,0.00902277448682252,0.00855240059537998,0.00265415288966617,0.00435201792079812,0.0030834689229501,0.00381263299602296,0.00767272729206551,0.00388009463970124,0.00434150704822531,0.00551987170175349,0.00277951904263139,0.00654267171311619
0.00290560722996751,0.000875900730973348,0.0057036404395884,0.0071728960826921,0.00697874969286264,0.0017059493137168,0.00308443453963029,0.00648420074705547,0.00903564082408896,0.00856538265578786,0.00265839474365839,0.0043610959973682,0.00308633461083164,0.00381721110690971,0.00767933307489612,0.00388050303919283,0.00434817263884189,0.00553079433948721,0.00278181090560319,0.00654933544752045
0.0029045784477505,0.000876766198175107,0.00570472369152181,0.00716830323050101,0.0069803373570669,0.00170616271969007,0.0030821802499898,0.00648406803031734,0.00903450263572726,0.00856595850427184,0.00265826831745004,0.00435957320222568,0.00308458350876684,0.00381615749801939,0.00767265814123748,0.00388095570230844,0.00434688338784634,0.00553079747652664,0.00278136851869989,0.00654334674974167
0.00290988717328643,0.000876506171423679,0.0057045184936106,0.00716654400610957,0.00698031882860939,0.00170535453169849,0.00308463966096289,0.00647975404109234,0.00903284904425946,0.00856258061704649,0.00265654694240745,0.00436020384956061,0.00309052678080986,0.00382287950707124,0.00767800495256141,0.00388925884248831,0.00434650639328367,0.00552080661802128,0.00278639022107713,0.00655264253743175
0.00290367213070877,0.000875416591157311,0.00570105751482372,0.00715924066725515,0.00697355293035323,0.00170358128077274,0.00307513371255564,0.00647390065490318,0.00903415695472213,0.00856620040387519,0.00265357426859339,0.00435228699886703,0.00309321622258819,0.00381832588022299,0.00767250386189169,0.00387579828752713,0.00434487158758174,0.00551613593013191,0.00279303834632396,0.00654054329495298
0.00290356340403316,0.000875662072268861,0.00569699651991366,0.0071603425787725,0.00697424685557249,0.00170397484185204,0.00307850804952739,0.00647328837784093,0.00902540429812064,0.00856016353633515,0.00265760587006932,0.00435390726675123,0.00308249875108057,0.00381314258205744,0.00767152420391392,0.00387771459577894,0.00434348888348999,0.00552225573603752,0.00278042670365074,0.0065389485307008
0.00290015233833616,0.000875180630043338,0.00570029484671984,0.0071563779025251,0.00697121720379173,0.00170670771579488,0.00307540644269051,0.00648425214040462,0.00902188999738922,0.00855730252507399,0.00265187218566848,0.0043515672784939,0.00307983487211246,0.00381090646072595,0.00766877428524031,0.00387520651575328,0.00435204396951355,0.00551587189139655,0.0027776451808309,0.0065375487649011
0.00290916139511165,0.00087539316137863,0.00569648920783419,0.00715648556816453,0.00697504845297074,0.00170317892744469,0.00307711597268293,0.00647732157838571,0.00903711899899234,0.00855455381425175,0.00265135041895296,0.00436339301191601,0.00308107629832146,0.00381240013080558,0.00767074434816925,0.00387620754610399,0.00434943087449769,0.00551379454987332,0.00277759228945724,0.0065387963242026
0.00290163228924701,0.000875768465654535,0.00569607965310053,0.00715624389307217,0.00697186938723203,0.00170299070156361,0.0030752079845624,0.00647248978515526,0.00902352306860064,0.00855233094588,0.00265296609747983,0.00435434563116826,0.00308150207332068,0.00381205863893141,0.00766928280362854,0.00387519827209665,0.00434239862190823,0.00551706266143986,0.00277834137154452,0.00653645242976377
0.00290567119636574,0.000875772288801941,0.0057013193300064,0.00716478662289781,0.00697336929128733,0.00170703347370334,0.00308288139616023,0.00647568257992485,0.00902673365100783,0.00855826529357361,0.00266202759085772,0.00436286733321118,0.00308695093759393,0.00382003139044706,0.00767233905964108,0.00388614597739861,0.00434586337736636,0.00552849025078161,0.00278377079036116,0.00653630874452261
0.0029055290449804,0.00087648527536484,0.00570568493787657,0.00716573665117044,0.00698107439453943,0.00170583910668514,0.00308196557584582,0.00648164863063167,0.00903395497197465,0.00856309560548489,0.00265893928664014,0.00435878098298714,0.00308418369809076,0.00381859218109043,0.00767479168383422,0.00388032934543251,0.00434635011835024,0.00552980878418438,0.00278230209121982,0.00654385475397425
0.00290215703615003,0.000875788574656846,0.00570213781706109,0.00716634809063643,0.00697756189552641,0.00170372681859405,0.00307661467887589,0.00647620589902849,0.00902522104565466,0.00855739351644427,0.00265354579446864,0.0043554188316949,0.00308304000624244,0.00381525993579323,0.00767163214349923,0.00387689335602668,0.00434253651885277,0.0055176255799318,0.00277992213693239,0.00653938186827578
0.0029009723223833,0.000875251764815115,0.00569849411678849,0.00715799897364608,0.00697159195420174,0.00170291103922418,0.00307976354201973,0.00647260182773344,0.00902669764956887,0.00855364498744068,0.00265309351636704,0.00435333349608099,0.00307979812332364,0.00381389973352661,0.00767620571774528,0.00387677390217287,0.00434031642925026,0.00551633398294747,0.00277738224578273,0.00653527189644436
0.0029050622142417,0.000876117495553993,0.00571132386196677,0.00716322240262695,0.00698014819212711,0.00170567110633612,0.00307724124922776,0.00648233857759108,0.0090315695865535,0.00856207649512106,0.00265718090937003,0.00436105818146686,0.003083206696654,0.00381620831578501,0.00767840319410631,0.00388045241616336,0.00434915462941191,0.0055208611615828,0.00278035417683573,0.00654033912578816
0.00290135780995531,0.000875777821823111,0.00570093524596887,0.00716415829959957,0.00697615675162871,0.00170360070118512,0.00307635585347334,0.00647348442778708,0.00904384203062077,0.00856052980044235,0.00265344644252909,0.00435485666701962,0.00308287352777455,0.00381369212075071,0.00767042185543068,0.0038774555483605,0.00435104024280401,0.00552873471342122,0.00277876932113073,0.00653886164407782
0.00290748288234322,0.000876443926557558,0.00570412519871059,0.00716748003999414,0.00698236825819803,0.0017103912274175,0.00308082237851026,0.00647923462475113,0.00903123805668603,0.00857438410507325,0.00266538183955333,0.00436018639623949,0.00309288182352369,0.00382691464433364,0.00767604327578094,0.00389239119298884,0.00434845394978743,0.00552259600348243,0.00278785543235859,0.00654236797094474
0.00290277525606185,0.000875762468883454,0.00570132563425812,0.00716148113691126,0.00697923805680278,0.00170423983444955,0.00307893143674111,0.00647381504712266,0.00902870928308421,0.00856069699648951,0.00265841371753318,0.00435647663897524,0.00308224882158199,0.00381509315456444,0.00767137382162552,0.0038766268069645,0.00434290867836412,0.00552427823866099,0.00278026954198014,0.00653834829947437
0.00289938483486396,0.000875224438432807,0.0056991686919912,0.00715368656926285,0.00697469130536127,0.00170269966006027,0.00307463083337154,0.00646982584570021,0.00901924011573336,0.00855447928935338,0.00265104633931265,0.0043522191901643,0.0030814762105608,0.00381194124435821,0.00766512718192839,0.00387415907758305,0.00433919242758883,0.00551462431187579,0.0027766337224956,0.00653636688502613
0.00290356286704124,0.000875722426008038,0.00570099675038308,0.00716288348737007,0.00697684955256623,0.00170463660167747,0.00307735743439091,0.00647377980590189,0.00903245765303996,0.0085643531809086,0.00265542309588103,0.00436017812745025,0.00308548442172992,0.00381446473489706,0.00767319480485279,0.00387836683926435,0.00434431262433672,0.00552397708643803,0.00277957818096826,0.00653895363511762
0.00290712740539862,0.000875826089695413,0.00570563503364967,0.00716701892225037,0.00698007097117354,0.00170416253906489,0.00307774735427574,0.00648412752290796,0.00902921029875243,0.00856220600371842,0.00265743758019397,0.00435914999975739,0.00308627561360208,0.00382076117248458,0.00767454300548135,0.00387917119542334,0.00434347970827741,0.00552042425408765,0.00278023995003419,0.00654198839855672
0.00290529613090098,0.000875558289567678,0.00570234364168754,0.00716296469567046,0.00697954147851598,0.00170444158426739,0.0030771195166484,0.00647609416296258,0.00902527139657396,0.0085601636089964,0.00265772374770035,0.00435536124970375,0.00308330090439364,0.00381490790965124,0.00767224588105407,0.00388373628353336,0.00434311739360452,0.00551819153003159,0.002780494840953,0.00653873894902279
0.00290202591876474,0.000874620067777633,0.00569629435659915,0.00715760986884435,0.0069697252731897,0.00170228052928557,0.00307679328767855,0.00646879607482465,0.0090267672115296,0.00855153792769627,0.00265167806214916,0.00435074111223583,0.00307982017664935,0.0038118796877307,0.0076661699327633,0.00387421568646848,0.00434065239133572,0.00551634258979706,0.00277488936299342,0.00653765024127782
0.00291915291365126,0.0008762606999277,0.0057040503237578,0.00716612631702316,0.00697882111002395,0.00170545352467016,0.00308002692788667,0.00648018242180247,0.00903338737893166,0.00856599534438536,0.00265799801128285,0.00435845631412492,0.00308521809462358,0.00381546978164103,0.00767550615983621,0.00387995774627815,0.00434631821856423,0.00552969629891579,0.00278040241861332,0.00654253801586603
0.00290237758292273,0.000875593402933319,0.00570205311556781,0.00716146026700657,0.00697410989906907,0.00170620324790618,0.00307996927260396,0.0064778737224137,0.00902913582294063,0.00855636922057156,0.00265814463199747,0.00435699344196706,0.00308234552150116,0.00381604553715188,0.00766904925926924,0.00387972954547814,0.00434732329671192,0.00552640072269524,0.00278162066163934,0.00653946337977844
0.00290515343142931,0.000876408192900505,0.00570351019209505,0.0071647545485907,0.00698169966109595,0.00170457751123593,0.00307962795219241,0.00647868639883819,0.00903202903104306,0.00856258483121198,0.00265793097830498,0.00435768180029266,0.0030848413100928,0.00381521856558785,0.00768090310908266,0.0038788610278661,0.00434566024763938,0.00552428708260128,0.00278154461912945,0.0065424907587088
0.00290653091491377,0.000876016879778364,0.00570225719716662,0.00716525106982125,0.0069787927321126,0.00170435482249069,0.00308070167892984,0.00647563759488182,0.0090260364635359,0.00855980871761958,0.00265436569483953,0.0043566273858959,0.00308326042977407,0.00381600039539557,0.00767940586038269,0.00387910268296521,0.00434345179792102,0.00552098283814143,0.00277970844609703,0.00653874491198521
0.00290121342605807,0.000875781598113048,0.0057016469335063,0.00716651040028173,0.00697321107992739,0.00170416265921644,0.00308046627605047,0.00647762523062172,0.00903035272241613,0.0085632727235753,0.00265648113089897,0.00435439756438204,0.00308193450023484,0.00381298442637694,0.00767125389945805,0.00387816983711136,0.00434414086197357,0.00552558423767256,0.00277941141201206,0.00654176050235284
0.00290127593046428,0.00087456505602858,0.00569197920215904,0.00715173828884,0.00697675527193505,0.0017005732226341,0.00307361416771815,0.00646513792394025,0.00902100108653141,0.00855101014995581,0.0026556141832095,0.00435099270274878,0.00307934683567877,0.00381137621923666,0.00767109514213346,0.00387504489796059,0.00433615053594433,0.005520788107715,0.00279910792915253,0.0065283940804651
0.00290239996295772,0.000875523547346931,0.00569873763867305,0.00716013344846015,0.00697456109459485,0.00170369944402472,0.00307760189145104,0.00647258119470135,0.00902976784363689,0.00855919944336695,0.00265563415745376,0.00435593844598892,0.00308383424724103,0.00381489218043515,0.00766829465557571,0.00387622774949965,0.00434291467973793,0.00552296005975433,0.00277919010332903,0.00653667252731552
0.0029107065071221,0.000876430224474839,0.00570450342188045,0.00716686371107757,0.00698078235865568,0.00170461837526321,0.00307852076472674,0.00647900288920124,0.00903283705085875,0.00856259769793065,0.00265610167608003,0.00435889161957575,0.00308437580496039,0.00381795336530576,0.00767479140090365,0.0038791160089065,0.00434583129875388,0.00552258130931095,0.00278031175707311,0.00654409971683527
0.00290293722001994,0.000876230731870163,0.00570659537642365,0.00716445777612588,0.00698281136108009,0.00170499962058036,0.00307879198005499,0.00648007000119498,0.00903079334076612,0.00856741698458614,0.00265510027148838,0.00435903426794533,0.00308641945787443,0.00381643652947888,0.00767521632072927,0.00388027957576287,0.00434643520327266,0.00552022693888128,0.00278000388821921,0.00654445476863401
0.00290295381098515,0.000875887762990585,0.00570226111381793,0.00716228913965432,0.00697846425685534,0.00170469010352151,0.00308285429088877,0.00647769975502917,0.009030487332768,0.00855813962646176,0.00265610171159047,0.00435620900455983,0.00308426264677452,0.0038160587818461,0.00767490938459581,0.00387933299342495,0.00434364348254989,0.00552323282905975,0.00278008078817751,0.00654205607011089
0.00290734148843725,0.000876333819168057,0.00570588533797508,0.00716694468272484,0.00698266381957632,0.00170532075025657,0.00308060930329608,0.00648370906354395,0.00903452494214194,0.00856344154800002,0.00265848446269662,0.00435921646679401,0.00308534537712691,0.00381693206770065,0.00767670249475666,0.00387947185953183,0.00434757119039174,0.00553058821200034,0.00278107208202416,0.006543414204398
0.00290624457577156,0.00087588848572417,0.00571072648797039,0.00716287966505063,0.00698211673059978,0.00170414279862047,0.00307611647243233,0.00647566770158614,0.00902538304434233,0.00856093605057752,0.00265752601072746,0.0043560757097784,0.00308275307145061,0.00381472322154753,0.00768192561935971,0.00388173908313675,0.00434467643586896,0.00551906301041647,0.00277918715467746,0.00653878988344944
0.00290431790443769,0.000875988875781007,0.00570139502803286,0.00716890349865075,0.00697715106963279,0.00170595647981576,0.00308117293729963,0.00648114162490356,0.00903842216815022,0.00856235990659563,0.00265798940476889,0.00435942626753343,0.00308507141797872,0.0038173657001345,0.00767798140378373,0.00387980286516107,0.00434788643203635,0.00553140823609587,0.0027829864020605,0.00654326431877438
0.00290576153312765,0.000876408197390157,0.00570529591445074,0.00716466956202192,0.0069815241111209,0.00170586349995728,0.00308034409498849,0.00648336157776275,0.00903111955479725,0.00856897714822577,0.00265687280163762,0.00435926384747923,0.00308484983966218,0.00381920701998214,0.00767601135622144,0.00388061899621566,0.00434645091738872,0.00552454145463073,0.00278117192662225,0.00654249347781183
0.00290207901175072,0.000875347488910851,0.00570232244198316,0.00715857990724941,0.00697255538944752,0.00170391178818423,0.00307789129651271,0.00647796821880017,0.00902813982813645,0.00855686755791415,0.00265550416265775,0.00435668575735403,0.00308348046200664,0.00381557645485171,0.00767339264325484,0.0038788986016429,0.00434330276794281,0.0055250771693746,0.00278005395572991,0.0065391784907438
0.00290587071407206,0.000876203830046063,0.00570468828437663,0.00716659926151689,0.00697983660288796,0.00170466221263517,0.00308242863367585,0.00648655829440682,0.00903263276661427,0.00857131546437232,0.0026599414257509,0.00436714876707396,0.00308721548227248,0.00381683978928494,0.00767736772795052,0.00387841275253624,0.00434690762668314,0.00552110436431453,0.00278310684094378,0.00654336934749597
0.0029068076911735,0.000875056243627978,0.00569624890501761,0.0071575650977643,0.00697336851178538,0.00170322257650409,0.00307392928971137,0.00647358234141731,0.00902297614208912,0.00855660991383941,0.00265258645062843,0.00436118921235274,0.00308609291478259,0.00381206337777618,0.00767616484529163,0.00387549362345669,0.00434065531794256,0.00552323093776833,0.00277603958575405,0.00653119745524765
0.00290672951911048,0.000876387232594171,0.00570603227794548,0.00716756964896546,0.00698053423783983,0.00170435784951295,0.00307755671451255,0.00647608074970409,0.0090317524337893,0.00857269141623795,0.00265798916139579,0.00436326247574783,0.00308397131192664,0.00382066337003023,0.00767339449745617,0.00387993143544123,0.00434387969953517,0.00552247095554011,0.00278304752269093,0.00654010485085534
0.00290434150483193,0.000875765908763398,0.00570050133484991,0.00716045262461099,0.00697439345945947,0.0017039717478786,0.00307568313406973,0.00647239420690852,0.0090309452469084,0.00855396116688407,0.00265473209748062,0.00435364337204837,0.00308340725801626,0.00381454979580842,0.00767420501359365,0.00388011954882829,0.00434390253811546,0.00551772197061602,0.00278073702270113,0.00654055572429075
0.00290706035294453,0.000876245328805309,0.00570477134151981,0.00716389707081239,0.0069801808556141,0.00170403603646004,0.00307768182602413,0.00647793674805835,0.0090302197030884,0.00856033119582993,0.00265655059378883,0.0043564371571247,0.00308499813789047,0.00381832572787231,0.0076749919002991,0.00387825763686375,0.00434355090680748,0.00552823776368605,0.00278128413879732,0.00655101197751952
0.00290589467114985,0.000876024985981528,0.00570253482216888,0.00716669936129239,0.00698282983384345,0.00170608366900231,0.00307842781610936,0.00647791874942215,0.00903639602608393,0.00856463657862088,0.00265640510263019,0.00435713792514609,0.00308607718899365,0.00381715796541096,0.00767458810630717,0.0038773840092532,0.00434868402309311,0.00552049628098179,0.00277918066223666,0.00654611430253944
0.00290400248495661,0.000875832941544361,0.00569481666456021,0.00716178561612968,0.00697348432989479,0.00171737521358474,0.00307681761989323,0.00647298392936854,0.00902428284538402,0.0085586219724148,0.00265707751941045,0.00435562152908669,0.00308214583540643,0.00381660202848787,0.00767197548210073,0.00387814353118542,0.00434234065697353,0.00552164610118408,0.0027796862844531,0.0065354840721369
0.00290335971188086,0.000875135762012925,0.00569666024377448,0.00715738080738577,0.00698200076425361,0.00170195779400663,0.00307515364554103,0.00647189321421869,0.00903325711615621,0.00855555282208988,0.0026524729523382,0.00435290429688963,0.00308060959098869,0.00381225748331962,0.00766889740630996,0.00387554247125299,0.00433975070740695,0.00551465044166602,0.00278090326450869,0.00653663192504325
0.00290846494491841,0.000875836899861906,0.00570252872986274,0.00716467305485989,0.0069738415771793,0.00170352467374068,0.00307799680932944,0.00647613180151492,0.00901923983038258,0.00855539319151565,0.00265457353179618,0.00435411512149326,0.00308461381027166,0.00381611225986916,0.0076789481914111,0.00387886478350717,0.00434305274680489,0.00551536038631381,0.00278048082299149,0.00654352108719979
0.00290726105563313,0.000876146926450473,0.00570680336286634,0.00716537288280488,0.00698208730056294,0.00170744877831206,0.00307752280881999,0.00648286660974747,0.00903342325535022,0.00856186497590251,0.00265901575362813,0.00436307244477761,0.00308436121221518,0.00382025655611569,0.00768071399700224,0.00388336880820044,0.00434725053635203,0.00551908784514464,0.00277959793723255,0.0065537699427236
0.00290137060229828,0.00087568004734584,0.00570193854664021,0.00716211729290349,0.0069770566538526,0.0017071617971929,0.00307585694745559,0.00647494438373748,0.00902533397995962,0.00856627746196654,0.00265357627432204,0.00435575026992429,0.00308168467956661,0.00381391428327532,0.00767130251405748,0.00388433347451594,0.00434189725585674,0.00551803348679004,0.00277859602908068,0.00655561678276487
0.00290726896803211,0.000876509650762937,0.00570527168429661,0.00717021993350861,0.00698325070208372,0.00170434840337772,0.00308174194870957,0.00647615057726379,0.00904417675812703,0.00856694732395943,0.00265578415673291,0.00435749595179688,0.00308575301161577,0.00382165040244616,0.00767573385632412,0.00387877365746429,0.00434671495550565,0.00552785050776965,0.00278074644953539,0.00654599434763108
0.00290679150307167,0.000875919038609204,0.00570608496921494,0.00716634939335676,0.00698145325580884,0.00170429717139905,0.00308171470836955,0.00648135903182137,0.00904283117644806,0.00856392608508889,0.00265567936402969,0.00436476715607124,0.003083107368406,0.00382115697295754,0.00768394812255659,0.00388514005462948,0.00434657113552741,0.00552879370482275,0.00278037066564958,0.00654004847301977
0.00290307882166935,0.000875788293420797,0.0057041085043332,0.00716736773029303,0.00698040490638233,0.00170463812824939,0.00307830794935479,0.00647565583531441,0.00903399485876655,0.00855976955430917,0.00265372700015534,0.00435560611132437,0.0030823240312204,0.00381452244477866,0.00767442312064374,0.00387743202148139,0.00434441800070866,0.00551711147595515,0.00278044426185595,0.00654113760481558
0.0029057453482904,0.000876464701780458,0.00570433179377085,0.00716491349126905,0.00697934472585579,0.00170652340233743,0.00307864164599082,0.00647482102165686,0.00903320529447242,0.00856413858366693,0.00265630575520256,0.00436166865128782,0.00309298997113358,0.00382149922824645,0.00767995093275055,0.00387982480887935,0.00434351401046175,0.00552624385113914,0.00278328907079747,0.00654292144457252
0.00290506821673086,0.000876079025348955,0.00570321705125575,0.00716931968587874,0.00697927114103945,0.00170318544787797,0.00307863979311137,0.00647498346827263,0.00902933767166163,0.00856076394343404,0.0026569802689657,0.00435500693255696,0.00308411333401672,0.00381602395175037,0.0076787748333977,0.00387583826025949,0.00434441147026687,0.00551908441803036,0.00277845537631165,0.0065387722649387
0.00290493044289396,0.000875951292751114,0.00570406087951176,0.00716383705637643,0.00697754296903723,0.00170350763750714,0.00307706451949483,0.00647505501764743,0.00903179145394692,0.00856614106101343,0.00265513004388366,0.00435584474393367,0.00309749759144772,0.00381390914112218,0.00767845790777239,0.00387696345112713,0.00434824762301752,0.00552431548203808,0.00278108273058177,0.00654165794534517
0.00290817221920445,0.000875811882168914,0.00570433659826531,0.00716313408453892,0.00697931612363997,0.0017051809028105,0.00307774563385506,0.0064764272814,0.00903064746160152,0.00856368759799005,0.00265593254646318,0.00435739520131573,0.00308358821531089,0.0038142933312868,0.00767273761181217,0.00387803327368195,0.00434478495373639,0.00552148626070011,0.00278082903715816,0.00653824954452826
0.002908381957892,0.000875827115507249,0.00570179860665704,0.0071617587445517,0.00698380544422393,0.00170433984573854,0.00307581947802296,0.0064757892709454,0.00902912719876021,0.00856405734531126,0.0026541702219831,0.00435503474633883,0.00308357591081942,0.00381648915500357,0.00767289678414968,0.00387868356333694,0.00434369531393308,0.00552070503824325,0.00278378647899362,0.00655124513422039
0.00290204608069365,0.000875909618032398,0.00570149719114716,0.00716061744288008,0.00697842059419719,0.00170378429967185,0.00307803227618474,0.00647375728033552,0.00902469259474442,0.00855674866772113,0.00265600468357711,0.00435561183843077,0.00308098349136586,0.00381418335958415,0.00767022357725735,0.00387641756313994,0.00434273384387674,0.00552542559325214,0.00277891721905162,0.006535824872446
0.00289738907565787,0.000874706701100049,0.00569807077551699,0.00715011322044737,0.00697365730217895,0.00170417451453466,0.00307838984703546,0.00646769499904264,0.00902269506764221,0.00855687577980657,0.00265561666724905,0.00435455732168071,0.00307788778882692,0.00381921293176411,0.00766977327867766,0.00387694686183458,0.00434472841887833,0.00552320750635785,0.00277578037758906,0.00653424998013956
0.00290657465122055,0.000876325798519247,0.00570539153656817,0.00716666966844762,0.00698301070937514,0.00170580791021518,0.00308054648983052,0.0064798475342512,0.00903283571185087,0.00857162736234436,0.00266597079149571,0.00435789719698552,0.00308444248340912,0.00381701730280405,0.00767907987716666,0.00387919883102877,0.00435026950014193,0.00552068473984883,0.00278069571528188,0.00654335914284365
0.00290749219389458,0.000876255106606283,0.00570575352754688,0.00716588717554761,0.00698000488537431,0.00170697190836324,0.00307717300005821,0.0064765388220896,0.00903105201176686,0.00856214774597302,0.00266007752933855,0.00435785373665838,0.00308354528308922,0.0038170481946032,0.00768573090521926,0.00388323586376189,0.00434500566127404,0.00551945122763414,0.00277949465544568,0.00654174504305806
0.00290384876068567,0.000876681923437248,0.00570346796694112,0.007162549440571,0.00698213969044375,0.00171001222818501,0.00308185955631943,0.00647848437469335,0.00903004887254997,0.00856100654117844,0.00265766003143964,0.00436319727159483,0.00308552364276635,0.00381901637568106,0.00767148453377928,0.0038792757164992,0.00434561281193165,0.00552508529115555,0.00278280363703465,0.00653762862855668
0.00289986728344491,0.000875092285565846,0.00569730884072359,0.00716083077806972,0.00697435375457299,0.00170436058585711,0.00307820316852018,0.00647484835386907,0.00902772182335472,0.00855464748034182,0.00265661454442501,0.00435526165603878,0.0030809861555192,0.00381262656419821,0.00766854860029386,0.003875863887818,0.00434231596040481,0.00552397974795,0.00277833599965672,0.00653661920336661
0.00290001940560511,0.000875560542188936,0.00570013806545601,0.00716107333878261,0.00697297811919769,0.00170308509973744,0.00308031032850081,0.00647314636242792,0.00902359261660982,0.00855464456566339,0.00265449806442198,0.00435430015211018,0.00308117946273394,0.00381368138650656,0.0076698219083021,0.00387504250174248,0.00434968612592137,0.00551630532462206,0.00277828746932729,0.00655032565273521
0.0029089846593882,0.000875426473468368,0.00569967793547291,0.00715812062283791,0.00697544873122029,0.00170324997567191,0.00307684234751288,0.00648847158847213,0.00904382459563695,0.00857578527922592,0.00265900288850891,0.00435688924176745,0.0030894308684231,0.0038127185749129,0.00767418205118417,0.00388735751953107,0.00434350604623648,0.0055165163627221,0.00278453661088766,0.00653463875856544
0.00290090152735306,0.000875537464735271,0.00570060239473936,0.00716601088909347,0.00697256302573677,0.00170463259059991,0.00307827883413699,0.00646829987960058,0.00902309664423796,0.00855372922136124,0.00265639343682735,0.0043515201641482,0.00307954774846389,0.00381463575882535,0.00766400041954365,0.00388010588749067,0.00434061938110105,0.00551326565325724,0.00277820545129532,0.00653411575942467
0.00290605634713382,0.000876516637195351,0.00570804430454631,0.00716735985692776,0.00697704008313056,0.00170679152716981,0.00308061321281588,0.00647872213796417,0.00903518197637707,0.00855863619011298,0.00265735030075415,0.00435823380211172,0.00308308188002632,0.00381570612524901,0.00767587628544212,0.00387912935705687,0.00434616844539077,0.00552930939893967,0.00278160036605649,0.0065443967192808
0.00290441130918219,0.000876337004881693,0.00570491222260034,0.00716605947469867,0.00697686608803358,0.00170575903387686,0.00308064090984238,0.00647884520724192,0.00903082100894168,0.00856339849879351,0.00265740014142034,0.00435838862758648,0.00308395487712821,0.00381617450823727,0.00767530323362143,0.00387950218828138,0.00434643098126348,0.0055245523919124,0.00277928200438088,0.00653896765482383
0.00290851701539965,0.000876443561660877,0.00570288989231297,0.00716389002342324,0.00697821338821026,0.00170403761971929,0.00307644364648503,0.0064766866017629,0.00903063652884266,0.0085627864279127,0.0026541208997955,0.00435861404884656,0.00308280947585734,0.00381647120157531,0.00767432768433949,0.00388340241337386,0.00434938220603509,0.00552008530975124,0.00278326241693533,0.00653895645320259
0.00290207600296293,0.00087554631944592,0.00570473877186061,0.00716154420650933,0.00697865106190702,0.00170434761582001,0.00307702569447963,0.00647422058753292,0.00902937400017091,0.00856156446489591,0.00265650433766293,0.00436148444375519,0.00308536472655539,0.00381852517156646,0.00767457259039308,0.00387734731034435,0.00434303513606133,0.00551853587075824,0.0027818396542716,0.00654013296511616
0.0029044494057336,0.000876032307207616,0.00570523933901174,0.00716522129668788,0.00698224359676612,0.00170475064231772,0.00308040464342659,0.00647917882658015,0.00903538285254111,0.0085658578877191,0.00265791260679614,0.00435829137802249,0.00308519858143983,0.00381575458056209,0.00767552845330074,0.00388214567599475,0.00434709266459537,0.00552976182664487,0.00278123243191351,0.00654233895141963
0.00290253769427144,0.00087672276602888,0.00570715666849978,0.00716883887824263,0.00698169541876086,0.00170652077847589,0.00308207457052908,0.00647701655832216,0.0090350540483243,0.00856347860552975,0.00265893785150298,0.0043611591112112,0.00308772225687519,0.00381622086713401,0.0076778922507647,0.00388030362398456,0.00434913243828666,0.00552998174610042,0.0027847862082991,0.00654051977783102
0.00290206762714592,0.000876074472971971,0.00570208803397078,0.00716668549167992,0.00697705048029062,0.00170444091974602,0.00307938726989863,0.00647786004478359,0.00902826888464081,0.0085578067760716,0.00265703615216019,0.00435616261077723,0.0030832508383013,0.00381551597976458,0.00767424523636273,0.00387658168919739,0.00434341367972765,0.00552489500616523,0.00278036254552869,0.00654162427741021
0.00289948017124685,0.000874940826497334,0.00570011060853845,0.00715882098795067,0.00697402968499159,0.00170380874525393,0.00307742290127852,0.00647447858702954,0.00902545050519468,0.00855583081808308,0.00265513960230895,0.00435482103922114,0.00308072069108742,0.00381203926028742,0.00766826949992238,0.00387630023283002,0.00434152123757528,0.00552444620321581,0.00277853969134662,0.00653624126811065
0.00290202973270277,0.00087529073998934,0.00569946621742675,0.00715909144958999,0.00697174703032188,0.00170342171042997,0.00307896917852103,0.00647367445741765,0.00902972940970818,0.008558761842668,0.00265555779913447,0.00435534541434509,0.00308028303680698,0.00381219665930576,0.00767340646261615,0.00387485455954912,0.00434038723330117,0.0055201067740312,0.00277825612536506,0.00653879031540744
0.00290841080387814,0.000876658713276937,0.00570517474867914,0.00716526204236063,0.00698233288657361,0.00170673274749898,0.00308284417344613,0.0064879566497623,0.00904444844045398,0.00857733377747729,0.00265779157699065,0.00436146206310557,0.00308672981095412,0.00381793689767333,0.0076838111653712,0.00388211411703234,0.00435048650000386,0.00552355026579236,0.00278322688059278,0.00654596177578341
0.00290039008493981,0.000875249236016477,0.00569740861871,0.00716062738675546,0.00697264004562121,0.00170335717606373,0.00307514543000537,0.00647094951924008,0.00902178752846181,0.00855397466668422,0.00265283395981274,0.00435303230839472,0.00308205745084967,0.00381287111494626,0.00768271639353583,0.00387791384744855,0.00434095675386038,0.0055152207364953,0.00278437626054407,0.00655112683534463
0.00290423733562361,0.000875872552862596,0.00570234572037184,0.00716286770797456,0.0069836656957042,0.0017050160622087,0.0030811634372561,0.00648121043201247,0.00903528735006963,0.0085651176722917,0.00265801896116498,0.00435961223501093,0.00308597443403582,0.00381630488219507,0.00767741298576602,0.00387919331342556,0.00434719707578644,0.00553054056895641,0.00278166013782311,0.00654365541924725
0.00290057482549598,0.000875680653062237,0.00570122959564999,0.00715840849689802,0.00697712939764337,0.00170359259170627,0.00307802412167548,0.00647328354519769,0.0090213031060509,0.00855657854876661,0.00265536580693746,0.00435911713487773,0.00308171862561725,0.00381559734193945,0.00767083995074565,0.00387627814795592,0.00435210338180528,0.00552184411650575,0.00277816202937832,0.00654027424710253
0.00290518369797717,0.00087614388092666,0.00570389588545309,0.00716316887740193,0.0069827597892022,0.0017043615813098,0.00308054611861584,0.00647820341154945,0.00904210925998431,0.00856259556367949,0.0026573866438004,0.00435815853419278,0.00308383002110991,0.00381547939818876,0.007677275251435,0.00387799253590714,0.00434610453546858,0.00552052351799955,0.00278073357172914,0.00654347731561288
0.00290258962420782,0.000875862844365594,0.00570251660096828,0.00716268450331325,0.00697617097155545,0.00170557763821625,0.00307823869522429,0.00647592511834457,0.00903003502974173,0.00855598126006425,0.00265633101991427,0.00435892690193048,0.00308139680445918,0.00381560546013739,0.00767173456786234,0.00387606360955478,0.00434703491611839,0.0055266354619533,0.00277942742513864,0.00653677916457041
0.00290397022895911,0.000876611805453295,0.00570407493656682,0.00716409292340504,0.00697906904112794,0.00170667373105654,0.00308360775548742,0.0064814891668035,0.00903867202299879,0.00856590961957576,0.00265779959923626,0.00436144631441267,0.00308773207825937,0.00381904171872011,0.00767955497866851,0.00388117677500946,0.0043469128992757,0.00552879037199627,0.00278171667305304,0.00654362090393846
0.00290626762171981,0.000876320587510822,0.00570368020438882,0.00716622569471834,0.00698077520295207,0.00171208217017027,0.00307745936780965,0.00647583194620166,0.00903544821606687,0.0085616944537864,0.00266720431220868,0.00437744403367233,0.00309738501547284,0.00381918435192172,0.00768880976554418,0.00387859935065337,0.00436318772973971,0.00552096303142648,0.00279544403184965,0.00654166487300542
0.00290369093800403,0.00087625049893001,0.00570095476149395,0.00716601338199714,0.00698010907716597,0.00170627293004916,0.00307943574520406,0.00647993010942231,0.00902915777362416,0.00856171819363658,0.00265569786492972,0.00435752816335273,0.00308658691227515,0.00381797295203856,0.00767650192969419,0.00387867367620571,0.00434545722578937,0.00552906017625719,0.00278201881437297,0.00654505134167585
0.00290060147429488,0.000876250789827387,0.00570130164216742,0.00716064038205512,0.00697635290327916,0.00170337023694389,0.00307717608733061,0.00647627665123597,0.00902284078453134,0.00855824736855791,0.00265639889245758,0.00435700881280187,0.00308369031368323,0.00381490304567832,0.00767435378733231,0.0038778759490167,0.00434671337522698,0.00552196748557907,0.00280800180299341,0.00653984736601306
0.00290133512377717,0.000875810507870097,0.00570217205422341,0.00716165885342562,0.006977458649184,0.0017046526633845,0.00307862744002518,0.00647553728014669,0.00903007447753487,0.0085584079965905,0.0026566094200374,0.00435659292414985,0.00308239946724807,0.00381400397027034,0.00767019008315492,0.00387662341394728,0.0043438921158309,0.00552693844495586,0.00277942834934108,0.00653948803745136
0.00290517740448029,0.000875694966635666,0.00569964509518087,0.00716164575997346,0.00697920673060344,0.00170334617919921,0.00308007251490354,0.00647541225292878,0.00903404519492124,0.00855877757962673,0.00265313480749282,0.00435504152382465,0.00308679272248877,0.00381449345758028,0.0076742916329252,0.00387597963420981,0.00434256375235916,0.00551855127942766,0.00278284778481706,0.00653704079788673
0.00290041251744037,0.000875393707308888,0.00569732717271166,0.00715680366437901,0.00696885675593067,0.0017030087537107,0.00307642443731368,0.00647208815749516,0.00902030347120915,0.00855424953183037,0.00265426226790176,0.00435355140622984,0.00307947905072062,0.00381164445398459,0.0076654544879869,0.00387488993423817,0.00433951885025666,0.00552243218764366,0.00277711439314741,0.00653560465053871
0.00290697145997783,0.000876827155189153,0.00570718621423464,0.00716459657830306,0.00698083067010411,0.00170584822029085,0.0030801921983944,0.00648154601009875,0.00904167862429407,0.00856794419894728,0.00265781557392283,0.00435936678802588,0.00308366479328909,0.00381813226263542,0.00767490246738335,0.00387997519198258,0.00434740525344046,0.00552558508145879,0.00278173065330957,0.00654911403615549
0.00289747003000508,0.000874460379600721,0.00569352055988741,0.007150687143978,0.00696552297465886,0.00170122513918029,0.00307707419140951,0.00646685308124433,0.00902069838619157,0.00855272018222055,0.00265158433433166,0.00435139763365474,0.00307864412720572,0.00381406869574152,0.00767079264580909,0.00387586202928499,0.00433740893446561,0.0055135930697855,0.00277641632483526,0.00653434279466372
0.00290078933483485,0.000875503551239937,0.00569739771707259,0.00715781717278306,0.00697172127099301,0.00170373232569206,0.00307920725382602,0.00647182444451138,0.00902474596999673,0.00855758371130524,0.00265456955856384,0.00435594417877296,0.00308167980623387,0.00381238134162076,0.00766842934957572,0.00387757606051255,0.00434696053894833,0.00552304406807278,0.00277892244977124,0.00653473296112148
0.00290363727922756,0.000875488419960637,0.0056973530223351,0.00715875906968899,0.00697400000948794,0.00170342258102459,0.00307397228019703,0.00647374409726882,0.00902686727288706,0.00855914998636293,0.00265569490886537,0.00435738854376694,0.00308702412865592,0.0038346906189805,0.00766677506414386,0.00387560912851207,0.00434143254974169,0.00551777570000694,0.00278249729011972,0.00653714328973064
0.00289961039919463,0.000875239737304761,0.00569849882065794,0.00715858218596806,0.0069713584519127,0.0017028019982001,0.0030754020401621,0.00647115780342649,0.009021457127637,0.00855421858475643,0.00265239684414617,0.00435294892393384,0.00308088635527108,0.00381301934503347,0.00766647309000345,0.00387423814613856,0.00434002724227674,0.00551876888131576,0.00277757036772404,0.00653773081357813
0.00290609542040318,0.000876077456187772,0.00570286527803456,0.00716402735244649,0.00697932522064404,0.00170637699551953,0.0030784557024523,0.0064768797901479,0.00903804463707363,0.00856135876877489,0.00265531912142313,0.00440195213187803,0.00308335679056026,0.0038195098974174,0.00767323436620206,0.00387930214748207,0.00434431671156723,0.00552617728734155,0.00277856526340873,0.00653937789464945
0.00290432032212932,0.000875966384842957,0.00570594699117219,0.00716503475523643,0.00698196365573026,0.00170856250199272,0.0030818722456772,0.00647974278233631,0.00903492958082145,0.00856338196737066,0.00265931670464287,0.00435971901527773,0.00308560081059516,0.0038162541002707,0.00767793278555233,0.00388091336956116,0.00434649220107741,0.00552920551652658,0.00278206236423194,0.00654221372581952
0.0029060196683478,0.000875718372155454,0.00569970418780276,0.00716714300007659,0.00698400200429667,0.00170705717560119,0.00308091116214299,0.00648116224593517,0.00904068892408418,0.00857409211873998,0.00265715698520394,0.00436145897866203,0.00308488926859087,0.00381580629996164,0.00767829539463365,0.00388141056158373,0.00434843504516246,0.00552619374870248,0.00278154416361183,0.00654533289801466
0.00290267020604187,0.00087445830444304,0.00569353556654362,0.00715207069469795,0.00697485387887937,0.00170334379018049,0.00307765434113806,0.00647368162631186,0.00902303247008594,0.00856580506713725,0.00265079342843372,0.00435399262327171,0.0030782529279551,0.00381684121947089,0.00766655808925724,0.00387689482307712,0.00434631007264101,0.00551421814730218,0.00277485489217248,0.00653456928453806
0.00290166899307333,0.000875522073587858,0.00570043403156412,0.00715881017262712,0.00697057671621419,0.00170318519670396,0.00307572954616532,0.00647485994674092,0.00902755298804307,0.00856215394205043,0.00265410126297034,0.00435469892414082,0.00308230859060254,0.00381254502487539,0.00766357032671131,0.00387547443529249,0.00434147826095642,0.00552047758931373,0.00277845297496993,0.00653504217046119
0.0029063524860299,0.00087626024720224,0.00570665291790402,0.00716408595510672,0.00698149532042672,0.00170640828388356,0.00307954665434683,0.00647806778564156,0.00903912829574955,0.00856201220965242,0.00265628365045327,0.00435887477436001,0.00308561425012518,0.00381709828451847,0.00767865609572399,0.00388208072099531,0.00434516157124931,0.00552389567239713,0.00278116612911831,0.00654420952820501
0.00290259441911526,0.000876554717691549,0.00570142858301787,0.0071648997449137,0.00697584378214234,0.00170402261059452,0.00307841707379324,0.0064827405235871,0.00902304376633331,0.00856166270843505,0.00265339441578854,0.00435551238216054,0.00308245930765036,0.0038145789290938,0.00767356303749689,0.00387761525520718,0.00434383870679451,0.00551966980561323,0.00277907109616274,0.00654015245199659
0.00290358620747622,0.00087601122679715,0.00570117253197403,0.00716320916287112,0.00697785191967898,0.00170417733151747,0.00307776954202128,0.00647666456081175,0.00903113113854253,0.00856036890939265,0.00265714927589351,0.00435716513801769,0.00308280501717109,0.00381628626701329,0.00767394832414314,0.00387757591777467,0.00434536964562687,0.00552128268148337,0.0027878672669889,0.0065388560460556
0.00290432218741647,0.000875613261690724,0.00570138851218797,0.00716180308215501,0.00697782134344904,0.00170544692564675,0.00307984471235803,0.00647767266179023,0.00903453229377955,0.00855766126842786,0.00265657363813145,0.00435854004261608,0.0030827698198978,0.00381768448824119,0.00767072651950298,0.0038764664508972,0.00434236191675335,0.00551858526973552,0.00278790714524787,0.00653788270258831
0.00290239783076794,0.000876274287585192,0.00570118338309805,0.00716580136586088,0.00697808863711704,0.00170519502068562,0.00307946648129798,0.00647912555284803,0.00903049737530578,0.00856063275775945,0.00265802159033151,0.00435610239826554,0.00308249854774091,0.00381842686349613,0.00767497691294416,0.00387987715274411,0.00434825895650578,0.00552674802747117,0.00278060354763019,0.0065402817499916
0.00290522332521791,0.000875115031039282,0.00569655015756067,0.0071553919796534,0.00697172412770586,0.00170226135853418,0.00307355528629053,0.00647221996514308,0.00902104922965031,0.00855164432625783,0.00265219480119307,0.00435213910341084,0.00307978039970277,0.00381196693982084,0.00766476462727617,0.00387488579298804,0.00434066773967284,0.00551488891929881,0.0027774026629478,0.00653394985952758
0.00290090148938578,0.000875933040152325,0.00570355127874592,0.00715718183162403,0.00697259064704032,0.00170367891635028,0.00308072093447772,0.00647746220584657,0.00903013615624702,0.00855675180887649,0.00265627570640213,0.00435592380325964,0.00308145579643176,0.00381420257369487,0.00766891921475788,0.00387807047729267,0.00434342565564755,0.00552568124505238,0.00277844090511522,0.00653721772065461
0.00290017667594113,0.000875142743669596,0.00569327277035181,0.00715462137587726,0.00697137290910485,0.00170309728789976,0.00307743067232542,0.0064716010439964,0.00902888803102282,0.00855472297548943,0.00265570498305211,0.00435446880139507,0.00308073742285144,0.00381146969220819,0.00766682596906602,0.00387527366271829,0.00434180890780373,0.00552647497976657,0.00277805720800027,0.00653315730457015
0.0029039134057757,0.000876750460480739,0.00570527599447075,0.00717092382154183,0.00697564732178989,0.00170341326848121,0.003079132778392,0.00647643371850852,0.00903545330701892,0.0085562061211128,0.00265227137527472,0.0043548985302573,0.00308557946401317,0.00381588929444461,0.00767042680295408,0.00387908462926409,0.00434692613590665,0.00552545071838622,0.00278141371417774,0.00655150566129384
0.00289952392902817,0.000875152338322264,0.00569861448470633,0.00715583516769578,0.00697217989383837,0.00170549067303523,0.00307355647542584,0.00647136791126513,0.00901743928351874,0.00855147148434682,0.00265095704894019,0.00435310126904498,0.00307968673493258,0.00381095113161299,0.00766573464813497,0.00387383586436116,0.00433943223923226,0.00551614759093923,0.0027774657591229,0.00653492376648121
0.00290508703233163,0.000875449622916637,0.00570139711734292,0.00716494287598816,0.00697991344580588,0.00171068240519466,0.00308399984361953,0.00651408160566366,0.00902940640151631,0.0086011161323501,0.00267497062875791,0.00436603873002476,0.00308224746602458,0.0038408224935222,0.00767641670004038,0.0038775479714897,0.00434565757172958,0.0055249654065205,0.00279858056927195,0.00654190596788602
0.00290438015097376,0.000875911316944693,0.0057063375909556,0.0071684540639732,0.00698240775876305,0.00170590453595514,0.00308145928553547,0.00648175830964317,0.0090343265249014,0.00856543127220497,0.00265822474056878,0.00435999216298504,0.00308442736360933,0.00381467027312769,0.0076771514184118,0.00388089373172075,0.00434721929471846,0.0055287404563485,0.00278180588097716,0.00654271223026457
0.00289683366945295,0.000875391862728168,0.00569093014908723,0.00715706572163201,0.0069663942642048,0.00170122872743158,0.00307359520469148,0.00647138032326322,0.00901721600111226,0.00854672212206683,0.00265459145074729,0.00435213761440837,0.00307627371639396,0.0038087352618591,0.00766355622167071,0.00387152157620482,0.00434289475999659,0.00551587405559521,0.00277484501881105,0.00652359806187282
0.00290308540587197,0.000875042047952219,0.00569764768869373,0.00715997634208029,0.00697799912756981,0.00170229770202101,0.00307847205879031,0.00647077627066307,0.00902138665825388,0.00855195837687018,0.00265620406074298,0.00435600661724062,0.00308276822138489,0.00381410063345802,0.00767182587583878,0.00387745158502646,0.00434003495375834,0.00551619862439123,0.0027804266785081,0.00653914313438022
0.00290626486354522,0.000876151844235752,0.00570375433699457,0.00716645694918137,0.00698123935749006,0.00170427874611795,0.00307685692808778,0.00647638966864466,0.00902702715416245,0.00856268266559186,0.00265535219373512,0.00436045805995981,0.00308321533816618,0.00382094244829281,0.00768193039457091,0.00387878824062335,0.00434570735719892,0.00551890046992909,0.00278117464464396,0.00653990037662422
0.00290038844749006,0.000875088146208861,0.00570246902962008,0.0071617349220607,0.0069765001410251,0.00170456334914728,0.0030798388141809,0.00647506470727037,0.00902887660599832,0.00856339766855271,0.00265604239656019,0.00435531019461045,0.0030874360462251,0.00381431544896916,0.00767403696571431,0.0038770302432216,0.00434431569439012,0.00552423357271427,0.00277930883715559,0.00654027476236549
0.00290272731203459,0.00087652897743003,0.00570250573658981,0.00716822106435688,0.00698040156617821,0.00170526501222839,0.00308267493846657,0.00647876198922627,0.00903687026810433,0.0085635541510649,0.00265866360769216,0.00436037701366904,0.00308373971220073,0.00381502187944201,0.00767750782981835,0.00387908201521398,0.00435072889493293,0.00552591960847555,0.00278119277773902,0.00654528856054713
0.00290385210706906,0.000875642282708491,0.00570114284342905,0.00716351364500994,0.00697695695658975,0.00170355638000917,0.00307693074787344,0.00647349820517724,0.0090321551388488,0.00855609852885029,0.0026540570742359,0.00435535519881006,0.00308404372277793,0.00381514536042495,0.0076710174648524,0.00387841525413947,0.00434361684715988,0.00551932504061873,0.00277934990473063,0.00653861464889607
0.00290026844918635,0.000875236484883493,0.0056986091162544,0.00715901080373786,0.00697005766629946,0.00170362502439345,0.00307781661469689,0.00647522272792218,0.0090236787504459,0.00855165650805049,0.0026544889053983,0.00435424629137629,0.003080281679893,0.00381247802343011,0.00766694125391485,0.00387530866316971,0.00434253038725221,0.00552270674146976,0.00277864762172681,0.00653478129954406
0.00290114020697738,0.000875521846930343,0.00569683048939761,0.00715493997589178,0.00697655371716679,0.00170413389502277,0.00307834549728919,0.00647313642821994,0.00902428303505852,0.00855481243354265,0.00265563447002859,0.00435433535598889,0.00308157372538342,0.00381311097418114,0.0076693303780409,0.00387658178917897,0.0043422377150875,0.00552351565910415,0.00277893471611815,0.00653735994184149
0.00290414689363682,0.000876537585900282,0.00570219844817495,0.00716785696665603,0.00698281232344036,0.00170556206957446,0.00308086139199507,0.00648079636868279,0.00903210823362824,0.00856193581074435,0.00265744598277682,0.00435845386306241,0.00308480462945307,0.00381568494426116,0.00767407781596121,0.00387919151969583,0.00434506030508264,0.00552942259610633,0.00278038782377773,0.00654284291429019
0.00290337111402448,0.000875822505423522,0.00570294535797198,0.00716274934440741,0.00697211736735748,0.00170520899775174,0.00307929545796312,0.00647720142251585,0.00902955575073743,0.00856204966053156,0.0026555323373465,0.00435553346659346,0.00308224205894775,0.00381298458861231,0.00767282848821889,0.00387653143683303,0.00434203773806623,0.0055249039105543,0.00277867311995524,0.00653814969917486
0.00290173074389938,0.000875579871295121,0.0056999096922889,0.00716662178568422,0.00697481129903495,0.00170392165184294,0.00307643288858096,0.00647528178795553,0.00902400998093971,0.00855762547678801,0.00265367713156971,0.00435638253656811,0.00308222359261486,0.00381405472305257,0.00767079517194235,0.0038775168342895,0.00434340805199368,0.00551871741939518,0.00277857641265774,0.00653691252615245
0.00290067288810248,0.000875923917967847,0.00570133121225932,0.00716179435259576,0.00697936450282141,0.00170596170627254,0.00308084842068235,0.00647455562004404,0.00902879683800891,0.00856091998571358,0.00265689214243665,0.00435543768094987,0.00308662862046153,0.00381525601273936,0.00767166779023651,0.0038778992265675,0.00434872582810591,0.00551923056434051,0.00278226225076975,0.00654073839875448
0.00290300377575196,0.000876159509309556,0.0057035386447838,0.00716604607075962,0.00697757012383898,0.00170448227041786,0.00307858498459085,0.00647744958394592,0.00902850122347954,0.00858044436133366,0.00265438435561944,0.00435782576616434,0.00308366457733943,0.00381597193310252,0.00767661260571477,0.00387877719654479,0.00434462302004853,0.00551994830342794,0.00277997047295538,0.0065412508588386
0.00290845795874066,0.000875745175851402,0.00570108682786442,0.00716085446316125,0.00697742940464097,0.00171272119873221,0.00307721882037872,0.00647753084588112,0.00902802281719829,0.00856248739791178,0.0026552738067644,0.00436199438262516,0.00308420904513022,0.00381709523132704,0.00767444499217787,0.00388270428591017,0.00434478109363736,0.00552041961644605,0.00278311671569301,0.00654208829607386
0.00290226958161593,0.000876374132052491,0.00570066021500275,0.00716020054268987,0.00698094210636655,0.00170502622072758,0.00308038535208976,0.00647916530150489,0.00903697530901456,0.00856078427398149,0.00265821179510602,0.00435779861194385,0.00308365568716231,0.00381522414173833,0.00767445210675617,0.00387877304525621,0.00434629476308956,0.00552863066492087,0.0027806604393296,0.0065425083112926
0.00290145553140047,0.000875234972082752,0.0056993965458315,0.00715767848705715,0.00697480085277195,0.00170270727328035,0.00307530383100476,0.00647315649844551,0.00901880952906037,0.00855336683835775,0.00265274479363632,0.00435306050403851,0.00308175327112207,0.0038129206616338,0.00766792135416375,0.00387708641590264,0.0043410092276216,0.00551579324131688,0.00277777964369899,0.00653837622649565
0.00289985939797824,0.000875511918638496,0.00569886921240822,0.00716060682979062,0.00697618021338171,0.00170358631920247,0.00307746697950147,0.00647155253427044,0.0090254245661388,0.00855716357884631,0.00265486795293489,0.00435434958050777,0.00308060897252644,0.00381299623906001,0.0076672876269624,0.00387501837832626,0.00434197236552542,0.00552379093128828,0.00277959230157231,0.00653880638908204
0.00290704955854191,0.00087595322088621,0.00570348590732344,0.00716684968443672,0.00698290837288907,0.00170625290996559,0.00308029495123917,0.00647747739678486,0.00904388640328524,0.0085678240654496,0.00265596610795314,0.00435872270549965,0.00308729233660501,0.00381760515970513,0.00768316484492945,0.00388123762861936,0.00434935298929736,0.00552701750652996,0.00278070059361873,0.00654143634631613
0.00290591282898459,0.000876945847398662,0.00570580080513937,0.0071670119667867,0.00698339491184842,0.00171070794644055,0.00308129152503742,0.00648016976300103,0.00903464677582402,0.0085641417238904,0.00265692126332128,0.00436005498662369,0.00308463975059655,0.00381866911274893,0.00767872966649788,0.00387924246691078,0.0043468201247399,0.00552360724279325,0.00278061445428411,0.00654305696661599
0.00290673550083263,0.000875749637652446,0.00570355155654119,0.00716891667414254,0.00698332384659382,0.00171190052864862,0.00307920324174086,0.00648028006067088,0.00903725526272289,0.00856724506121509,0.00265672067825157,0.00435826987402862,0.00308524996793143,0.00381656566050679,0.00767223187697406,0.00388017209193799,0.00434780292122923,0.0055271976509294,0.002781502134519,0.00654238309425981
0.00290496616730395,0.000876124064080129,0.00570396066143759,0.0071654049356547,0.00698353229385452,0.00170390749729842,0.00307699606921867,0.00647642120795904,0.00903876840689258,0.00856070221158044,0.00265511401376052,0.00435748044644293,0.00308307466138957,0.00381581514886792,0.00767348703255673,0.00387758084918227,0.00434322307559025,0.00551935612058554,0.00278256454569718,0.00654137948586503
0.00290308188903063,0.000876642999345838,0.00570635807495345,0.00716657685872684,0.00698280354849476,0.00170620010369282,0.00308290867197349,0.00648089959316797,0.00903620861784585,0.00856683697966511,0.00265927426978481,0.00435915109844893,0.00308622379443612,0.00381799868184679,0.00767620061137574,0.00388012611733046,0.00434637601319682,0.0055305107596222,0.00278130752577121,0.0065436013389598
0.00290247083198314,0.000875098640180589,0.00570032102171917,0.00715754483383361,0.00697309718298579,0.00170387684092756,0.00307857604630725,0.0064699805872687,0.00902140889933348,0.00855301732049761,0.00265516229002906,0.00435531205439478,0.00308066387099173,0.00381273104466907,0.00767103723047223,0.00387577232416711,0.00434356767754506,0.00552271122238942,0.00277868081149568,0.00653683704327984
0.00290534738060371,0.000876214088109851,0.0057044867731593,0.00716665338225258,0.00698138100455631,0.00170489964637041,0.00308011686180346,0.00647634618227393,0.00903252246264434,0.00856596379919383,0.00265787532339157,0.00435603966681764,0.00308226857019712,0.00381543931570617,0.00767272241108089,0.00387704113210897,0.00434757916557453,0.00552871331558524,0.00278219853833624,0.00653848739748392
0.00290672924502701,0.000876521671877428,0.00570612946437115,0.007165195676895,0.00698513283683501,0.00170844465378033,0.00307850702315194,0.00648122586220634,0.00904052890684071,0.00856320613165131,0.00265565131561452,0.00435849936024201,0.00308414520287093,0.00381592679283493,0.00767749456401559,0.00387943693496031,0.0043443121400298,0.00552013688642001,0.0027803491744888,0.00655030617315994
0.00290072182697195,0.000875500605255456,0.0057010864654482,0.00716187950794991,0.00697626411010808,0.00170668425006181,0.00307575653579867,0.00647205905165709,0.00902577593035862,0.00855723155487555,0.00265223496492179,0.00435393375439796,0.00308128662593571,0.00381287283933607,0.00767101072102324,0.00387575248573808,0.00434234459509456,0.00551726189576482,0.00277781504314128,0.00653800651363421
0.00290317733075844,0.000876353794900821,0.00570570777066827,0.00716064524403748,0.00697599212049584,0.00170565449800408,0.00308122927098544,0.00648125341997632,0.00903222622260905,0.00856210290405017,0.00265932794987134,0.00435973472471763,0.00308459564395773,0.00381542600618785,0.00767348407089069,0.00388208984631966,0.00434660857247186,0.00553417192433856,0.00277975014254954,0.00654421264557905
0.00290627432833167,0.000876130589598913,0.00570492145698583,0.00716362516334988,0.00697999101142714,0.00170573511380983,0.00307737832181811,0.00647570983820737,0.00903871219489358,0.00857173371467383,0.00265965696401299,0.00435731127700792,0.00308312543470364,0.00381998353276514,0.00767495951171379,0.00387904939071341,0.00434761555245307,0.00551886592757956,0.00277926715331941,0.00654172441551802
0.00290661966610527,0.000876469091010264,0.00570046791636161,0.00716098049272883,0.00698146312857047,0.00170422429393895,0.00307799480175899,0.00647641939426011,0.00903096940531453,0.00857499064884894,0.00265880590550853,0.00435845486905522,0.00308299401990389,0.00381969030758458,0.00767596972372923,0.00387952106516868,0.00435121323767483,0.00552334761157447,0.00278346669950632,0.00654523378567278
0.00290452451398242,0.000875903357971944,0.00570092766882253,0.00715926523577062,0.00697431980450166,0.00170278959345738,0.00308041274848795,0.00648127798193932,0.00902592011544318,0.00855500784424391,0.00265340877440378,0.00435441928911604,0.00308524946404277,0.0038189480992615,0.00766943255409755,0.00388098711968083,0.00434207651360385,0.00551556937166594,0.00278057837621897,0.00653647666414938
0.00290489882739836,0.000875923952502414,0.00570294882344905,0.00716190316141396,0.00698100293259417,0.00171226615922243,0.00307738612845732,0.00648594825924619,0.00903322374523635,0.0085618549124888,0.00265532806065237,0.00435568918082577,0.0030892145959455,0.00381630976465112,0.00767588681138837,0.00388214523351761,0.00434269743934202,0.00551947738385443,0.00277974537597392,0.00654638988252958
0.00290439466186565,0.00087595071559624,0.00570700697531668,0.00716475266440982,0.00697874980959287,0.00170553122462558,0.00307725191983379,0.00648423005868895,0.00902652146549791,0.00856040606371964,0.00265758752653554,0.00436482982512978,0.0030831042340102,0.00381668023191557,0.00767758208849095,0.00387935492733629,0.00434516694489112,0.00551892240717337,0.00278050926784496,0.00654329977125171
0.002903822265604,0.000875580199077365,0.00570263132530652,0.00716216123394853,0.006980534047395,0.0017061502303136,0.00308208722875821,0.00647844692882538,0.00903207491972558,0.00856548797023395,0.00265805582373183,0.00435894482292572,0.00308449474895856,0.00381570298035275,0.00767266558160623,0.00387998065146841,0.00434519524710878,0.00552403391686175,0.00278063484958072,0.00654204275235392
0.00290329013601456,0.000875507371660354,0.00569905280223854,0.00715689535190055,0.00696936247252917,0.00170446727180254,0.00307749633156626,0.00647203209804881,0.00902340571154828,0.00856308081362629,0.00265627807539569,0.0043572449367662,0.00307980262499012,0.00381021130099805,0.00766671545933737,0.00387453013229232,0.00433848702165223,0.00551248799799211,0.00277635167246349,0.00653352640190852
0.00290406049679072,0.000875499219431406,0.00569447137560686,0.00716134318294907,0.00697259009201131,0.00170488900323833,0.00307515382941816,0.00646975319938875,0.00901761632879985,0.00856527473980184,0.00265520105669838,0.00435343879059218,0.00308537835407466,0.00381378242448493,0.00767000870396326,0.00388052728166485,0.00434023920202345,0.00552075110809423,0.0027773106120886,0.00653788154691957
0.00290633184840959,0.000875304009542381,0.00570020554726033,0.00715806098922509,0.00697592521436452,0.00170316884374169,0.0030878071151737,0.00647375281604461,0.00902520661895987,0.00856108255682592,0.00265478072717445,0.00435614244306989,0.00308180012238965,0.0038171648123958,0.00767192956118501,0.00387714907050648,0.00434463805517553,0.00552438553868935,0.0027782167360305,0.0065375436047103
0.00290355383685407,0.000876465583590629,0.00570332596765434,0.0071641383420416,0.00698202795176841,0.00170560489274303,0.0030778403296723,0.00648465306027712,0.00903342931729504,0.00856303125272383,0.00265772326965703,0.00435923978925761,0.0030821478108607,0.00382778186167887,0.00767370223505374,0.00387998684254159,0.00434528712856311,0.00552173712271947,0.00278215626179842,0.00653980214998237
0.00290394600033919,0.000875095977489654,0.00569611058110713,0.00715817654988611,0.00697143342785125,0.00170510997595501,0.00307442778691746,0.00646718240114731,0.00901868671450648,0.00856287272302719,0.00265173997099679,0.00435396571847884,0.00308050180465627,0.00381637487980423,0.0076671781813795,0.00387357687313042,0.00434073035109942,0.00551375017835872,0.00277660239197427,0.00653444397811945
0.00290319544987226,0.000876504245489407,0.00570104723495189,0.00716788180844811,0.00698332375758892,0.00170571226817524,0.00308266882912506,0.00648323341531019,0.00903431636974837,0.00856469111940787,0.00265821653900183,0.00435979906888333,0.00308529570089467,0.00381735768235031,0.00767687335435306,0.00387986113560244,0.00434648885297003,0.00553254037912713,0.00278123269266372,0.00654321815997741
0.00290679285697898,0.000876550617117018,0.00570642707052354,0.00716893471788484,0.00698377738784225,0.00170528343371386,0.00308021996268549,0.00648037484466068,0.00902938862933017,0.00856573731773757,0.00265791603393593,0.00435919595543968,0.00308490424769912,0.00381661304230484,0.00767674483991653,0.00387782315340538,0.00434642446508991,0.00553083802826863,0.00278106018215091,0.00654263848152003
0.00290953956488866,0.000876079923688641,0.00570311130128679,0.00716523773303148,0.00697901275377212,0.0017049327502838,0.00307652516308829,0.00648091572336797,0.00903023863886931,0.00857509326284894,0.00265453386092553,0.00435596743427136,0.00308278867704939,0.0038224846358055,0.00767708511347065,0.0038794464236266,0.00434614341175233,0.00552038509249653,0.00278160055356045,0.00655393403879783
0.00290408375157444,0.000875411418115929,0.0057001463457813,0.00716074374369704,0.0069745821646924,0.00170285660267613,0.00307665207420203,0.00647595266798792,0.0090269438994972,0.00855686577374814,0.00265669685564677,0.00435834147835371,0.00308348177121479,0.00381773807173959,0.00767343022466839,0.0038771070233094,0.00434077463868405,0.00552020990529533,0.00277787066856861,0.00653720106502198
0.00290973445152396,0.000876407357327716,0.00571104205628192,0.00717055999812447,0.00698697657465081,0.00170618413728557,0.00307956892338926,0.00648074275123264,0.00903217152009831,0.00856470039841684,0.00265741172596018,0.00435887850599455,0.00308490898908527,0.00381778545844394,0.00769039360688764,0.00387996164739634,0.00434721747915434,0.00552214221759886,0.00278215864654772,0.00654686412696447
0.00290519340191367,0.000876536758424445,0.00570380371249468,0.00716298994198411,0.00698245826451598,0.00170731489762506,0.00308169164626097,0.0064814655256124,0.00903647805128575,0.00856738759323011,0.00265810996160643,0.00435988532225294,0.00308529723097092,0.00381652347131897,0.00767932166301936,0.00388051988484027,0.00434648882993484,0.00552827489742048,0.00278115395525851,0.00654101568054726
0.00290400154300732,0.000876586573782148,0.00570550132531387,0.00716929578942353,0.00697983269333786,0.00170527868294012,0.0030835806074929,0.00647844236565092,0.0090346106728196,0.00856529618798821,0.0026568384655806,0.00435844343812755,0.00308640466641139,0.00381708366770196,0.00767448161975301,0.00388206001562625,0.00434799395284682,0.00552829659131794,0.00278310029542398,0.00654791454250067
0.00290483159164993,0.000875672294290344,0.0057027015333535,0.00716421490804785,0.00698152419754702,0.00170466050079617,0.00308801836873181,0.00647640955794553,0.00903213544021178,0.00855668642355512,0.00265663723397335,0.00435640301027241,0.00308188813416321,0.00381453672459951,0.00767024643884516,0.0038761400964159,0.00434383263997445,0.00552015816720278,0.00278911817074543,0.00653783773871458
0.00290551447500417,0.00087596784855445,0.00570455155866816,0.00716453275766893,0.00698122613341701,0.00170569707900129,0.00307707696075448,0.00647840252310947,0.00903457977002575,0.00857036735503674,0.00265508471424007,0.00435917810970385,0.00308410994849905,0.00382115660979004,0.00767333903914074,0.0038795892662323,0.00434655335095654,0.00552669253618696,0.00278042335286032,0.00654082744201089
0.00290282237873642,0.000875191990762549,0.00570062371060892,0.00716052034781543,0.00697759473071068,0.00170454290618768,0.00308584179258871,0.00647304717852461,0.00902424945948897,0.00855216762440993,0.00265519142241683,0.00435713324140852,0.00308169055158506,0.00381262081012795,0.00766777759079453,0.00387804736710528,0.00434287360685308,0.00552227179852282,0.00277856790575022,0.00653729352870843
0.00290275926661967,0.000876123261878538,0.00570384433883132,0.00716390075693537,0.00697609834408964,0.00170529209691195,0.00308142616889715,0.00648154943761508,0.00903050666831758,0.00856173045104369,0.00265684441750904,0.00435863156507975,0.00308423390696521,0.0038172365834973,0.0076760175062309,0.00387857058510325,0.00434374648126868,0.00552589004489255,0.00278033524655009,0.00654355886401655
0.00291833119209512,0.000875576679173729,0.00569715652016192,0.00716357340331085,0.00697488577928942,0.00170317072146141,0.00307709885996826,0.00648190050899632,0.00902592709940942,0.00855859059243508,0.00265567323739384,0.00435491706361042,0.00308348821346406,0.00381627680545224,0.0076744228157472,0.00387714841300614,0.00434465190611712,0.00552102799212003,0.00277974189359314,0.00653821117721503
0.00290090755247054,0.000875849586412417,0.0056970175816683,0.00715931632275365,0.00697508698788892,0.00170501331933807,0.00307570881130229,0.00647466577310046,0.00902350989059726,0.00855171845326343,0.00265229936137275,0.00435492411327554,0.00308029095672561,0.0038132440977068,0.00766840316904805,0.00387550161966251,0.00434273868134231,0.00551596141062637,0.00277808827786495,0.0065376154816716
0.00290099360515818,0.000875714248081375,0.0057022704848296,0.00716399504543038,0.00697639993852765,0.00170382730757386,0.00307582971299237,0.00647579438279069,0.0090225132434127,0.00855657064379647,0.00265357793287632,0.00435492581847155,0.00308121682394439,0.00381504282082216,0.00766892025845552,0.00387548640441108,0.00434149541045085,0.00551708868722379,0.00277859427106726,0.00653644048558377
0.00290255409618715,0.000876246486036806,0.00569259927428785,0.00715146357120182,0.00697731313759134,0.00170457951415945,0.00307569734711522,0.00647560027407387,0.00903142292592804,0.00856247907980081,0.00265933410947866,0.00435866011863315,0.00308205651535082,0.00381410841294942,0.00767970599161139,0.00387724171846978,0.00434177205898096,0.00551923839779569,0.00277840829944738,0.00653529335593614
0.00290585401163367,0.000876417546620846,0.00570663395800655,0.00716707529311313,0.00698294643166863,0.00170500344378209,0.00307908285645419,0.00647801220219973,0.00903323444961485,0.00857157211878467,0.00265521525343915,0.00435718601736897,0.00308665419287516,0.00381726672280205,0.0076836091478589,0.00387848041914095,0.00434612081749907,0.0055181190531879,0.00278074615257876,0.00654955465610063
0.00290328725717518,0.000876551853714624,0.00570677471422497,0.00716720978011633,0.00698316698217471,0.00170792189940367,0.0030908544295881,0.00648153270402267,0.00903733123092664,0.00856298734831507,0.00265817858562864,0.00436092247757285,0.00308931094405628,0.00381767315347853,0.00767720982039315,0.00387990773463239,0.00434401976842891,0.00552614774227544,0.00278098799566996,0.00654446329618581
0.00290539282017029,0.000876177581251867,0.0057043172950093,0.00716262874824789,0.0069785698075104,0.00170368785324472,0.00307900752239672,0.00647347439775581,0.00902960837507153,0.00855814488738727,0.00265705526578395,0.00436020178015753,0.00308355824297802,0.00381511768803117,0.00767486417300424,0.00388043787655146,0.00434296994051967,0.0055189182646988,0.00277942597087539,0.00654485067859479
0.00290165878741346,0.000875606201869814,0.00570407858462447,0.00716379531295628,0.00697520585804496,0.00170276064895172,0.00307499851144248,0.00647128160392214,0.00902057678739914,0.00856086653966391,0.00265391928706439,0.00435597895733667,0.00308093347956149,0.00381357719885297,0.00766903637918078,0.00387516562000489,0.0043404571591415,0.0055188249436726,0.00277941588725152,0.00653921433947862
0.00290000287020068,0.000875107824253741,0.0056996147888018,0.00715882334520219,0.00697023856973416,0.00170295636567356,0.00307581687818699,0.00647053787129192,0.0090216350371567,0.00855437154990722,0.00265129454015762,0.00435210730075171,0.00307999255292989,0.00381157072605855,0.00766916699850615,0.00387465034301389,0.00433945020435207,0.00551456078738819,0.00277698877900857,0.0065339473272323
0.00290073656721673,0.000874440816641119,0.00569728816172584,0.00715942947660576,0.00696735626789539,0.00170280595189401,0.00308018453451033,0.00647355578671236,0.00902074936133351,0.00855081417366949,0.00265380207858097,0.00435376505801082,0.00307972444913772,0.00381194455965544,0.00766836056602209,0.00387386043596532,0.00434069026983657,0.00551795977535585,0.00277621796718446,0.00653354099867704
0.00290450032860847,0.000875402460270199,0.00570044419629582,0.00716315353215091,0.00697786296161418,0.00170358442836433,0.00307630886316266,0.00647966990113836,0.00902935454960272,0.00855562012102661,0.00265487791067066,0.00435769800478607,0.00308147795936503,0.00381543322715934,0.00767658845880244,0.00387537119668162,0.00434274357059557,0.00551851519679177,0.00277914364791943,0.00654013088620503
0.00290468895474555,0.000876601408783716,0.00570361357722317,0.00716514524793827,0.0069821157664454,0.00170580436184971,0.00308333241486658,0.00648297737021149,0.00903708222985371,0.00856601983255917,0.00265775030223579,0.0043598132692503,0.0030866336223429,0.00381767110839651,0.00767869416215302,0.00388053706882465,0.00434692481315464,0.00553159136847567,0.00278092813162802,0.00654498299886561
0.00290623867142891,0.000876095604965314,0.00570333294686666,0.00716544747475232,0.00698081269354497,0.00170654093385856,0.0030768746863947,0.00647929672767062,0.00903062877099345,0.00857263610511064,0.00265406589165425,0.00435840956089353,0.00308458954814501,0.00381520821836142,0.00767334054815153,0.00387954744379767,0.00434619828038091,0.0055210036013486,0.00278069602752595,0.00654136896413816
0.00290807754448861,0.000876268612398152,0.00570120478556563,0.00716370648343959,0.00697827619684867,0.00170417137176511,0.00307606158493963,0.00647273873789799,0.00904349589319899,0.00855952927734129,0.00265586574389827,0.00435628068097987,0.00308797904234168,0.00381656801809302,0.007675444238047,0.00388364229979575,0.0043514153231524,0.00552039930398002,0.00278434636249132,0.00654964845453278
0.00290109903609576,0.00087541839954014,0.00569672917557712,0.00715945101211481,0.00697586650918786,0.0017020909000033,0.00307636370974847,0.00646890287132785,0.00901436128518574,0.00855420878357873,0.00265388304678046,0.00435235512614216,0.00307936393773653,0.00381468667165318,0.00766643884003894,0.00387391267609272,0.00434081553097519,0.00551715476922603,0.0027784589542374,0.00653625677617599
0.00290812552755827,0.000875820506917176,0.00570367132977596,0.00716272113589249,0.00697984980058043,0.00170464733658428,0.00307866284969241,0.00647726547572309,0.00904673854646995,0.00856692425758495,0.00265531631611177,0.00435793972614937,0.0030838712646305,0.0038166909992164,0.00767753309343067,0.00387883306086436,0.00434322945205782,0.00551910018478524,0.00277936499533792,0.00654035141684674
0.00290514678545659,0.000875707575420329,0.00570056311422499,0.00715947406496075,0.00697471647239151,0.00170407319543184,0.00307651982020779,0.00647238164276211,0.0090231525940637,0.00856002424082112,0.00265247896788762,0.00435479514516365,0.00308566316891639,0.0038131720902567,0.00766760097834169,0.00388110534424975,0.00434132047943342,0.00551536347074555,0.00277838245623189,0.00653725697175295
0.00290621367600876,0.00087557201940096,0.00570199620816466,0.00716283538993474,0.00697340934935206,0.00170357924861558,0.00307997883788969,0.00648152619888625,0.00902415745228548,0.00856051354150294,0.00265464813661031,0.00436117090632055,0.00308599953125149,0.00381563873888434,0.00767420549796865,0.00387766514376792,0.00434654341943288,0.00551782690894653,0.00278254936709944,0.00653854275697085
0.00290475804887353,0.000874919630462391,0.00570105985448573,0.00716197716298036,0.00697316847997243,0.0017039385745883,0.00308124015086471,0.00648129629223355,0.00903180664758631,0.00856572785448653,0.00265536929230839,0.0043553287355803,0.00308245544965242,0.00381328441511221,0.0076741676070257,0.00387705047396803,0.00434063989465768,0.00551546973194347,0.00277907204320891,0.00654169515699759
0.00290732465468663,0.000876403760342786,0.00570374422319432,0.00716711394174107,0.00698166111986075,0.00170433805311692,0.00307760902360195,0.00647843777262215,0.0090290470990168,0.00855797759551243,0.00265489406214302,0.00435687770498387,0.00308381114769766,0.00382024175754139,0.00767435814969448,0.00387925307330767,0.00434494546273655,0.00551974985720236,0.00278057594460135,0.0065420034235356
0.00290428882556858,0.000876046834700339,0.00570411690444569,0.00715688079924775,0.00697498039975775,0.00170521770091895,0.00308038826417312,0.00647806786885638,0.00902874296335936,0.00855955881366479,0.00265594668952649,0.00435778400700636,0.00308479089144456,0.00381343855151133,0.00767432759634699,0.0038797203962729,0.00434239175192133,0.00551912041979906,0.00278567550005881,0.0065441878769904
0.002908026907058,0.000876493289846999,0.00570166437306326,0.00716555035739329,0.00698099497612413,0.00170543277075086,0.00308010310671681,0.00648067320602491,0.009032089978393,0.00856061283761082,0.00265771753541313,0.00435840387103189,0.00308450157641844,0.0038163611054835,0.00767486418233031,0.00387851628297153,0.00434515748769927,0.00552974785073281,0.00278122716743887,0.0065407890779048
0.00290204226535163,0.000874795915364057,0.00569321478604666,0.00715526438307167,0.00696854103347078,0.00170147326357533,0.00307634640104292,0.00647740268138333,0.00901585295959802,0.00854683747177995,0.00264995253716793,0.00435741942940126,0.00308325167571246,0.00380909723593804,0.00766317025772591,0.00387136601578567,0.00433850044901175,0.00551084405241639,0.00277875626112656,0.0065322332874192
0.00289936333632243,0.000875114109374504,0.005695039429999,0.00715337923122149,0.00697038404664185,0.00170175321593623,0.00307335553578314,0.00646706053215251,0.00901520794087751,0.008552231294931,0.00265012089957159,0.00435018824644178,0.0030793004159481,0.00381112996919238,0.00766306384220971,0.00387392777157198,0.00433896760396514,0.00551142668779431,0.0027765879636305,0.00653222178834631
0.0029058855654672,0.000874952996305003,0.00569854206784835,0.00715932529021711,0.00697418971411703,0.00170514379436717,0.00307638541127659,0.00647963248140167,0.00902966278875301,0.00856044404098472,0.00265479969870109,0.00435967848071803,0.00308189609313522,0.00381467291771498,0.0076771609806452,0.00387760085501327,0.00434374913196872,0.00551853158053866,0.00278083051724882,0.00654142657357695
0.00290250635067576,0.00087528848927756,0.00569626985956796,0.0071588014221977,0.00697345811892693,0.00170397561842876,0.00307535625857043,0.00647147250533923,0.00903115338035258,0.00856107392837713,0.00265245691927246,0.00435347355862609,0.00308023427958344,0.00381617472511595,0.00767210407237932,0.00387925008552509,0.00434456445249723,0.00551478995275644,0.00277760548849262,0.0065363468174561
0.00290369330309477,0.000875982175302109,0.00570270117777478,0.00715853678427149,0.00697471952016755,0.0017030245203736,0.00307869785355776,0.00647673086364112,0.00902368294397726,0.0085693999619295,0.00265446496234994,0.00435828031085364,0.0030840575626333,0.00381451203086158,0.00767241832537704,0.00387652117357827,0.00434161706305197,0.00551906282593638,0.00277756528560321,0.00654206085375228
0.00290315615451525,0.000875183120880626,0.00569783344369068,0.00715812228990865,0.00697430645327586,0.00170283926114147,0.00308165029586175,0.00647655669611594,0.00902226739168754,0.00855530190123523,0.00266066590243547,0.00435233404380845,0.00308683915589258,0.00381193072533285,0.00766839545412025,0.00387841379305854,0.0043416273259073,0.00551883306783256,0.00278027870745487,0.00654076267834014
0.00290517946076634,0.000875406681396031,0.00569967988918132,0.00716236207606694,0.00698153304691845,0.00170391772242151,0.003077500822095,0.006474301927334,0.00902550723660134,0.00855817675425949,0.00265536054509157,0.00435463460835756,0.00308293083917492,0.00381663749203705,0.00767195245148328,0.00387801487870863,0.00434517941673753,0.00551844822067247,0.00277906307397398,0.00653730617421875
0.00290175437710957,0.000875859963542024,0.00569947229799936,0.00715822960833734,0.00698317050900803,0.00170310247019718,0.00307649018914533,0.00647898484541281,0.00902179151218589,0.00855819272085984,0.00265550384638395,0.00435628591814697,0.00308443385192794,0.00381690589314872,0.0076711589524371,0.00387786247903993,0.00435494273165134,0.00551883657225885,0.00277934109087663,0.0065395208630298
0.00290590322580033,0.0008760676816094,0.00570203974383766,0.00716364491727809,0.00697959844044489,0.0017037927471013,0.00307852939242406,0.00647545149063101,0.00902562854083878,0.00856651420610233,0.00265625983244688,0.00436460624059674,0.00308257235589781,0.00381943319084792,0.00767385789607287,0.00388426574405776,0.00434900611542917,0.00552415982672197,0.00277992087177989,0.00654044237041164
0.00290083468903775,0.00087637161989926,0.00570546295930039,0.00715878410163281,0.00697350532753561,0.00170502765112398,0.00307998300762752,0.00647622196871952,0.00903188231762719,0.00856143376342475,0.00265676404657763,0.00435735190859346,0.00308263662830175,0.00381633526524048,0.00767249251915307,0.00387772401207222,0.00434528597025687,0.00552704402857406,0.00277945434660654,0.00654021997624123
0.00290268299409952,0.000875176229545266,0.0056937814480102,0.00715901252418204,0.00696873269043289,0.0017035935138694,0.00307343270204811,0.00647688284075725,0.00901615777349445,0.00854923069433566,0.00265219534933858,0.00435138971926272,0.00307986688027433,0.00380995452497741,0.00766766246955518,0.00387365159353051,0.00433769622841288,0.00551382150717166,0.00278092314188655,0.00653196950962441
0.00290198987983172,0.000876126131709808,0.00570236315045116,0.00716425548481709,0.00697677805624747,0.00170442833397146,0.00307965279057873,0.00648130274930151,0.00903010919612458,0.00855692501538548,0.00265722979463653,0.0043565210147892,0.00308358019494888,0.00381485608277323,0.00767455044821734,0.00387854853580935,0.00434397211163457,0.00552905056573552,0.00278066443215197,0.00653979730357253
0.00290670668345711,0.000875992046290499,0.00570404370009055,0.00716330022237417,0.00697593663085444,0.0017046777828632,0.00308129603826532,0.00647729935519136,0.00904109552607059,0.00856564476463653,0.00265775845284012,0.0043566271203243,0.00308450155694349,0.00381244431577901,0.00767321030865823,0.00387920062756137,0.00434320566640543,0.00552406940765133,0.00278192016458097,0.00654934049729792
0.00290371583709474,0.000876026213782177,0.00570322188595554,0.00716331935595655,0.00697796671640318,0.00170666344520234,0.0030765932421989,0.00647607050101519,0.00902937064885438,0.00855998285030016,0.00265425527049783,0.00435610889052408,0.00308215905264947,0.00381417689037957,0.00767698066270263,0.00388341071000775,0.00434336236482072,0.00551907892168118,0.0027794150224799,0.00655211482819998
0.0029036223304088,0.000876043725780499,0.00570403761944907,0.00716997834010855,0.00701710561346274,0.00170553270365487,0.00307898757723989,0.00647925262684434,0.00903552750061894,0.00856824026028368,0.00266019036716228,0.00435790936405035,0.0030835124737669,0.00381383595898181,0.00767091165800439,0.00388063926537428,0.00434745411447513,0.00552484941019316,0.00277971114659209,0.00654296372915392
0.0029049683558007,0.000876415707618197,0.0057068792377145,0.00716750854458996,0.00698265506131347,0.00170513717101379,0.00307867248074692,0.00648326393159806,0.00903470542888316,0.00856411309428069,0.00265828400480744,0.00435900579094813,0.00308466309725387,0.00381747495636588,0.00767622828726169,0.00388336371130922,0.00434515375089309,0.00552227072531341,0.00278298084160583,0.00654253571970145
0.0029111278695558,0.000876883666067994,0.00570624573525521,0.00716802558512814,0.0069837149924629,0.00170652401779325,0.00308016637550101,0.00647964725016164,0.00903505599159406,0.00857184865576489,0.0026593154327423,0.00436209033740725,0.00308553783301767,0.00381741044904762,0.00767990395417602,0.00388094816584557,0.00435039885528371,0.0055256050340728,0.00278203052506136,0.00654976655129103
0.00290161398291801,0.000875687085285237,0.00570304450408017,0.00716118553861592,0.00697464722169876,0.00170453063029695,0.00307765308778599,0.00647396294129991,0.00902758298396367,0.00855856129700378,0.00265762867948894,0.00435488242126622,0.0030815424202671,0.00381270348717264,0.00767200871484144,0.00387960616255214,0.00434173705121293,0.00552673629273317,0.00277886638465998,0.00653794074901317
0.00290128916998173,0.000876395966706416,0.00570387949946682,0.00716160536817148,0.00698477066221409,0.00170733147036129,0.00307989566414526,0.0064785979724351,0.00903716585091218,0.00856257064892455,0.00265847717056322,0.00435881840449947,0.00308484459905474,0.00381745640732608,0.00767574890923395,0.00387962389477886,0.00434565117107822,0.00553033880978956,0.00278101506742409,0.00654262811851229
0.00290145224678757,0.0008751460534666,0.00569974197826306,0.0071574516905779,0.00696924630458205,0.00170193612720932,0.00307370461675663,0.00647385688231622,0.00902753067311983,0.00854927878248604,0.00265191150251036,0.00435149636621452,0.00308274207763534,0.00381158282795586,0.00766969883172549,0.0038733709634803,0.00433961603723496,0.00551516500712221,0.00277739878995421,0.00653093252549357
0.00290479256572193,0.000876537670735779,0.00570469714143384,0.00716391196282997,0.00698210063678236,0.00170588060177243,0.00308014466450766,0.00647937087835213,0.00904122262315342,0.00857170518265106,0.00265477187097748,0.00435934474431081,0.00308417461005336,0.00381828851374602,0.0076773285580523,0.00387912235231448,0.00434696160532666,0.00552352894852541,0.00278126337579514,0.00654166575746579
0.00290469920686289,0.000875941551014371,0.00570438609997405,0.00716566324246402,0.00698006491010151,0.00170495267148086,0.00307858625227531,0.00647804452877897,0.00903091485150113,0.00856141165651535,0.00265642075012207,0.00436189345379455,0.00308461727391258,0.00381468082095674,0.00768143679650401,0.00388249294255351,0.00434443610206287,0.00552285976032477,0.00278018290215156,0.00654190691101388
0.0029035683458272,0.000876254290833896,0.00570218457926044,0.00716523512710093,0.00698125981078762,0.001704643379817,0.00308019919877197,0.00647917082808611,0.00902872138021034,0.00856087223932468,0.00265672375434199,0.00435897233400351,0.00308507812352747,0.00381541602807253,0.00767611361635356,0.00387780831119602,0.0043493644901066,0.00552684320590567,0.00277993442464758,0.00654199145934759
0.00290226078502654,0.000874879916687807,0.00569709343402717,0.00715622171223583,0.00697640418561432,0.00170447998788779,0.0030791139987111,0.00647896380004622,0.00903037724609899,0.00855833556200105,0.00265685769474243,0.00435571933167885,0.00308037400663389,0.00381336545861753,0.00767120336722257,0.00387499856767624,0.00434239677425529,0.00552415926419515,0.00277903134640676,0.00653828847899294
0.00290338201279424,0.00087560934459018,0.00570234158735766,0.00716274952906042,0.00697798113469044,0.00170399688493874,0.0030808164041846,0.00647657518263501,0.00902988716038647,0.00855565672383797,0.0026566229094486,0.00435725183718287,0.0030882589406955,0.00381291446621092,0.0076701102078032,0.00387669684538407,0.00434390356435989,0.00552403027413979,0.00277849828147404,0.00653531805583988
0.00290294218465966,0.0008761789355827,0.00570457992888844,0.00716545542880727,0.00698422668004995,0.00170419994208897,0.00307728346708612,0.00647779332828007,0.00902919995475183,0.00856387084482351,0.00265482389245213,0.00435736275519733,0.00308402064382956,0.00381592963475317,0.00767481777046467,0.00387856713893962,0.00434434324544512,0.00552064835225782,0.00277960309269096,0.00654217863536275
0.00290264493817154,0.000876056453011501,0.00570270016133105,0.00716333879033888,0.00697696837327442,0.00171120007847127,0.00307975834872556,0.00647997599729834,0.00903192750229057,0.00856266765103196,0.00265924346354926,0.00435710519507848,0.00308433768800137,0.00381496104696511,0.00767298223981025,0.00387818972559217,0.00434671210928847,0.00552683203025355,0.00278013243633013,0.00654286025590817
0.00290399218443188,0.000876437396049477,0.00570487526711043,0.00716768518256384,0.00698090434028651,0.00170507377725193,0.00308013622756854,0.00648147989842137,0.0090314719196497,0.00856257829753002,0.00265827091436077,0.00435871757933754,0.00308390386140898,0.00381587451421509,0.00767481231315338,0.00387992168308317,0.00434600613581564,0.00553017997163661,0.00278077732693464,0.00654143312217191
0.00290552323489324,0.000876473962061574,0.0057041522839602,0.00716799535862447,0.00698103184271216,0.00170489822150204,0.00308075312945331,0.00648682447048602,0.00903787159436865,0.00856637993524632,0.00265796475699671,0.00436257561514022,0.00308389793289636,0.00381531576759476,0.00767922267764757,0.00387740564271359,0.00434588274648959,0.00552196396867078,0.00278245266602123,0.00654518239830523
0.00290205812739128,0.000875695726872945,0.00570469360539858,0.00716175247175995,0.00697922130607183,0.00170547697522783,0.00307614298503393,0.00647430525022669,0.0090334361401394,0.00855724640264663,0.00265402675618136,0.00435495713844507,0.00308319766875337,0.00381299212942479,0.00767040510915389,0.00387721980756414,0.00434193086736184,0.00551497121664379,0.00277846683331699,0.00653866044612113
0.00290669691972254,0.000876910923242874,0.00570790397233922,0.00716824097057183,0.00698434214792093,0.00170540898444262,0.0030826485669585,0.00648095794742416,0.00903300856739015,0.00856596296334043,0.00265859366405488,0.00435912929550223,0.00308524347201837,0.00381716114963143,0.00767715864450896,0.00388053803970901,0.00434721521115548,0.005530969743035,0.00278012276329603,0.00654297007425921
0.00290179296332497,0.000875446880218805,0.00570143817747445,0.00716170991250805,0.00697718815957504,0.00170372496803454,0.00307588547409219,0.00647401016821999,0.00902442681004484,0.00855797978595262,0.00265301602140851,0.00435554635744677,0.00308150857655676,0.00381385275850887,0.00766894770237868,0.00387646021565469,0.00434211885405265,0.00551774577346934,0.00277911493816397,0.00653614075927266
0.00290435224228609,0.000875661611920402,0.00570084586804158,0.00716076829858994,0.00697612067930569,0.00170355407326475,0.00307666597713444,0.00647545843330385,0.00902810092457748,0.00856590402549685,0.0026533336029272,0.00435807429001734,0.00308491497020003,0.00381471882592141,0.00767432911719222,0.00388395608232547,0.00434316865212457,0.00551946367009582,0.00277929650534105,0.00654051030437656
0.0029022937413277,0.000875382109800854,0.00569897155770027,0.00715517993967028,0.00697474292858143,0.00170345448764721,0.00307488208026053,0.00646942320546917,0.00902155607378627,0.00855159073108716,0.00265306349365465,0.00435220733705828,0.00308051030022955,0.0038129552553778,0.00766507155192087,0.00387561348424509,0.00434021289048167,0.00551629745105219,0.00277764003534643,0.00653440947394183
0.00290127125827955,0.000875588903720111,0.00570107807294819,0.00715921931368895,0.00697313261229563,0.00170307356566724,0.00307525249945263,0.00647433252096556,0.00902387282365751,0.00855557855977355,0.00265294998455475,0.00435514703940227,0.00308144865231881,0.00381324443354084,0.0076682924218729,0.00387527071126858,0.00434244083613733,0.00552047730535381,0.00277783859294467,0.00653631881299986
0.00290598417271608,0.000876285375585977,0.00570956312317627,0.00716570127854919,0.00698330378160193,0.00170675695997462,0.0030894380530286,0.00647670253776968,0.00904533617889494,0.00857452119722852,0.00266415042563418,0.00437376832586983,0.00309436964185556,0.00382938142566085,0.00768036652255147,0.00389383631507589,0.00436056583651471,0.00552348200665233,0.00278169619882658,0.00654251267601493
0.00290140432589839,0.000875636259552746,0.00570169707293283,0.00715969234580714,0.00697869446648476,0.00170507324420901,0.00308405364413737,0.00647801071265322,0.00903414690491949,0.00856320071241873,0.00265756253662128,0.00435898990005723,0.00308393322927796,0.00381698412008579,0.00767347421605093,0.00388136436849965,0.00434588147966332,0.00552669352219119,0.00278139978027268,0.00654156040416532
0.00290724437458479,0.000876082187699749,0.00570279335547999,0.00716504301151274,0.0069780361533197,0.00170417191970051,0.00307722290698218,0.0064782124745676,0.00902728093597842,0.00857216921819334,0.00265864468184112,0.00436082675131624,0.00308813779456748,0.00381617743966433,0.00767586833586083,0.00387967885706228,0.00434446547843379,0.00551985504048324,0.00278409983522456,0.00654723976931841
0.00290699258930142,0.00087632513880436,0.00570540868346894,0.00716571260419787,0.0069828215558374,0.00170455744604729,0.00307901829285899,0.00647770096397677,0.00903234418872716,0.00857047546699906,0.00265866730741525,0.00436156450236962,0.00308487081740904,0.00381864399507029,0.00768451944453947,0.00388120584963721,0.00434440208263427,0.00552289602294459,0.00278364769911369,0.00654341544671511
0.00290287985098062,0.000876453317751569,0.00570025768798626,0.00716319086097097,0.00697561635193441,0.00170354802907998,0.0030793232859671,0.0064742378409175,0.0090237203951268,0.00856186852867195,0.00265472084216819,0.00435825482771778,0.00308267759044535,0.00381581535157018,0.00767104564189969,0.00387772022495885,0.00434426085896224,0.0055201391837916,0.00278048310920227,0.00654131874811287
0.00290426252941987,0.000876385535787085,0.00570770791092603,0.00716347842508044,0.0069798640024306,0.00170591703417601,0.00308357598127364,0.00648348504543351,0.00903990756934342,0.00856162882165099,0.00265962021353861,0.00435722882679646,0.00308246648078981,0.00382081162573564,0.00767617979625281,0.00388052265119194,0.00434671054920568,0.00553125604637213,0.00278168532766372,0.00654095909726122
0.00290306088682893,0.000875309386440778,0.00569888871043621,0.0071586845993498,0.00697458977037511,0.00170505329724866,0.00307574251985616,0.0064728084345949,0.00902767013603785,0.00856092177936485,0.00265321000852053,0.00435753530679633,0.0030825957069844,0.00381222638236079,0.00766702801156524,0.0038763392695708,0.00434044285708455,0.00551906166386832,0.0027776090827809,0.00653529219964422
0.00290587894925564,0.000875969096713183,0.00569934538996713,0.00715823977493368,0.00697365929356199,0.00170497124063052,0.00307638595825047,0.00647300950835115,0.00902550833782631,0.00856427750335354,0.00265489786752319,0.00435647064290552,0.00308229226347867,0.00381618394307122,0.00766897415239111,0.0038771791384093,0.00434215947599366,0.00551784097137184,0.00277937723903614,0.00653858826318725
0.00290409985067806,0.000876064297781692,0.00570576106446442,0.00716590347159774,0.00697997831021741,0.00170490815877157,0.00308037838400629,0.00647819338240165,0.00903203321644143,0.00856068986670138,0.00265730593699307,0.00435777229563934,0.00308511918998068,0.00381604222844915,0.00767614872481066,0.00387966473996969,0.00434468415078726,0.00552713230503574,0.00278059266813771,0.00654105109364547
0.0029011382045749,0.000875890909740639,0.00569692374750129,0.00715612615750921,0.00697040162434138,0.0017040058686048,0.00307722374209811,0.00647065009250719,0.00902386982858925,0.00855579953061739,0.00265548971026626,0.0043540065013208,0.00308168373256414,0.00381242558261574,0.00766670705374134,0.00387550323929517,0.00434073394060904,0.00552252777974297,0.00277915040519625,0.00653630327336146
0.00290613972535708,0.000876037305669071,0.00570465495201605,0.00716596983791387,0.00698056753904803,0.00170659628984716,0.00308941620985134,0.00647876156346616,0.00903265549139358,0.00856201365625741,0.00265691903612176,0.00436170545052454,0.00308586788933082,0.00381807471276905,0.00767605451633143,0.00388259519021708,0.00434995658383296,0.00552731350600986,0.00278147673991951,0.00654263233427032
0.00290022876639174,0.000875560707386846,0.00569411084576149,0.00716224301788221,0.00697942983958499,0.0017021785311836,0.0030756629376686,0.00647425007450965,0.00902042223644254,0.0085735381541252,0.0026541808272956,0.00435421831675744,0.00308177157064762,0.00381206703452393,0.00766948513687517,0.00387665397914695,0.0043390133607381,0.00551669526692518,0.00277773617254677,0.00653288660267602
0.00290218146830342,0.000875387757732928,0.00569995957278215,0.0071588589921682,0.00697395148213827,0.00170522847279459,0.00307685409968217,0.00647248807128342,0.00902811668715937,0.00855559076789896,0.00265568493385953,0.00435531792831108,0.00308192563220317,0.00381311542388628,0.00766776684971728,0.00387635599329342,0.00434057145976221,0.00552444726009286,0.00277818063373348,0.00653615626916211
0.00290150619165239,0.000875673099705174,0.0057011893200551,0.0071625334968451,0.00697593586732044,0.00170358702946857,0.00307638408605888,0.00647463186510955,0.00902485747544729,0.00855883258303027,0.002655017851627,0.00435502882698863,0.00308272164399776,0.00381363236415129,0.00767714956217607,0.00387712232898119,0.0043420650590673,0.00551840254420271,0.00277904333734587,0.006542823612583
0.00290250585056806,0.000875784819266228,0.00570229345185521,0.00716204839757537,0.00697555173897436,0.00170439004352166,0.00307658716345481,0.00647816530486736,0.00902400604507979,0.00856147593240278,0.00265410056297795,0.00435693639018707,0.00308246059812277,0.00381381381952081,0.0076718983071727,0.00387852756287757,0.00434305953243914,0.00551820367855378,0.00278508191026682,0.00654025299118712
0.00290312598512652,0.000876438580252646,0.00570232547197,0.00716650692711649,0.00698325241043399,0.0017059820972713,0.00308122706859476,0.00647806541119306,0.00903430440681165,0.00856262039957424,0.00265872327398808,0.00435787815405571,0.00308440736886234,0.0038175772543766,0.00767474229725787,0.00388045588978741,0.00434722471892787,0.00553031845205899,0.00278101724079718,0.00654302802874782
0.00289860740540994,0.000874733062430521,0.00569894493707041,0.0071569713479316,0.00697175315015012,0.00170120983002666,0.00307180162523867,0.00651083106471871,0.00902173205872146,0.00854984937190313,0.0026565782931691,0.00435437317263493,0.00307970217499846,0.00381241428719116,0.00766830894291317,0.00387524368725596,0.00433809225404678,0.00551662458888902,0.00277729752336789,0.00653483451834374
0.00290317126691376,0.000875972945167726,0.00570234396211158,0.0071635491448874,0.00697836463045216,0.00170511007651159,0.00307898072855344,0.00647654906047346,0.00902753392339408,0.00855899761128835,0.00265660049070677,0.00435867506171873,0.00308235520759254,0.00381536964037917,0.00767491982752804,0.00387825866968399,0.00434950193488469,0.00552860097623321,0.00278026818529588,0.00653982093793615
0.0029040061460401,0.000875528654430464,0.00569848902253186,0.00715890012640567,0.00697499209335858,0.00170404826358154,0.00307637284079589,0.00647485457204388,0.00902484792249746,0.00855948456741047,0.00265491860928639,0.00435772147817033,0.00308396224038748,0.00381389877363326,0.00766989830615664,0.00387639190751364,0.00434287475313936,0.00552204001302787,0.00277759441876769,0.00653790704888467
0.00290495935160229,0.000875840650761077,0.00570219565690307,0.007162275180154,0.00697698649616667,0.00170311342746913,0.00307549511537424,0.00647738350236348,0.00902479538545259,0.00856006090249555,0.00265441344769449,0.00435456816193106,0.00308625389634281,0.00381415332816532,0.00768005965589645,0.00387696721500059,0.00434196886704669,0.00551560343335898,0.00277849437782904,0.0065386610609572
0.00290414650678703,0.000876266140268161,0.00570341067102196,0.00716562571554758,0.00697915326827312,0.00170532124406856,0.0030807943633885,0.00647949095552284,0.00903170483065352,0.0085632345834983,0.0026578417990291,0.00435822111521897,0.00308337644895533,0.00381553391394295,0.00767516761281243,0.00387850601683037,0.00434505379494433,0.00553068776274311,0.00278102639705388,0.00654260487256734
0.00290290113372416,0.000876494758466813,0.00570500644341904,0.00717081690110077,0.00698353735938673,0.00170650734672957,0.00308139505193024,0.00647864990698746,0.00903693497897066,0.00856164566719435,0.00265966002356348,0.00435886997107463,0.00308426577062181,0.00381529930294412,0.00767444505764777,0.00387840089270851,0.00434616714803269,0.00552867728934105,0.00278076552990068,0.00654432636284497
0.00290576483120377,0.000876281895277143,0.00570360656421621,0.00716849919415832,0.00698507637129567,0.00170682535405625,0.00308340752310243,0.00647863370407362,0.00903859432905748,0.00857253821448009,0.00265889289939562,0.00436305875397089,0.00308418981918399,0.00381772615667351,0.00767265053018807,0.00387802687433448,0.00434888687168707,0.0055226809733265,0.0027802388804331,0.00654184880528762
0.00290522121941762,0.000875371940472889,0.00570009826733026,0.00716044985932294,0.00697541804100322,0.00170302939461225,0.00307616202448723,0.00647450573523299,0.00902199713741658,0.00855633952444524,0.00265656859570391,0.00435444912865978,0.00308193826334049,0.0038212686761836,0.00767010215427499,0.0038763735688539,0.00434721130698121,0.0055162028306264,0.0027780409021981,0.00653893363869922
0.0029067555893311,0.000876008291323513,0.00570034556499504,0.00715955935490438,0.00697835066103314,0.00170373070851982,0.00307629554209182,0.00647161442256674,0.00902770792032134,0.00855623230589892,0.00265296897603982,0.00435580591146896,0.00308536091766804,0.00381401147991547,0.0076703795327207,0.00387682122717189,0.00434503224945747,0.00551946383450373,0.00277941846348605,0.00653780187746401
0.00290126002176552,0.000875821710949451,0.00569301904133796,0.00716351781412858,0.00697819842615098,0.00170656310215852,0.00307752958945164,0.00647707257729628,0.00902100969944596,0.00856008702700904,0.00265528430191591,0.00435336520363379,0.00308249147843246,0.00381508411886142,0.00767217171631077,0.00387746107071873,0.00434146660098521,0.0055182726322499,0.002781118996388,0.00654061739124532
0.00290424552210662,0.000875388941623774,0.00569865919367503,0.0071576377079125,0.00697411761994577,0.00170371342143077,0.00307701998146108,0.00647412114052533,0.00902330623590528,0.00855087626618702,0.0026533415205248,0.00435423480973883,0.00308906456661,0.00381536580697226,0.00766567163073725,0.00387621385761266,0.00434232942551101,0.00551767080718397,0.00277782948079185,0.00653874935671264
0.00290574348249051,0.000876339827070238,0.00570484346088317,0.00716392939262375,0.00698318045097697,0.0017047781784317,0.0030786746453973,0.00648039048754597,0.00903465295944366,0.00856661300038674,0.00265694602837763,0.00435914912828671,0.00308430402208364,0.0038172348851423,0.00768589677611327,0.00387982902734418,0.00434408137651975,0.0055261545337572,0.00278421941109469,0.00654563011234992
0.00290515330237106,0.000875271739781118,0.00569812017041709,0.00715722692075499,0.00698602204697359,0.00170338509336083,0.00307965022494595,0.00647079132362208,0.00902169584989279,0.00855356252227944,0.00265448826790276,0.00435325982738587,0.00308076821090278,0.00381882519187718,0.00767894500038645,0.00387806199635214,0.00434029069780189,0.00552020419410514,0.00277843234877973,0.00654440223327889
0.00290308868885367,0.000875812946959517,0.00569948339514609,0.00715683299633785,0.00697492127699614,0.00170451224397596,0.0030776395630916,0.00647274215418383,0.00902354816849476,0.00855515460342354,0.00265272089702449,0.00435836476750035,0.00308405494538213,0.00381634449717905,0.0076693508028397,0.00387516050954941,0.0043404590850685,0.00551399453483971,0.00277717970137944,0.0065362014610897
0.00290720109971737,0.000875967369868534,0.00570400222253483,0.0071640764989001,0.00697917140115045,0.0017045103143159,0.00307753515369079,0.00648722305018911,0.00903103090765939,0.00856229739962584,0.00265523725762404,0.00435805860408676,0.00308907226663828,0.00382172674281861,0.00767528394803578,0.00387787607768722,0.00434532556265307,0.00552114777707382,0.00278021381827058,0.0065412191400403
0.00290366648488698,0.000875881245767976,0.00570579080642216,0.00716811029940771,0.00698254156410017,0.00170580417658758,0.00308159823169024,0.00648130427497088,0.00903596552677195,0.00856424988625366,0.00265795637636245,0.00436052146246846,0.0030836101188292,0.00381567990040016,0.00767700847794281,0.0038807946189475,0.00434768433123525,0.00552756284208674,0.0027803534813125,0.00654048792069335
0.00290007289483859,0.000875354135374444,0.00569698793745595,0.00715823885646017,0.00697512849138301,0.00170402930366746,0.00307806764975236,0.00647166671435648,0.0090269448733195,0.00855284509178301,0.00265641925291916,0.00435316152753608,0.00308194167434071,0.00381245636262174,0.00766819305256641,0.00387535025237433,0.00434068619680515,0.00552239387269668,0.00277834484024482,0.00653364383257204
0.00290244722051798,0.000875416199023629,0.00570534986783366,0.00716249217658266,0.00697861967426937,0.00170446242842027,0.00308231384181525,0.0064784896869167,0.0090349020480351,0.00855754555532112,0.00265807462809892,0.00435897288774693,0.00308405946981907,0.00381508955553006,0.00767668701095232,0.00387721852109312,0.00434747566295072,0.00552275734792149,0.00277867590872444,0.00654168468085187
0.00290348032693773,0.000875425697419131,0.0056999798689876,0.00715896495238344,0.00698160169898715,0.00170381465305824,0.00307545746546118,0.00650790911424253,0.00902587362884738,0.00860215064835797,0.00266810951507352,0.00435372304681138,0.00309727439880997,0.00381692489458579,0.00767802752617768,0.00387488294352237,0.00434185217553231,0.00554443012321833,0.00277834287611573,0.006535669190799
0.00290317436293476,0.000876219554792185,0.00570176465813185,0.00716349373597512,0.00697862679749077,0.00170545511528561,0.00307952501879742,0.00647935167695549,0.00903061105532539,0.00855986028276624,0.00265641717526042,0.00435982929241118,0.00308545857517271,0.00381460405843066,0.00767576578178397,0.00388094717915081,0.00434476901875001,0.00552359476599123,0.00278425364629843,0.00654068198907296
0.00290134904538164,0.0008758758838501,0.00570349791774909,0.0071671395166902,0.00698011934371514,0.00170417947619316,0.00307740899158102,0.00647687206326553,0.00903091413839404,0.00856312456408921,0.00265496637036097,0.00435667209417088,0.00308406035253123,0.00381636594922276,0.00767328331496873,0.00387916444443513,0.004344036367432,0.00551996976513085,0.00277976635602145,0.00654023453119579
0.00290549384983876,0.000875696271753125,0.00570399669054691,0.00716038378589615,0.00697302263136625,0.00170305329172065,0.0030757639207632,0.00647203639898517,0.0090289568075113,0.00855950530105114,0.00265531589619437,0.00436227330452681,0.00308185331193591,0.00381595117340516,0.00768283094138509,0.00387725088555258,0.00434307712464772,0.00551965044904552,0.00277821623509941,0.00653942520596665
0.0029050872988295,0.000876108950065109,0.00570109101164794,0.00716462386365124,0.00698062368007638,0.00170376073117801,0.00309238025497078,0.00647667130168715,0.00903859686166167,0.00855986756225566,0.00265789908492283,0.00435640233241858,0.00308322170652423,0.00381510430978727,0.00767921929717881,0.00387683464981651,0.00434876835705723,0.00551912319010376,0.00277974726160618,0.00654491703542804
0.00290180583887447,0.00087618918105411,0.00570148347312321,0.00716603656593112,0.00697924216825901,0.00170517397056451,0.00308110230147425,0.00647782892178218,0.00903386797268047,0.00855994238634662,0.00265785275814187,0.00435865128936961,0.00308462890588454,0.00381582281892156,0.00767329828384472,0.00387905248659183,0.00434462291965689,0.00552855921761584,0.00278037771996683,0.00653993455410485
0.00290429701604336,0.000875719269675681,0.00569933950346498,0.00715891925730693,0.00697402476053273,0.00170514365604884,0.00307879568528543,0.00647375949323059,0.00902181269220536,0.00856317434747549,0.00265630920167036,0.00435820230342137,0.00308134013889237,0.00381902431740478,0.00766787022202773,0.00388136451497525,0.00433972079706689,0.00551972812108342,0.00278199028100969,0.00654566997867255
0.00289989976550362,0.000875028880796661,0.00569965451454698,0.00715436718687866,0.00697395566406354,0.00170337749291367,0.00307897796065328,0.00647384051721521,0.00903006530980767,0.00854776872678953,0.00265395267696953,0.00435250046344236,0.0030807254685423,0.00381216057406675,0.00767110965550725,0.00387885028963749,0.00434091317211128,0.00551843061494717,0.00277797593078716,0.00653492354639044
0.00290148658702324,0.000875766997598204,0.00569911329469402,0.00716493881201555,0.00697608677872157,0.00170309415308994,0.00307697441574328,0.00647321945599398,0.00902383438123871,0.00855659603370796,0.0026538337114481,0.00435460991736546,0.0030816060275008,0.00381377282260221,0.00767372132383753,0.00387614284169739,0.00434093290877707,0.00551771196255198,0.00277816123328581,0.00653692549446739
0.00290347269136081,0.000875145536897632,0.00569901798660367,0.00715943062655009,0.00697424539175444,0.00170377505575216,0.00307725443554307,0.00647074022443888,0.00902651848372145,0.00859827179175269,0.00265593606688033,0.00435353231348396,0.00308002630431326,0.00381277968854243,0.00766457385166043,0.00387593638561551,0.00434517921027934,0.00552147217429346,0.0027780655669144,0.0065414212725955
0.00290430710711568,0.000875449611532427,0.00569845625114489,0.00716692012967352,0.00697498572359915,0.00170380718132915,0.00307787370445698,0.00647306921197175,0.0090254288542461,0.00856042523992041,0.00265521795814221,0.00435440048138246,0.00308173363269469,0.00381229210589069,0.00766786543104822,0.00387646611727227,0.00434325999933981,0.00552153450352325,0.00277857902272605,0.00653599078408851
0.00290335027073275,0.000876239467300842,0.00570455987568665,0.00716360388085215,0.00698253022708652,0.00170414669430445,0.00307982477889185,0.00647823844153013,0.00903139184867861,0.00856358637839228,0.0026588114669907,0.00435904887668274,0.00308386957502036,0.00381505346269382,0.00767718492542398,0.00387775267801886,0.00434972516457206,0.0055269542786238,0.00278124021058361,0.00654322712389636
0.00290180268623134,0.000875996033082593,0.00569800336891917,0.00715650756451674,0.0069773308242309,0.00170421355658248,0.00307844946822183,0.00647757621242433,0.0090269988441972,0.00855762578069892,0.00265584101187809,0.00435664564148784,0.00308259898341687,0.0038137765049541,0.00767059179641911,0.0038762464510196,0.00434408430601858,0.00552607571971228,0.0027794754632574,0.00653915384881827
0.00290595470795328,0.000875559413372656,0.00569998640770776,0.00716176019329534,0.00698105407206606,0.00170475126548546,0.00307874734797622,0.00647710703549223,0.00902304633087312,0.0085556727672098,0.00265960352156814,0.00435907511214197,0.00308939065404484,0.003823584777728,0.00767082356661597,0.00387889659723186,0.00435230359467856,0.00551748974110444,0.00278462296396269,0.0065391428906308
0.00290912941675043,0.000875907314224724,0.00570301336405227,0.00716382799807148,0.00697949580705689,0.00170684476749637,0.0030775510586417,0.00647901849004631,0.00903090037994949,0.00856426804652747,0.00265875595341813,0.00435762074289036,0.00308393363332098,0.00381576773850244,0.00767378210041672,0.00387924029693335,0.00434443218268299,0.00551852724708254,0.00278441330679139,0.00654204422027149
0.00290242148176572,0.000876269734512436,0.00570172096992415,0.00716727918821571,0.0069748464083438,0.00170604116928489,0.00308405425131426,0.00648005589426013,0.00903919253521238,0.00856776456734042,0.00265825180411662,0.00436100601139491,0.00308426735422841,0.0038177849537603,0.00767605792154669,0.00387988649227606,0.00434505570555899,0.00552541465124971,0.0027801312476417,0.00654397406211465
0.00289894619120461,0.000873876368162517,0.00569104837692611,0.00714852901022256,0.00697328261541564,0.00170219685938256,0.00307133110534672,0.00646307037164179,0.0090133381428716,0.00854060523797507,0.00264974239623648,0.00435228349641172,0.00307799047618883,0.00380650341813329,0.00766313658471622,0.00387162667026196,0.00433860113719744,0.0055105535510546,0.00277828412949322,0.00652926032861331
0.00290318850377367,0.000876146744035093,0.00570366407649389,0.00716579925008971,0.00698134710304817,0.00170456419916154,0.00307816149849413,0.00647907882922894,0.00902943932912897,0.00856390685214061,0.00265443348749728,0.00435730178649903,0.00308463900690386,0.00381544804378272,0.00767489761353649,0.0038792703617777,0.00434447032967837,0.00552169055023202,0.00278018836542182,0.00654242629999402
0.00290806153335585,0.000876083012537475,0.00570641051588513,0.00716576622936584,0.00697993184762507,0.00170438436527168,0.00308202488599084,0.00647732690994143,0.00903226209684432,0.00856708180121729,0.00265713901594986,0.00436000173958004,0.00308397434305335,0.00382251708401236,0.00767284348047502,0.00387924009185892,0.00434443882512977,0.00552533205405967,0.00278069341828634,0.00654137224805099
0.00290451001453602,0.000875996569456617,0.00570325007873438,0.00716621833009677,0.0069799346093177,0.00170424646776466,0.00308020483078339,0.0064753482124353,0.00902972693913759,0.00856171180217013,0.00265686154263539,0.00436030373331189,0.00308287903231232,0.00381481430257089,0.0076741001231738,0.00387848491133826,0.00434490085787891,0.00552046216161838,0.0027821325886299,0.00654036327925181
0.00289968713498406,0.00087426372666921,0.00569215992011904,0.00714958258593814,0.00697364271123251,0.00170151529075057,0.00307321493544703,0.0064678040065816,0.00901832711041232,0.00855076652405228,0.00265111160703069,0.00435159095381946,0.0030803049900454,0.00381014298160091,0.00766428753359884,0.00387467471736211,0.00433748746481952,0.00552433747333735,0.00277703499484665,0.00652933247325251
0.00290208576929607,0.000876296034139693,0.00570208488493327,0.00716243687436502,0.00697966296867357,0.00170473352366364,0.0030811895771585,0.00647607624458344,0.00903100352197634,0.00855754939107193,0.0026579888587711,0.00435973672950031,0.00308432756208894,0.00381568594093273,0.00767563835429527,0.00387885696615557,0.00434450105327607,0.00552595222755424,0.00278003582786913,0.00653779163079373
0.00290803841671209,0.000876086983203917,0.0057035083262055,0.00716402121198784,0.00697938678100129,0.00170411306196571,0.00310075201353642,0.00647841347960655,0.00903026854267256,0.0085617488742612,0.0026703137538015,0.00438430696507158,0.00308339937272835,0.00381471921867301,0.00767541663787279,0.00388492809037738,0.00437058355211681,0.00552136493118195,0.00277989565430472,0.00655106930102604
0.00290134586286361,0.000874308758793757,0.00569415412093476,0.00715140075185518,0.00696700534127303,0.00170913580407325,0.00307701843477503,0.00646862284966235,0.00901372434316606,0.00854382714213409,0.00265487528700226,0.00435248489019598,0.00307929398968631,0.00381083307418508,0.00766928192146591,0.00387375184500789,0.00434417804737143,0.00552163219068961,0.00277654340321409,0.00653199635697344
0.00290447308160798,0.000875895436120984,0.00570586205285898,0.00716136972215769,0.00698475633061843,0.0017029323025346,0.00307736373794973,0.00647939538335148,0.009038755751531,0.00856170102725198,0.00265696068571647,0.0043579075263886,0.00308332757739046,0.0038170759236302,0.00767535865207822,0.00387666369765339,0.00434566998414261,0.00551987057178591,0.00277932533535498,0.00654453385051622
0.00290058616122355,0.000875606282326363,0.0057007063697711,0.00716010810848946,0.00697365228768646,0.00170266547898252,0.00307607368924443,0.00647372661029875,0.00902481322636033,0.00855473500962921,0.00265273310443337,0.00435378788014953,0.00308143731809197,0.00381389460946968,0.00766869527828326,0.00387582726433531,0.00434125524860695,0.00551563159866025,0.00277821025347251,0.00653879525135955
0.0029052465583126,0.000875774309444742,0.00570294615780842,0.00716427135326665,0.00697255178115019,0.00170546542355143,0.00307610015445366,0.00647328130939049,0.00902160851998639,0.0085651468847553,0.00265383463339733,0.0043541418283353,0.00308507570833114,0.00381637983139491,0.0076698469461287,0.00387853040461295,0.00434175513855843,0.00551657332470301,0.00277823161679032,0.00654644835018708
0.00290324805488518,0.000875057565693078,0.00569931807761621,0.0071578784686069,0.00696912785282154,0.00170273363112005,0.00307830152412437,0.00647460220427457,0.0090202178652609,0.00855126167810033,0.00265151776493234,0.00435258746094391,0.00308060455874228,0.00381177415377101,0.00766862703726654,0.0038753498478466,0.00433846882979962,0.00551275479106975,0.00277664467737966,0.00653618887677686
0.00290473785368448,0.000876217556935964,0.00570495810610102,0.00716788313607897,0.00697933135954704,0.00170636089393836,0.00308440705861144,0.00647823768729293,0.00903500433229022,0.00856709437667186,0.00265973804339345,0.00435966662808543,0.0030850151025151,0.00381894609703143,0.00767782762093666,0.00388063098355213,0.00434612471578665,0.00552967546570678,0.0027801044547465,0.0065424673565239
0.00290307734841677,0.000874720551280433,0.0056977392572942,0.00715696340160338,0.00696981625638199,0.00170282693620708,0.00307366760267235,0.00646765784744047,0.00903026052747847,0.00855236465370666,0.00265497066081045,0.00435111335775223,0.00308045627372638,0.00381028691843452,0.00766443077842368,0.00387223864368087,0.004345006752501,0.00551204827645385,0.00277692897771556,0.00653284296824
0.00290796694666458,0.000876668624816696,0.00570447211636488,0.00716565944115928,0.00697817695846781,0.0017046431972436,0.00308356862112026,0.00648400606795808,0.00904612325883231,0.00856507162634168,0.00265922849439572,0.00436367668365163,0.0030859457341757,0.00382597461927194,0.00767968116032479,0.00388293182840078,0.00434534012644029,0.00552261851503487,0.00278287745658223,0.00654692268892649
0.00290078038265521,0.000875632462694559,0.00570171246608684,0.00716336305590176,0.00697966254189778,0.00170323521771156,0.0030759727787292,0.00647408775171676,0.00902668323655426,0.00855791552408769,0.00265377352967012,0.0043554791881949,0.00308335445405294,0.00381521309620527,0.0076702681477625,0.00387657809320229,0.00434204763718293,0.00551734259071306,0.0027796215942268,0.00653965714069049
0.00290958123927353,0.000876804623952454,0.0057084043579959,0.00716638630244473,0.00698225444708188,0.00170444571693271,0.0030784133096321,0.00648789161949005,0.00904536028120579,0.00857527351331187,0.00265557698632836,0.00435873935474193,0.00308534494268732,0.00381848974574385,0.00768935226101403,0.0038809160022007,0.00434850524096744,0.00553334565179749,0.00278143289441575,0.00654150813560645
0.00290168884854618,0.000875088195723046,0.00569812634748139,0.00715023444205103,0.0069724943105921,0.00170299997559003,0.00307596677061386,0.00652478052341291,0.00902465279135408,0.00856255243220226,0.00266011706727528,0.00435993344838191,0.00308467523960407,0.00381639374922968,0.00767871755379285,0.00387593293562094,0.00434620731314741,0.00552272216351851,0.00277982864878424,0.00654517564864797
0.00290503685195088,0.000875593740197627,0.00570209793619421,0.00716171082492524,0.00697832852765807,0.0017057081163795,0.0030781050351733,0.00647528193225812,0.0090294607022794,0.00855929016594648,0.00265326150662918,0.00435826328869556,0.00308273433050789,0.00381529586335658,0.00767501278294586,0.00387794692369498,0.00434166657919037,0.00552822340237771,0.00277875085904234,0.00654180566030283
0.00290706391523747,0.000876757544294864,0.00570728106975798,0.00716964435720568,0.00698593937145016,0.00170664768540339,0.00308066524768863,0.00648371287204063,0.00904188311466765,0.00856689621407218,0.00265861576480194,0.00436139186190192,0.00308613566946136,0.00381969992212615,0.00768025301631046,0.00388125816933237,0.00434918361932159,0.00552682527448046,0.00278274154042054,0.00654736158007537
0.00290308389439933,0.000875690841767183,0.00570223019908717,0.00716349066788288,0.00697775457540098,0.00170405159932584,0.0030779996022253,0.00647489159035573,0.00902862808976768,0.00856282353200116,0.00265462200549132,0.00435831595529201,0.00308255611174969,0.00381435083777821,0.00767538344400707,0.00387963683397672,0.00434387634566587,0.00551846492319975,0.0027806855389289,0.00654300070011756
0.00290341092047054,0.000875372547517636,0.00570037136166353,0.00716043263855485,0.00697407830852465,0.00170366478386457,0.00307477325193804,0.00647034203103265,0.00902016294645459,0.00855499130836836,0.00265224525808526,0.00435783609245473,0.00308161141288464,0.00381299177572339,0.00766694577961495,0.00387694932644933,0.00434025472012478,0.00551502162466665,0.00278134758038418,0.0065378474557928
0.00290668070294504,0.000876417575816939,0.00571404711923951,0.00716913861776492,0.00698286752738912,0.00170655855871088,0.0030824751111688,0.00647997416480198,0.00903116890825278,0.00856644088295644,0.00265624131320229,0.00435760096056903,0.00308419819831013,0.00381703740629302,0.00767732602124203,0.00388045302592015,0.00435128294166417,0.00552320790198216,0.00278069903738097,0.00654204218965743
0.00290526668880463,0.000875454707304672,0.00570118055311413,0.00715830915165815,0.00697796976592782,0.00170330621984896,0.00307662663978446,0.00647488626293484,0.00902358546947127,0.00855565078664793,0.0026558106304291,0.00435383059316131,0.00308152804623121,0.00381954473629641,0.00766933279243404,0.00387664652600059,0.00434760248582742,0.00551920726684509,0.0027787540844748,0.00653872240318724
0.00290399942908578,0.000875630735872907,0.00570542645811527,0.00715797765258076,0.00697279327791585,0.00170196500682486,0.0030774156304468,0.00647251986680791,0.00901838361990886,0.00856699701264874,0.00265553563884235,0.00435919245306634,0.00308242316700725,0.00381252016668456,0.0076675739281733,0.00388007807497809,0.00433897034048514,0.00553127029495131,0.0027807926299811,0.00654455621025133
0.00290984924622717,0.000876346513960039,0.00570447095393055,0.00716950909825826,0.00698659352153264,0.00170517339321006,0.00307896988140875,0.0064813884740865,0.00904337846731888,0.00856568233223031,0.00266087058867766,0.00436503946474137,0.00308552785724343,0.00381866500684784,0.00767738235902339,0.00388092762539497,0.00435535084014337,0.00552853922556767,0.00278165460472905,0.00654411500097929
0.00290929230760659,0.000876490733760975,0.00570738029002382,0.00716822398059864,0.00698149036686735,0.00170461198519974,0.00307805194851771,0.00647826603004065,0.00903246821434532,0.00856442717744262,0.00265699067213843,0.00436795315642495,0.00308443866641046,0.00381718583220741,0.00767681551203378,0.00387949202905268,0.00435495451927709,0.00552411480108742,0.00278177812198307,0.00654641558258377
0.002904974557283,0.000875570285186009,0.00570286585131798,0.00716636926570925,0.00697306911160383,0.00170256328294061,0.0030805584792562,0.0064766201763508,0.00901899516143188,0.00855080729541868,0.00265590112567244,0.00435641105121919,0.00308707194585385,0.00381603942478305,0.0076702192676163,0.00387643514320086,0.00434932373821293,0.00551497159303277,0.00278302453157464,0.0065344349943448
0.00290584970168581,0.000876254625382037,0.00570544406347114,0.00716442575550273,0.00697907908513808,0.0017054710722434,0.00307807411929895,0.00648350583622606,0.00903491640238765,0.00856590923341807,0.00265822057215324,0.00435707777725571,0.00309538933847009,0.0038189434783744,0.00767754946084737,0.00388378653388384,0.00434511862499396,0.00552669711749817,0.00279518445967544,0.00654362480872964
0.00290516703021218,0.000876657936995635,0.00570777185744996,0.00716539090699825,0.0069851243243915,0.00170635590546097,0.0030834749369447,0.00648525260836985,0.00903232594047487,0.00856388282446571,0.00266061856494945,0.00436002038472109,0.0030854932877075,0.00381778766420137,0.00767789483300409,0.00388068178378214,0.00434964825225106,0.0055221149130238,0.0027807995554957,0.00654506148152339
0.00290191804462602,0.000875280416557436,0.00569925367041198,0.00715493286235778,0.00697541857994144,0.00170259664764848,0.00307370203789564,0.00646849488999779,0.00902152351741458,0.00855667495927488,0.00265322734548092,0.00435231246244892,0.00307934160631912,0.00381075947795234,0.00766450145931747,0.00387362362986424,0.0043415256926218,0.00551336826353792,0.00277702556331937,0.00653502846854938
0.00290376390965823,0.000876432204156302,0.00570277508211561,0.00716941572225038,0.00697846029916264,0.00170528795913198,0.00307852993681392,0.006482456469562,0.00903264067187993,0.0085821295218709,0.00265621611449437,0.0043579595434582,0.00308323197011434,0.00381606959714426,0.00767971616739492,0.00387991120763364,0.00434731536506499,0.00552400237312198,0.00278008463842054,0.00654325235270959
0.00290279809439977,0.000876230367040888,0.00570253111547136,0.00716510648081166,0.00697681208955195,0.00170483108263648,0.00307839900218258,0.00647330179228878,0.00902968799240236,0.00856137077330266,0.00265460602341976,0.00435674923693168,0.00308448224194165,0.00381571189202885,0.0076701932185841,0.00387904556791692,0.00434199846509007,0.00551860268566966,0.00277947879560623,0.00654016422968994
0.0029041223435936,0.000875560787080368,0.00570087281496809,0.00715837187899543,0.00697779101262972,0.0017029804589815,0.00307944247982721,0.00647003951255315,0.00902488651112126,0.00855237453153418,0.00265220358520004,0.00435934637941557,0.00308032253876823,0.00381768407164238,0.00766694201689098,0.00388037952514681,0.0043406274169768,0.00551577829545954,0.00278102337854271,0.00653406816427788
0.00290281804627485,0.000875258076233431,0.00569881330563012,0.0071620051202218,0.00697331377135311,0.00170388055697803,0.00307623641059584,0.00647242063478224,0.00902277551487126,0.00857789539451551,0.0026548100603268,0.00435611123427627,0.00308167072335789,0.00381618854446163,0.00767590739406061,0.00387630790318912,0.00434331165163205,0.00552032851618857,0.00277872472043831,0.00653655538358115
0.00290180699851653,0.000875252586757466,0.00569940389857283,0.00715244969260103,0.00696966278784383,0.0017035892500671,0.00307785887788769,0.00647122744523197,0.00901650757486055,0.00855394677068268,0.00265632515927415,0.00435437031384917,0.00308151440584033,0.00381300888727872,0.00766279749524347,0.00387583663055619,0.00434259756122343,0.0055205523062758,0.00277753789450163,0.00653860838208795
0.00290451814222323,0.000876379064516622,0.00570763413918647,0.00716861146214851,0.00698370431483291,0.00170583579787193,0.00307917574312785,0.00648102744113609,0.00903417437982728,0.00856546163355023,0.00265621916034446,0.00435942731326739,0.00308737942392105,0.00381870437490217,0.00767744353045443,0.00388270633474376,0.00434613767118358,0.00552331628645768,0.00278250098832717,0.00654359779393535
0.0029035410247655,0.000876232637450097,0.00570190181141749,0.00716349466858031,0.00697518997911914,0.00170508070380333,0.0030801899828331,0.00647491042930878,0.00902830813004135,0.00855917633720054,0.00266108655423045,0.00435830273318866,0.00308285180054794,0.00381474220137555,0.00767333146928155,0.00387758484377376,0.00434523187050875,0.00552533369377056,0.00277884703272333,0.00654056180852734
0.00290028874596022,0.000875677795778239,0.00570096809426144,0.00716197818871884,0.00697601102409749,0.00170305675595578,0.00307544785336558,0.00647000607283343,0.00902368642726061,0.00855709975983942,0.00265259571816554,0.00435439424844683,0.0030816198199198,0.00381282773783827,0.00766856932475428,0.00387661241404904,0.00434229386472028,0.00551722781678857,0.00277800281974035,0.00653728048293674
0.00290565233580249,0.000876000262774894,0.00570174729010468,0.00716299734554952,0.00697590260762425,0.00170323961849169,0.00307628618045801,0.00647137150259821,0.00903617131037734,0.00855489477397556,0.00265326352784215,0.00435724663890418,0.00308120933888885,0.00381761803384343,0.00767208809064756,0.00387591266318839,0.00434308096660796,0.00551794923261073,0.00277780256487832,0.00653648424867273
0.00290266341543154,0.000875247846978848,0.00570022163277804,0.00715825510691493,0.00697247255045288,0.00170294081442569,0.00307453125617705,0.00647190968648973,0.00902461512562405,0.00855368606943602,0.00265210601751201,0.00435367672994469,0.00308051787011408,0.003812102976082,0.00766869184456245,0.00387514871035735,0.00433987923549845,0.00551407490041331,0.00277693873800426,0.00653556613129894
0.00290493048613605,0.000875479023691445,0.00570115435998613,0.00716381784954961,0.00698164373641703,0.00170339318635485,0.00308187370257753,0.00647366706584267,0.00903152174512251,0.00856004814497572,0.00265433828212911,0.00435647184058516,0.00308133258220621,0.00381611416331502,0.007670986441052,0.00387550745171255,0.00434822278888547,0.00552260216092909,0.00277940861394122,0.00654388789009686
0.00290202439548849,0.000875341145248268,0.00570032606310577,0.00716058082971125,0.00697558418570526,0.00170336684646757,0.00308081777991923,0.00647267000036271,0.00902650312089681,0.00855495917717575,0.00265896078552632,0.00435517396326681,0.00308120984205641,0.00381372916578982,0.00766629657802187,0.00387671483212559,0.00434455782372835,0.00552718754937031,0.0027776990810074,0.00653795224103657
0.0029016978709158,0.000875964068698969,0.00569890835765884,0.00715969490621605,0.0069792410696977,0.00170488050136551,0.00308072436162068,0.00647836147245323,0.00903016239496107,0.00856244320165013,0.00265772285615333,0.00435768767448275,0.00308326024102163,0.00381437951721347,0.00767533530854486,0.00387919130645563,0.00434393964596683,0.005525219676487,0.0027845550785242,0.00654223759171299
0.00290374336404901,0.000875586852804892,0.00570151672972937,0.00716013202814356,0.00697425291011234,0.00170504278229752,0.00307537277166582,0.00647173483385307,0.00901960121662991,0.00855441624755802,0.0026535069745346,0.00435359562116519,0.00308583901781655,0.00381775698153594,0.00766902388070423,0.00387822422129077,0.00434032583848333,0.00551809178676233,0.00277773805805559,0.0065469584626577
0.00290399021145311,0.000876368998342968,0.00570513413687219,0.0071659690007261,0.0069807553298335,0.00170516029495793,0.00308040006618995,0.00647825440132943,0.00903115679387753,0.00856256067589293,0.00265780537890413,0.00436012808748661,0.00308294804289972,0.00381570378073609,0.0076734076222394,0.00387908307482471,0.00434881705701133,0.00552851705252177,0.00278017491329893,0.00654341753066094
0.00290668549246037,0.000876274126566067,0.00570531604533314,0.00716714681543957,0.00698012063796909,0.00170497629902431,0.00307834624138205,0.0064855740179735,0.00903145076702779,0.00856308500736409,0.00265570032135316,0.00436087237093877,0.00308431636584347,0.00381680302272292,0.00767804932425282,0.00387994079010524,0.00435020115160586,0.00552213022672199,0.00278062071910728,0.00655092885011512
0.00290454203505974,0.000875337678928376,0.00570316566722073,0.00716432927775648,0.00697694565163241,0.00170559596527962,0.00307781720029829,0.00647574540840258,0.00902692383441234,0.00855701986519874,0.00265691791887385,0.00435581500242068,0.00308484893391356,0.00382137255569629,0.00767596103102055,0.00388109148185128,0.00435141742467047,0.0055187554500817,0.00277919364743127,0.00654402385197245
0.00290140937221225,0.000875617977096176,0.00570255661489192,0.00716337022190015,0.00697630915064747,0.00170342873888796,0.0030749371177844,0.00647433060003453,0.00902442101320668,0.00855769035708042,0.00265271616098225,0.00435581776362372,0.0030820414889366,0.00381343975936151,0.00767118770468436,0.00387753544158486,0.00434345827557611,0.00551881958490246,0.00277800581850369,0.00653803820094122
0.00290479638114643,0.000875698700855885,0.00569985193637007,0.00715906192386153,0.00697612996670771,0.00170319345031799,0.00307562401111212,0.00647131732594584,0.00903516298411675,0.00855487755970389,0.00265376162685775,0.00435372982275579,0.00308063582903798,0.00381394143163074,0.00767024537332895,0.00387727466110538,0.00433945288141909,0.00552512988647852,0.00278191102100556,0.00653666521285891
0.00290353948640519,0.000876226138656135,0.00570417916326417,0.00716748538422238,0.00698300461230205,0.00170578841300209,0.0030888623703281,0.00647979937662553,0.00902977431681842,0.00856475012070929,0.00265744157228241,0.00435657257966738,0.00309166100975324,0.00381498397486389,0.0076754126405106,0.00387808993374815,0.00434398497050258,0.00552452709224177,0.00278493064337976,0.00654038901421566
0.00290444264773128,0.00087547413054543,0.0057006796874595,0.00716219384164121,0.00697650104010091,0.00170466697317855,0.00307648968757407,0.00647156323410389,0.00902504275049284,0.00855538316999926,0.00265382141209823,0.00435587507264019,0.00308319683657404,0.00381311678740313,0.00766818801160681,0.00388112187645533,0.00434558038633709,0.0055184229005418,0.00278026979263487,0.0065436823321122
0.00290562563830155,0.000875359741304631,0.00569994890760665,0.00715502167483723,0.00697909124693191,0.00170388461552803,0.00307795849231144,0.00647933934831311,0.00903617195005372,0.00856989083643695,0.00266225420199341,0.00435585720750047,0.00308197649569315,0.00381375809610957,0.00767242485300932,0.00387853272623008,0.0043492468558933,0.00551406997876622,0.00278092593496274,0.00654015959457248
0.00290456084520416,0.000875587304437456,0.00569968444429457,0.0071620719542265,0.0069760322792097,0.00170222086893809,0.00307603383397145,0.00647389780349907,0.00903685808896765,0.00855404183766669,0.00265317538163542,0.00435419437457524,0.0030822332057928,0.00381815965126529,0.00767110604403019,0.00387590319325666,0.0043473942423174,0.00551661385814359,0.00277815114483239,0.00654116704446253
0.00290023083228288,0.000875270061459562,0.00569997092261136,0.00715778948812841,0.00697241390343322,0.00170854550296129,0.00307500049395447,0.00647608221791839,0.00902875347963325,0.00856132236897613,0.00265354921155812,0.00435546591226853,0.0030822996668621,0.00382483968481821,0.00767172377743206,0.00387775862345831,0.0043404578332334,0.00551515448068408,0.00277858433991523,0.00653915799495802
0.00290328143303127,0.000875288466271208,0.00569716028190097,0.00716310557293683,0.00697200352473488,0.00170387199866414,0.00307493890684703,0.0064768123301904,0.00901972860153795,0.00855716960329037,0.00265542754881618,0.00435640576612121,0.00308307677154636,0.00381275879311692,0.00767145181283349,0.00388095676914042,0.0043434116426869,0.0055196259300497,0.00277827027048159,0.00654211546280464
0.00290613812976689,0.000876132527851396,0.00570387995043303,0.00716260257955977,0.00697723702577874,0.0017046268166979,0.00307811959526452,0.00647837770465096,0.00902592584723896,0.0085621102548753,0.00265880441645258,0.00436521140688913,0.00308926748444177,0.00382181615094651,0.00767892414102813,0.00387991224596937,0.00435102770708375,0.00552232351745982,0.00278057871129844,0.00654160737178164
0.00290341801877917,0.000876052623236632,0.00570063220099681,0.00716106387489328,0.00697862092214751,0.00170449296510549,0.00308241587586822,0.00647563790622604,0.00902591498681734,0.00855559988567482,0.00265543036328878,0.00435852890766243,0.00308189947311657,0.00381545541296185,0.007672982600653,0.00387650423316241,0.00434417150754297,0.00552217932928703,0.00278054149139983,0.00653677082555006
0.00290654704574901,0.000876625497559751,0.00570573794479669,0.00717055181734277,0.00698098854229889,0.00170545818250696,0.00308052091167603,0.00647761740656103,0.00903442167398073,0.00857331058076863,0.00265738087947491,0.00435850410968684,0.00308458890346932,0.0038165437246046,0.0076807768581661,0.00388284578985408,0.00434892512992544,0.00552566694226495,0.00278097526062238,0.00654279525435695
0.00290046296972776,0.000875243918567264,0.0056967629332001,0.00715533167553007,0.00697293832622764,0.00170342307752452,0.00307624543244789,0.00647286623518731,0.00902174739697364,0.00855801193750474,0.00265548894830565,0.00435193024239075,0.00307937888518734,0.0038118213097103,0.00766705219436663,0.00387320075697068,0.00434013729988559,0.00552147872223374,0.00277655902315285,0.00653539799048589
0.00290501870890322,0.000876224746974571,0.0057037294388609,0.00716504041434749,0.00697666475362867,0.00170521723727547,0.00308115694024992,0.00648199312887941,0.00903641532783785,0.00856140756203109,0.00265425171282949,0.00435906389363764,0.0030856866470326,0.00382032343920213,0.00767586185527089,0.00387856141563323,0.00434562668747658,0.00551795140637738,0.00278345450004973,0.00653751423444567
0.00290271845145671,0.000874862540169734,0.00569766837488383,0.00715871817264379,0.00697270845053097,0.00170288218729876,0.00307559909640566,0.00646626512657381,0.00901678215459301,0.00854848145921887,0.00265425570202521,0.00435296036650332,0.00307966105905698,0.00381032592440427,0.00766328750857084,0.00387339517828575,0.00434494970416826,0.00551896668636198,0.00277600522074514,0.0065338692940532
0.00290337013646449,0.000875487348622706,0.00569716358737175,0.00715854739922566,0.00697596631046678,0.00170357928714532,0.00307574042847307,0.00647403358618773,0.00902567290153458,0.00856854370680118,0.00265377134362591,0.00435619255231345,0.00308242950846395,0.00381582586432191,0.00766879522842317,0.00387986785586216,0.00434656232368014,0.00551788432517054,0.0027779554792906,0.00654082168861156
0.00289892338408648,0.000875042586854563,0.00569802853794446,0.00715847934587631,0.0069733434122025,0.00170248263277352,0.00307535980641851,0.00646902615854931,0.00902208740374239,0.00855821638876846,0.00265220417813604,0.00435377530124049,0.00308041903748774,0.00381219271340759,0.00766655204259766,0.00387490728570971,0.00433995202227148,0.00551817081149304,0.0027779381671375,0.00653620453895248
0.00290112461181725,0.000875224233569658,0.00569975813132141,0.00715890389805085,0.00697392347629849,0.00170491817489368,0.00307774628444092,0.00647039756279701,0.00902725258617366,0.00855186745705156,0.00265482358554211,0.00435589512328485,0.00308012617980345,0.00381314757032585,0.00766999242960361,0.00387567235047574,0.00434028379206192,0.00552498158080804,0.00277813648510797,0.00653575947557397
0.00290557079959909,0.000875361726555079,0.00570112964168705,0.00716301104938513,0.00697670431241082,0.00170309434952155,0.00307594402473871,0.00647493929021713,0.00902793793067512,0.00855457949818689,0.00265406231961716,0.00435717417537552,0.00308317572042172,0.00381892718973933,0.00767266350750248,0.00387854017179517,0.00434254182873115,0.00551957690358794,0.00278109695189163,0.00653971101513201
0.00290643329689815,0.000876174017894422,0.00570622973849747,0.00716572747148289,0.00697891987989857,0.00170358577985738,0.00307712762263544,0.00647824383912704,0.00902890760122728,0.00856650803884073,0.00265515537766671,0.00435898782974379,0.00308407780107976,0.003816971605235,0.00767637475516434,0.0038812430974533,0.00435245653735508,0.00551890207361181,0.00278102756736049,0.00654224010808791
0.00290350425949013,0.000876258753082915,0.0057019783414559,0.00716332729681824,0.00697962520567422,0.00170480947151359,0.00308016980488569,0.00647864926120148,0.00903217322521327,0.00855912180989395,0.00265709538916084,0.00435883300350702,0.00308245648368111,0.00381598415188286,0.00767383464244011,0.00387918771286467,0.00434330697891943,0.00552747707004376,0.0027808614398763,0.00654145798954078
0.00290545997076531,0.000876205400166763,0.00570700671040481,0.00717070770524496,0.00698047304169066,0.00170568289715041,0.00307720838212791,0.00647713812701212,0.00904385308065078,0.00855970374470001,0.00265399478322946,0.00435775407925818,0.00308427875678252,0.0038195161322287,0.00768139101085983,0.00387857600208399,0.00434392235558062,0.00551994270441695,0.00278166784613325,0.00654417938526667
0.00290204793248249,0.000875795174693813,0.0057003905109514,0.00715740167039725,0.00697657415906305,0.00170417780418766,0.00307784057604735,0.00647246265270467,0.00902622887646986,0.00855498652440337,0.00265525641383837,0.00435581081433193,0.00308132760485174,0.00381268509577837,0.00766883810624218,0.00387580611004852,0.00434340986306661,0.00552461230289068,0.00277848407839859,0.00653957945673181
0.00290498547601819,0.000875547757226762,0.00570018524816642,0.00716072326567281,0.00697865451171547,0.00170345097426109,0.00307801607022838,0.00647358365690068,0.009022136083573,0.00855755244879195,0.00265571657462943,0.00435199573199972,0.00308037997240028,0.00381290338895714,0.00766917379465844,0.00387591262532722,0.00434368430859588,0.00552493250475877,0.00277853849396065,0.00653716688870251
0.00290363154776854,0.00087561201161946,0.00569941263907368,0.00715964969910411,0.0069741928907717,0.00170509459012296,0.00307829605948563,0.006474022514834,0.00902442096289911,0.00855291602205775,0.00265707054025151,0.00435699020738084,0.00308034765242997,0.00381422056221759,0.00767146833684119,0.00387744070221655,0.00434236349332227,0.00552221408226941,0.00277972865723412,0.00654060553558258
0.00290201374783055,0.000875590650255058,0.00570241043586642,0.00716035596539131,0.00697909746565042,0.00170335882225595,0.00307612818709033,0.00647304455123351,0.00902528423074813,0.00856133654501526,0.00265357094042707,0.00435541887762276,0.00308285710664594,0.00381358797792365,0.00767281020784935,0.00387674829091492,0.00434237132817593,0.00552314406585434,0.0027783334248083,0.00653790654652071
0.00290561784766286,0.000876045558691543,0.00570419128876498,0.00716656127083432,0.00698451532816473,0.00171201622369638,0.00307866846708093,0.00648298611623499,0.00903840373740821,0.00856207571874113,0.00265609727143826,0.00436031607263437,0.00308423174140805,0.00381761009450716,0.00767583764512132,0.0038793042550378,0.00434581847311548,0.00552179803586754,0.00278248361663578,0.00654289059584646
0.00289636082558573,0.000874222150213366,0.00569426766169322,0.00715748210316346,0.0069724209652254,0.00170135045417887,0.00307322515764185,0.00651546696702262,0.00901552819590265,0.00854631030314169,0.00265648462161224,0.00435130144484376,0.00307886191635968,0.00381060417918058,0.00766052772795079,0.00387326102331675,0.00433673917454457,0.00551539527023628,0.00277621316318469,0.00653228939347323
0.00290323653313228,0.000875204090439282,0.00569798718597199,0.00715674102955214,0.00697245703591163,0.00170391073038905,0.00307676952853952,0.00647577114668601,0.00903177924376809,0.00856195956260595,0.00266115089333601,0.00435402046638176,0.00308335563291783,0.00381117848800662,0.00766566467553685,0.00387540688037777,0.00434192589991339,0.00551702513437911,0.00277989369122652,0.00653232212736208
0.00290254865135331,0.00087526466745778,0.00570015484126104,0.00716023703221701,0.00697611681246196,0.00170467046257819,0.00307561149905315,0.00647173593200777,0.00902492322213322,0.00855685843459944,0.00265634028220757,0.00435299328498871,0.00308087080673969,0.00381328542717479,0.00767460009393884,0.00387553946299243,0.00434062703497641,0.0055175505672977,0.00277756991804009,0.00653564314401717
0.00290520887007689,0.000876046650610394,0.0057031808740131,0.00716397887038983,0.00697981012105119,0.00170402380299713,0.00307955326139342,0.00647660650972766,0.00902947711836312,0.00855822337294325,0.00265624750266936,0.00435695931925869,0.00308405764170321,0.00382035802937389,0.00768250228272206,0.00388267239874755,0.00434455076902039,0.00552125166690351,0.00278030601522447,0.00654185312698741
0.0029076462713689,0.000876052731819283,0.0057035019819611,0.00716808728292909,0.00697949992642777,0.00170573396490725,0.00307692348720197,0.00647900025871182,0.00902619765486643,0.0085769036926643,0.00265863741997585,0.00436330700175216,0.00308792469432909,0.0038206240055397,0.00768442588440634,0.00388222730542344,0.00434923365517013,0.00552451165982023,0.00278370947165624,0.00653951918546278
0.00290276173067173,0.000875874527918552,0.00570354183774499,0.00716341911742127,0.0069776669172801,0.00170320818250732,0.00307769435297313,0.00647651065339356,0.00902631221095543,0.00856179088451963,0.00265335369120003,0.00435436542660694,0.00308223139402016,0.00381577257301336,0.00767018059253589,0.00387801493870567,0.00434442078964651,0.00551774112987729,0.00277885349684158,0.00653858739914593
0.00290299350692316,0.000875196379155444,0.00569995097978825,0.00716138401354585,0.00697503231339439,0.00170401836250565,0.00307481691774364,0.00646936669322479,0.00903414698596463,0.00856128299469175,0.00266425481600798,0.00435678151195119,0.00308000625458341,0.00381760269340602,0.00766878900675978,0.00387534451706649,0.00434416442049202,0.00551574349732993,0.00278043550124334,0.0065375926079706
0.0029066626403694,0.000875259469317117,0.00569946719443004,0.00716558656218365,0.00697841325157284,0.00170410596247569,0.00307863812276013,0.00648074484498111,0.00903377597794242,0.00855835685260996,0.00265682763288732,0.00435429502711229,0.00308350954815966,0.00381796600654801,0.00766990330401604,0.00388162561813534,0.00434534171231008,0.0055271303367761,0.00278120478885753,0.00654833386413108
0.00290193051771721,0.000875510127184148,0.00569960010075483,0.00716252112854115,0.00697721878420852,0.00170370511084823,0.00307601738149989,0.00647566340474509,0.00902432812358049,0.00856006168281731,0.00265345047427956,0.00436602295164812,0.00308378073346609,0.00382159766358583,0.00767450433309965,0.00387768740404859,0.00434244595417313,0.00551787496285194,0.0027785488801024,0.00653823488468206
0.00289807023406119,0.000875047141891933,0.00569545117703719,0.00715460103835665,0.00697009522937782,0.00170312925793832,0.00307623284440829,0.00646998753448627,0.00902094985541771,0.00854632701787627,0.00265624726563825,0.00435375904998704,0.00307994542243901,0.00380818071047285,0.00766464874604144,0.00387575906017538,0.00434254473772111,0.00552490001833591,0.00277526128101685,0.006531265818017
0.00290633206423033,0.00087594800180878,0.00570544394876024,0.00716579530511608,0.00698459607823134,0.00170672312338851,0.0030879489393459,0.00647839060869155,0.00903079686175562,0.00856506333906871,0.00265483142720891,0.00435993851329814,0.00308564705311612,0.00381655019549564,0.00767949285654994,0.00388039884073439,0.00434559516695747,0.00552010858073492,0.00277926796717525,0.00654439532738324
0.00290825590508368,0.000876233094504397,0.00570407474565746,0.00716618782580051,0.00697847032457847,0.00170449200198839,0.00308117254488557,0.00648048771695472,0.00904123568088693,0.00857406185145497,0.00265984892636397,0.00435820519872097,0.00308707630613189,0.00381773870089952,0.00767651178656944,0.00388372217557416,0.00434864163685327,0.00553217210046903,0.00278317881194644,0.00654185222454266
0.00290516554639215,0.000875378431552027,0.0057006951039265,0.00715840768315484,0.00697596965432613,0.00170490812477821,0.00307534345851478,0.0064730045804915,0.00901947736312015,0.00855449672129626,0.00265721520965681,0.00435438097654673,0.00308093466166329,0.00381379965268606,0.00766790212224749,0.00387603922489812,0.00434165473379631,0.00551551021416953,0.00278080208263617,0.00653703557483586
0.00290201054146508,0.000875808503106711,0.00570108020366111,0.00716206664455442,0.00697707984349892,0.00170449891804797,0.00307817849049936,0.00647782848681548,0.00902659645052772,0.00855785629701621,0.00265579028449433,0.00435689878138441,0.00308219437504025,0.00381395345009236,0.00767087055607571,0.00387782833791536,0.00434349266043078,0.00552638093388798,0.00277919765118893,0.00653903705022506
0.00290742098738748,0.000876320750467567,0.00570515042381021,0.00716659873990342,0.00698100493103622,0.0017069330649938,0.00308233966590569,0.00647816307386699,0.00903706635039226,0.00856354094405561,0.00265869476585597,0.004362404864452,0.00308500408615364,0.00382243481303356,0.00767778397675905,0.00387955653083589,0.00435151297196524,0.00552904124286162,0.00278019817273809,0.00654474315570105
0.00290959115859601,0.000876845747082301,0.00570421337047551,0.00716566689637663,0.00698018422137749,0.00170751824573524,0.00307910398264577,0.00647875997458927,0.00903288898937462,0.00856918372699629,0.00265640350947893,0.00435822451000402,0.00308629226709245,0.00382017075013095,0.00768058692557567,0.00388208313979633,0.00434865240743401,0.00552292881481395,0.00278571584384364,0.00654287567609589
0.00290108356034692,0.000876241977535688,0.00569975423391404,0.00715943692830033,0.00697501277118311,0.00170501097997217,0.00308065085818563,0.00647896605295825,0.00903267375349348,0.00856138859192046,0.00265770480815164,0.00435819532835285,0.00308258367522541,0.00381708818795926,0.00767468634343895,0.00388179195664239,0.00434474582865828,0.00552905233314989,0.0027806441505775,0.00654101678782418
0.00290431300914694,0.000876649397067483,0.00570733416411354,0.00716581696297475,0.00698169979719185,0.0017056139675428,0.00308118414157586,0.00648069760660807,0.00903192491467161,0.00856397889513925,0.00265906010374753,0.00436107941751007,0.00308551807930856,0.00381703517621236,0.00767597134911552,0.00388209453956089,0.00435114663534318,0.00552849297276994,0.00278226050699407,0.00654264542196985
0.00290468759681371,0.000876471586164777,0.00570327687467546,0.00716646018940894,0.00698139734616959,0.00170572393799478,0.00308048730704166,0.00648108198563584,0.00903352830207043,0.00856349485469583,0.00265827161241867,0.00435913175717331,0.00308364502595474,0.0038162851565211,0.00767576597194445,0.00387930085524038,0.00434710681074989,0.00552719848550429,0.00278138332639826,0.00654214936194723
0.00290760806802752,0.000875890027536999,0.00570228135812296,0.00716203959315673,0.00697648151177147,0.00170546647674304,0.00307772589993166,0.0064754228171116,0.00902564867536274,0.00856368878343347,0.00265459312589186,0.00435768927221597,0.00308638667964346,0.00382060235206479,0.00767120736714688,0.00388203189428111,0.00434941421945322,0.00552586618325218,0.00278038403814773,0.00654054109993021
0.00290665591757424,0.000876569999045422,0.00570746395290133,0.00717050615290827,0.00698175452728315,0.00171274412632978,0.0030803927097462,0.00648531682115099,0.00904283550501047,0.00856709057330785,0.00265555210920226,0.00436511347748652,0.00308472879654734,0.00381731957419261,0.00767759915573173,0.00388509748516056,0.00435163334745091,0.00552461179477965,0.00278358981743583,0.00654578531765927
0.00290231915202796,0.000875613793091947,0.00569797134865226,0.00716185570563131,0.00697762139002291,0.00170579727280476,0.00307674059242791,0.00647620639969038,0.00902294726484941,0.00856814122131513,0.00265639323980624,0.00435359607418511,0.00308393009282302,0.00381386657812413,0.00766478243435841,0.00387508513437392,0.00434307014133858,0.0055188830552451,0.00277879345844872,0.0065366368867314
0.00290412107458231,0.00087645347222584,0.00570474963423951,0.00716663551153245,0.00698194057911304,0.00170502300462981,0.00308075595476941,0.00648018542631952,0.0090338841843307,0.00856425207562555,0.0026584444504454,0.00435874352011245,0.00308414849576055,0.00381599852463204,0.00767601499151477,0.00387928588710559,0.0043462335643119,0.00552888213325747,0.0027812251291793,0.0065428933464366
0.00290289328137412,0.000876571343266723,0.00570806588904475,0.00716732392181484,0.0069848209115703,0.00170605732648141,0.00308536192292968,0.00647867889731859,0.00903454827864514,0.00856537173149665,0.00265916300453111,0.00435948271759135,0.00308398820636531,0.00381509448310834,0.00767593833533445,0.00388101054320806,0.00434809225001995,0.00553364246975961,0.00278066664494069,0.00654559160332503
0.0029003380278561,0.000874562513775498,0.00569499191827348,0.00715108570408519,0.00697422446592318,0.00170920934082322,0.00307419601045822,0.00646881687595217,0.00902940286755339,0.0085613058236925,0.00265461089555875,0.00435319151218961,0.00308132162283215,0.00381531475632778,0.00766806090029906,0.00387721857395578,0.00434364836979608,0.00551746533198836,0.0027804548959572,0.00653997712253413
0.0029039075082348,0.000876093101926473,0.00570021539250947,0.00716486245119869,0.0069789829568226,0.00170515002484642,0.0030811373724183,0.0064775079601202,0.00902861755174148,0.00856107794697132,0.00265828849019578,0.00435878431525975,0.00308372180527654,0.00381603863751513,0.00767553645781248,0.00387901045590314,0.00435068406369566,0.00552716171423538,0.00278053837744611,0.00654262713908974
0.00290954804245681,0.000876273712670962,0.00570478739349704,0.00717069104346834,0.0069806069130822,0.00170468081547061,0.00307717676828614,0.00648710347450971,0.00903091752785396,0.00857678536603357,0.00266032268168823,0.00435929699343886,0.00308428819352477,0.0038173920328359,0.00767737952088357,0.00388523423192435,0.00435247997098346,0.00553139554972787,0.0027808456985453,0.00654201854364425
0.00290495337761799,0.000876462120393662,0.00570663266025984,0.00716730860586627,0.00698344945666577,0.0017068913312431,0.00308292928603442,0.00647916081299617,0.00903568201189833,0.00856322156636536,0.00265887286158273,0.00435959969261557,0.00308636398533517,0.00381800981111963,0.00767679776116653,0.00387986268227341,0.00434633543593497,0.00553105400590153,0.00278068927730713,0.00654397378028801
0.00290392499570984,0.000875847278194309,0.00570296192255664,0.0071647274944981,0.00697594819899216,0.00170359345771376,0.00307632590185449,0.00647504858204528,0.00902607366967441,0.00856289843238137,0.0026562103228227,0.00435354668683007,0.00308210082941609,0.00381363593583885,0.00767585943437658,0.0038760779619404,0.00434228377465353,0.00551773546887092,0.00277896722431545,0.00654186348842184
0.00290522556977644,0.000875930660156125,0.00570382497536913,0.00716360312266642,0.00697825582171871,0.0017042561787566,0.00308054087493649,0.00647487048923166,0.00903275076176602,0.00855817281430872,0.00265554746715051,0.00435933916658628,0.00308312985442545,0.00381830426114114,0.00768119025587131,0.00387977539554252,0.00434340436977008,0.00552144385420549,0.00278235866458349,0.00653860200035969
0.00290583805192687,0.000876050339015594,0.00570513992445089,0.00716600488635188,0.00698088996538168,0.00171315139820037,0.00307833488662831,0.00647655549159914,0.00904206637492547,0.00860668938970665,0.00265719969245856,0.00436341777406224,0.00308484849508784,0.00381520689864337,0.00768084944652769,0.00388535456178607,0.00434593253451061,0.00552228423994954,0.00278335495288276,0.0065455481844985
0.00289826499132654,0.000875629200608344,0.00569867970933897,0.00715425254680823,0.00697977864603519,0.00170271256965904,0.00307400659975937,0.00647381441090304,0.0090190686340044,0.00856082979862415,0.0026550922428313,0.00435277647921181,0.00308098320230872,0.003816535503115,0.00766836810347995,0.00387551461366182,0.00434289902849193,0.00551553571790589,0.00277710343253842,0.00653736755163117
0.00290525832220416,0.000876470064274828,0.00570383460523943,0.00716498808156893,0.00698131895163582,0.00170470737198444,0.00308055545140722,0.006480162184506,0.00903418691750908,0.00857248368001717,0.00265760493455148,0.00435950718054347,0.00308492634144644,0.00381610741785805,0.00767412953487433,0.00387895708747157,0.00434719655986633,0.00552680599929272,0.00278079083449627,0.00654276287938833
0.00290537559985333,0.000875284137998101,0.00570255040099504,0.0071646041050194,0.00697404239026252,0.00171107606135157,0.00307962770572163,0.00647437372947579,0.0090275181927966,0.00855628072955662,0.00265777177151312,0.00435594854851307,0.00308318588492254,0.00381317077963012,0.00767192141312445,0.0038783470001428,0.00434325260507017,0.00552753115520143,0.00277965778677637,0.00653946875292829
0.0029035467855226,0.000876002773082129,0.0057028685532469,0.00716214729553548,0.0069775049863161,0.00170565090427301,0.00307765727836354,0.0064771253405135,0.00902869476517832,0.00855711505748854,0.00265641613107081,0.00435698455886781,0.00308210108421092,0.00381400309321877,0.00767244236124574,0.00387720969928938,0.00434565739356502,0.0055263321461968,0.00277875278836634,0.0065370370458506
0.00290634388691865,0.000876163088229528,0.00570807173116272,0.00716352704005372,0.00698079631189445,0.00170635444662624,0.0030776859943457,0.00648419358855038,0.00903138921476859,0.00856058814018323,0.00265832592497843,0.0043586661403842,0.0030850030095636,0.003817053198455,0.00767818848804887,0.00387757763494183,0.00434605536198987,0.00551779236082614,0.00278186378563394,0.00654047945398797
0.00290449306766615,0.000875572006763232,0.00569897680027054,0.00715973593038254,0.0069765957134063,0.00170250334835035,0.00307740742711239,0.00648190859362484,0.00902819732026389,0.00856224157521892,0.00265315952429789,0.00435737049108427,0.0030822108206121,0.00381343725280193,0.00768191835847273,0.00387807465239739,0.00434177606606474,0.00551701902124676,0.00278233508050847,0.00654677159097776
0.00290403142392713,0.000876219666895375,0.00570095406992231,0.00716114874938155,0.00697685980660508,0.00170550764977029,0.00308036420008365,0.00648058822803321,0.0090323975112147,0.00856422443799885,0.00265730231169343,0.00435944281004136,0.00308406770682963,0.00381610649851081,0.00767560426594776,0.00387972606280253,0.00434532621425733,0.00552935760678402,0.00278074146017055,0.00654255380772608
0.00290634037018232,0.000875818731431154,0.00570402777365694,0.00716399020856139,0.00698426096823378,0.00170604029334108,0.00307846765210949,0.00648243103769038,0.00903077592569879,0.00855933141701271,0.00265622672580039,0.00435750547877215,0.00308290710386803,0.00381617681692399,0.00768408521145733,0.00387772094893576,0.00434406451089817,0.00552382175646753,0.00278124493191381,0.00654450934022299
0.00290303863765878,0.000875606182960932,0.0057036154348804,0.0071622375126725,0.00697751808517045,0.00170383186820186,0.00307745892669856,0.00647984235944193,0.0090295867383254,0.0085601565888898,0.00265411170078443,0.00435831787087097,0.00308167672814334,0.00381760160743824,0.00767596233679451,0.00387757225201138,0.00434339167091178,0.0055200303078409,0.00278092372283529,0.00654422224042884
0.00290778799673457,0.00087668351925823,0.00570377106529672,0.00716744147950392,0.00698260527679314,0.00170547730065893,0.00307854058588446,0.00647824109387976,0.00903628939439251,0.00856428001742609,0.00265597102287915,0.00435904296607352,0.00308418712423255,0.00381685626393885,0.00767617559510121,0.00388555964207625,0.00434585699744358,0.00552371619060167,0.00278364977811272,0.00654401194618513
0.00289890567028509,0.000874917074995125,0.00569690016314862,0.00715722523824558,0.00696800536847072,0.00170150548958187,0.00307325782495695,0.00647227278698166,0.00901393669101125,0.00855285169082643,0.00265170615329827,0.00435384154754199,0.00307887962236318,0.00381081055424703,0.00766334233515596,0.00387653386644038,0.00433790867949344,0.0055122078636757,0.00277500101189043,0.0065333005731456
0.00290927062602238,0.00087597702256682,0.00570599790697255,0.0071651389444657,0.00698331447672204,0.00170456893666707,0.00307922692620089,0.006479845275526,0.00903109546467026,0.00856410290163414,0.00265670957457132,0.00435767374114208,0.00308421098807442,0.00381749166151866,0.00768814096360563,0.00387976107225119,0.00434658682721843,0.0055209359640806,0.00278109409139154,0.00655432051649724
0.00290133335320248,0.000875986245962826,0.00570206395247988,0.00716337494206386,0.00697716484403914,0.00170406040088506,0.00307688247462649,0.0064778518458563,0.00903065968708336,0.00855953741042885,0.00265387837673839,0.0043563687785744,0.00308302568801837,0.00381476121141921,0.00767195311320405,0.00387695931460965,0.00434346848101167,0.00551869710647097,0.00277909932061034,0.00653934520772215
0.00290218600659415,0.000875758262417059,0.00570124102222616,0.00716083712012018,0.00697703519199043,0.00170491141348618,0.00307910288529292,0.00647639321038002,0.00902678516387099,0.00855520918257018,0.0026564279789092,0.00435619042108665,0.00308249930386037,0.00381384965697066,0.00766980007140481,0.00387728470843753,0.0043416384360878,0.00552635100934777,0.0027785723663621,0.00653940435396918
0.00290174035420476,0.000875769178067664,0.00569995105107913,0.00715973449748445,0.00697340589173918,0.00170335069847632,0.00307600313671923,0.00647231067557073,0.00902980858753796,0.00855845013668378,0.00265476642872025,0.00435574121765551,0.00307958391827007,0.0038152805459887,0.00766871823732814,0.00387703938678394,0.00433998452915745,0.00552713776723951,0.00277988049099393,0.00653691766154034
0.00290447041103001,0.000876497659165474,0.00570503022139118,0.00716511464275291,0.00698238520298399,0.00170646735750288,0.0030811422213865,0.00648172741046579,0.00903438473873283,0.00856406916425557,0.00265907135638002,0.00435859397463793,0.00308531719686881,0.00381820332280707,0.00767642137739668,0.00387959904810194,0.00434847941720472,0.00552960751324286,0.0027820700204909,0.00654366788476521
0.00290754266808224,0.000876186779585387,0.00570483128727978,0.00716389195115216,0.00697967348757528,0.00170435734612993,0.00307793550332234,0.00647775541703043,0.00903334034074813,0.00856068941373852,0.00265650708374456,0.00435905967646734,0.00308721889412757,0.00381568551635013,0.00768276451019056,0.00388289315768668,0.00434420270194295,0.0055199373976035,0.00278016267489893,0.00654235177282987
0.00290942848168392,0.000875421506705991,0.00569839157366753,0.0071628193097182,0.00697904197921508,0.00171349064402637,0.00307730303207069,0.0064757715753236,0.00903622131705497,0.00857082462984091,0.00265499597545248,0.00435413633282315,0.00308125550266593,0.00381626116813038,0.00766973496081692,0.00388210824047541,0.0043419139334313,0.00552513454903855,0.00277944718271344,0.00653960070768845
0.00290411485154215,0.000876358551735676,0.00570493403094512,0.00716795374230243,0.00697994620419746,0.00170574211017953,0.00307816154573689,0.00647647248171917,0.00903839841736177,0.0085616783592469,0.00265804115236696,0.00436124755758132,0.00308608619356232,0.00381761427486721,0.00767370791837574,0.00388024009557237,0.00434357465521442,0.00552533389173441,0.00278195896623672,0.00654681438565442
0.00290739548547287,0.000876666532419246,0.00570628143476491,0.00716629919966426,0.00697920827317667,0.00170514925189858,0.0030770244847711,0.00647667660496142,0.00902813177179807,0.00857015608396827,0.0026552612837052,0.00435869204845844,0.00308377972594579,0.00381498126604127,0.00767192408191578,0.00388712397222296,0.00434459814220858,0.00552058423290365,0.00277999168453034,0.00654140621603986
0.00290350975068505,0.000876411563396954,0.00570643506068914,0.0071667704214081,0.00697945328947902,0.00170485294258545,0.00307830306350107,0.00647730130044901,0.00903383121549736,0.00856264249834501,0.00265870988425069,0.00435948811314637,0.00308353112672786,0.0038162244279673,0.0076746208973991,0.00387974850317352,0.00434609558919369,0.00552800064868624,0.00278107711383465,0.00654294537347396
0.00291066764372114,0.000875895341935937,0.00570232720169672,0.00716418571545594,0.00698344611137033,0.00170521025336127,0.00307890325284251,0.00647619708111298,0.00903320782678375,0.00856581358488194,0.00265604320420522,0.00435834170401408,0.00308446264753388,0.00381893099833904,0.00767684780391712,0.00388193215940561,0.00434400839882726,0.00552163911943244,0.00278509883198646,0.00654312672190004
0.00290360277365255,0.00087553789072592,0.00570046950236412,0.00715921299537297,0.00697431774985069,0.00170337856294103,0.00307700467707319,0.00647975544391343,0.0090332337516744,0.00855962718125999,0.00265481352682732,0.00435776586845546,0.0030932917849426,0.00381541327491032,0.00767235730864776,0.00387576148644193,0.00434178482234097,0.00552194108271976,0.00277975755289033,0.00653649598887604
0.00290846873711498,0.000875619938567195,0.00569995214254461,0.00716641778131797,0.0069806924171947,0.00170486269585675,0.00307746576730366,0.00647340392788937,0.00902210462299724,0.00857291098224001,0.00265900107065941,0.0043582658658289,0.00308976686939492,0.00382383755340564,0.00768338926587103,0.00388738167331214,0.00434929941073892,0.00551705148767684,0.00278345831974939,0.00653685599211526
0.00290479956677722,0.000876138384789504,0.00570205597454596,0.00716166336979968,0.00697669526702775,0.00170497493209879,0.0030780261251545,0.00647566458776613,0.00902757640262773,0.00855802586653738,0.00265433168722515,0.00435873052543446,0.00308379444723754,0.00381680788900113,0.00767387104788646,0.00388179474578037,0.00434349696149713,0.00552130828556531,0.00277970896924068,0.00654186199369312
0.00290460290836044,0.000876385937179571,0.00570145722696194,0.00716611257345385,0.00698206464800696,0.00170637922249711,0.00308067530029093,0.00647559190544212,0.00903843355680286,0.00856273917982508,0.00265843968337984,0.00435916852300426,0.0030816219635519,0.00381574778715609,0.007670804707418,0.00388111569734574,0.00434734236518253,0.00553075810924112,0.00278274739614821,0.00654358502500005
0.00290098342197001,0.000876484601065751,0.00570477227488751,0.00716458521064898,0.00698126072068442,0.00170513566858395,0.00308251365966017,0.00647937934421395,0.00903562821470589,0.00856241050306996,0.00265777595780947,0.0043574920441406,0.00308571357255915,0.0038155854198099,0.0076750221359719,0.0038794574360457,0.00434638963394603,0.00552853813559316,0.00278036593015583,0.00654095812904426
0.00290386244563586,0.000876389301622193,0.00570561367014199,0.00716559694972946,0.00698289781374035,0.0017053352521085,0.00308398723443092,0.00647834437544617,0.00903309693432105,0.00856068414272038,0.00266300637937383,0.00435947122357045,0.00309073485002355,0.00381710884202117,0.00768062740956501,0.00388065849649908,0.00434637621858863,0.00552516881995552,0.00278137345969667,0.00654417671213235
0.00290704567993873,0.000876092181945735,0.00570462664288709,0.00716619576905152,0.00698026794361243,0.00170667286435981,0.00307734634705748,0.00647698079598665,0.00902506467310455,0.00856131213627412,0.00265813416318402,0.00436183880312509,0.00308359404763736,0.00381623841404546,0.00767506448946605,0.00387862819299078,0.00434576760024854,0.00551900435296926,0.00278300678531866,0.0065420457155495
0.00290665888127291,0.000876534523230788,0.00570746493573415,0.0071653391118543,0.00698092582191695,0.00170512060796548,0.00307860085086767,0.00648086214376093,0.00904121697424001,0.00856130563827875,0.00265749046005758,0.00435724297293306,0.00308385905345128,0.00381635178860953,0.00768006336832225,0.00387954673848208,0.00434423527574178,0.00552228085780891,0.00278115052079584,0.0065430453956655
0.00290272893088847,0.000875180898609838,0.00570028565760853,0.00717013296510501,0.00697260960885543,0.00170484071579787,0.00308019273040193,0.00647387011708694,0.00902955678823238,0.00857653019059162,0.00265259393271051,0.00435830523107898,0.00308560932307054,0.00382034078396934,0.00767470874293746,0.00388187772470821,0.0043460067983451,0.00552223372229051,0.00277936611728594,0.0065415389037935
0.00290480989073092,0.000875529223834485,0.0057004450460099,0.00715969064315488,0.00697611826923044,0.0017051515717551,0.00307617019878362,0.00647943389213684,0.00902820240474276,0.00855910807579294,0.00265466251995789,0.00435933524025932,0.00308498989613179,0.00381756738790693,0.00766957315124634,0.00388008765531725,0.00434693803775962,0.00552275593968505,0.00278050709959033,0.00654302787828947
0.00290188992917666,0.000875153172908032,0.00569871836066225,0.00715484993576405,0.00697206470576823,0.00170255879654399,0.00307646528864702,0.00646923824016968,0.00902130441631603,0.00855495356833661,0.00265268239271055,0.00435235372241635,0.00308014548004479,0.00381174803397564,0.00766522082208082,0.00387418688793891,0.00433985724378938,0.00551885056812812,0.00277692703031687,0.00653340522614236
0.0029009918723352,0.000875400887723679,0.00569814390858513,0.00715871273897031,0.00697437844783004,0.00170346200751605,0.00307447042948036,0.00647079774976186,0.00902357807621644,0.00855354959293444,0.00265269175577143,0.00435327344099983,0.00308222727474914,0.0038141960337587,0.00768220692548957,0.00387543379470077,0.00434183048581514,0.00551570119418678,0.0027788840678668,0.00653443336388347
0.00290776400191017,0.000875926095310089,0.00570318551084994,0.00716584126719841,0.00698103301644171,0.00170463579748177,0.00308272115804843,0.00647895016723625,0.00902835776093715,0.00856116223014867,0.00265549426689957,0.00436018372561177,0.0030848296137622,0.00381611525986237,0.00767741976171711,0.00387939674022612,0.00434512149260182,0.0055252790771171,0.00278415970237773,0.00654205014404644
0.00290564561167619,0.000876466736396722,0.00570444685768867,0.00716759645648515,0.00698199191918391,0.0017050930878775,0.003081277338546,0.00647990421838015,0.00903474852252933,0.00856613238542857,0.00265709186921126,0.00436026269400113,0.00308547027797371,0.00381645475225428,0.00767514548521337,0.00388022054002044,0.00434554689906875,0.0055299124636626,0.00278057621601553,0.00654334846137296
0.00290563312364959,0.000875912563186238,0.00570094566702676,0.00716787172942255,0.00697596191431353,0.00170523998437169,0.00307607079996805,0.00647412062253763,0.00902897698156623,0.0085664409079741,0.0026544924449232,0.0043568087293639,0.00308236092112664,0.00381432854386879,0.00766983791248624,0.00387670335954736,0.0043411094932856,0.00552085060305601,0.00278054087828417,0.00654465536409672
0.00290362816074277,0.000876413871314577,0.00570460851768579,0.00716341369947368,0.00697948622581517,0.00170452811760221,0.00307885720908252,0.00647793029248319,0.00903147093809939,0.00856196134554667,0.00265702250435421,0.00435735558758572,0.00308713526917247,0.00381452799629558,0.00767565065443396,0.00387978737629202,0.00434541191132519,0.00552598845782225,0.00278140053966082,0.00653993812033213
0.00290595227945418,0.000876385646022621,0.00570738167709991,0.00716039085112957,0.00698207706599637,0.00170539671288987,0.00308286628773856,0.00647930653603309,0.0090331715930013,0.00856206480768812,0.00265993191316555,0.0043580396113948,0.00308434079833608,0.00381663380399842,0.00767569627079513,0.00388387016361689,0.00434671695679439,0.00553345545305946,0.00278062243699985,0.00654283736813933
0.00290902302782869,0.000875667916454502,0.00570816659123912,0.00716254802230524,0.00698056529872388,0.00170446502738793,0.0030790608068997,0.00647556459074525,0.00902743072551277,0.00855551826446063,0.00265626388492504,0.00436168074306998,0.00308390706432031,0.00381527307937264,0.0076776110338484,0.00387841778665736,0.00434403061842464,0.00552056961571653,0.00277955357725951,0.00654177306997398
0.00290004935015681,0.000874799973783498,0.00569940722486086,0.00715446740198061,0.00697540306177293,0.001701997400859,0.00307378116479926,0.00647049838932593,0.00901903062130089,0.0085537289343108,0.00265319947846506,0.00435107288949102,0.00308172146632857,0.00381146798020544,0.00766316805743119,0.00387394616793837,0.00433973827872445,0.0055151667128466,0.00277645145536654,0.00653637570035933
0.00290390744631374,0.000876218513140096,0.00570388451344618,0.00716656269991566,0.00697610067040044,0.00170607553714821,0.00308114321225753,0.00647827667085799,0.00902877310592624,0.00856426983514036,0.00265928167560211,0.00436209542734161,0.00308355473172122,0.00381742659198346,0.00767587923518136,0.00388138359429874,0.00434913746122034,0.00552931157065169,0.00278091612078028,0.0065403229082793
0.00290394173433283,0.000876137191930117,0.00570548622046234,0.00716674982469289,0.0069805900708732,0.00170563941394724,0.00308025269031592,0.00648129638296339,0.00903341202320314,0.00856533075937101,0.00265679544272087,0.00435936981622478,0.00308361291482914,0.00381621123813963,0.00767626413865266,0.00388031867878123,0.00434722250493528,0.00552696243383727,0.00278135718734492,0.00654221396417259
0.00290470528184654,0.000875667082995617,0.00569600182022405,0.00715567625793578,0.00697452414929232,0.00170181673903369,0.00308596554421998,0.00647778579040873,0.00903932597609368,0.00856108425741,0.00265160880249917,0.00435503501197759,0.0030803629674786,0.00381657039013304,0.00766850474195781,0.00387437026180343,0.00434040764630781,0.00551428993370809,0.0027785367507495,0.00653473269204049
0.00290333141922332,0.000875301903698504,0.00569739276890681,0.00715707679903245,0.00696793082013434,0.00170681269246837,0.00307727179559169,0.00647446535350321,0.00902436840813294,0.00855381123096178,0.00265954068166631,0.00435343901582771,0.00308135251612407,0.00381845597752433,0.00767172038968301,0.00387638151544694,0.00434106548981482,0.00552403599023361,0.00277804761694495,0.00653492781500322
0.00290324237633493,0.000875474942075793,0.00569533628583517,0.00716123736889929,0.00697665109212498,0.00170515877857443,0.00307656065952246,0.00647435005629322,0.00902816661049765,0.00855763520559748,0.00265548241364236,0.00435516948947191,0.00308375119873038,0.0038132325165709,0.00767107043555875,0.00387676054488558,0.00434172443172628,0.005518403387808,0.00278637471028255,0.00654099023668614
0.00290185393247967,0.000875331474142533,0.00570309928551941,0.00715811157075483,0.00697517815931243,0.00170386998631726,0.00307660674963825,0.00647521435889986,0.00902354069266679,0.00855776225423611,0.00265354985100464,0.0043570506346224,0.00308370019616753,0.00381490450937247,0.00767184068055971,0.00387493589382414,0.00434300375582858,0.00551750973929313,0.00277879920771297,0.00653998035257325
0.00290858453328986,0.000876166468502527,0.00570703136614874,0.00716612926669746,0.00698196401192111,0.00170535281226357,0.00307823375094899,0.00647934685398317,0.00903395892562919,0.00856352254544759,0.00265613829600594,0.00436629748107056,0.00308461503559052,0.00382173905865605,0.00767867765563208,0.00388438035948325,0.00434604439871678,0.00552114673770873,0.00278438068830018,0.00654684646282421
0.0029048476541424,0.000875976410320734,0.00570486711007133,0.00716980051302147,0.00698195167661009,0.00170624596881595,0.00308250754971146,0.00648550300045183,0.00903725595128093,0.00856191396154983,0.00266096396954739,0.0043597693024996,0.00308534705494971,0.00381575858275155,0.00767897178232682,0.00388194331301466,0.00434627402912504,0.00553135955928516,0.00278277090700298,0.00654198973362335
0.00290553606996837,0.000875632322826,0.00570140793695586,0.00716159691934598,0.00697710544921661,0.00170624868322213,0.00307866904458416,0.00647306666563653,0.00902853895343532,0.00855922045555461,0.00265624137673852,0.00436303321008271,0.00308578489329319,0.0038167900046574,0.00766889203883823,0.00387841173208192,0.00434730006576349,0.00552037005887891,0.00278103838410095,0.00653962502731512
0.0029044070189437,0.000875767162840403,0.00570182792030974,0.00716291374549611,0.00697784929485019,0.00170401846540745,0.00307557654340583,0.00647421684992945,0.00903357294179141,0.00856624141729376,0.00266438593841603,0.00435611005783374,0.00308217370098248,0.00381424540064119,0.00767436350113234,0.00387746482254457,0.00435297346490247,0.00552202893522423,0.00278034062753251,0.00653690194960695
0.00290247772738448,0.000875960168476003,0.00570163682928484,0.00716582573230237,0.00698199034134053,0.00170848694291533,0.00307972857244225,0.0064791842791546,0.00903209683649295,0.00856297791797353,0.00265763781116407,0.00435794453257573,0.00308407833853039,0.00381634163819333,0.0076697624380581,0.00387873414425733,0.00434528832917831,0.00552805665891071,0.00278064941043021,0.0065391321116411
0.00290666969825445,0.000876468805747757,0.00570618151886117,0.0071688222238118,0.00698405450093854,0.00170678315365997,0.00308255375155945,0.00648627815498704,0.00904559689997524,0.00856466539440821,0.00265876583700338,0.00435778734766911,0.00308462504621845,0.0038168085156192,0.00768080693559231,0.00388206187994099,0.00435132517259022,0.00552449676374207,0.00278032148173005,0.00654631240491289
0.00290095366150209,0.000875545476007173,0.00570035846037409,0.00715884653129019,0.00697528372119579,0.0017041415151391,0.00307865209670602,0.00647373508621429,0.00902598746897672,0.00855528352744254,0.00265540578952275,0.00435499520605126,0.00308136188649096,0.00381263429826792,0.00766743357350531,0.00387551883440829,0.00434132680092003,0.00552403446343984,0.00277804047006195,0.00653453731789978
0.00290647543071932,0.000876044827452052,0.00569961380449552,0.00716365099659404,0.00698327030897234,0.00170533447646162,0.0030796390851171,0.00648111130594308,0.00902505027610732,0.00857109263910843,0.00265693283780772,0.004359261951905,0.00308338279442057,0.00381226459371437,0.00767602679637953,0.00388004605326083,0.00434632004673932,0.00552699430781803,0.00278174734902848,0.00654412953703307
0.00290516817848181,0.000876290824573512,0.00570530289364509,0.00716488233563939,0.00698204665679855,0.00170455336420742,0.00308002623108883,0.00648057645574481,0.00903335351470383,0.00857017367617149,0.00265660300217575,0.00435824849054143,0.00308363453888071,0.00381800823631725,0.00768028093474247,0.00387959484867759,0.00434564126549805,0.00552767183224326,0.00278243637450197,0.00654028807381348
0.0029041272931956,0.000876218964124766,0.00570547220077416,0.00716546300461603,0.00698105655739516,0.00170565223907143,0.00308033942496011,0.00648024897519355,0.0090329300875405,0.00856204622656798,0.0026580992957247,0.0043586552523683,0.00308347728963221,0.00381529583698183,0.00766969016244121,0.00388006584364173,0.00434625080731224,0.00553009521023952,0.00278100714244578,0.00654206155966956
0.00290725536873828,0.000876668984359465,0.00570656303851235,0.00716885416521563,0.00698106330450414,0.00171104969697885,0.00307830180259481,0.00648184651281253,0.00903724208457455,0.0085671712576041,0.00265730340992027,0.00436065564629378,0.00308377359263815,0.00381737702370671,0.00767523805822177,0.00387984477083836,0.00434912841859669,0.00552317323132028,0.0027796815906896,0.00653994664070856
0.00290528029103161,0.000875648824563738,0.00570342347021735,0.00716359904059554,0.0069790678485955,0.00170425213716095,0.00309055311154275,0.00647620633521939,0.00903633261446097,0.00855722943276039,0.00265661005884134,0.00435413619067403,0.00308236613507017,0.00381879036179467,0.00767430434264183,0.00387750169547333,0.00435119259746041,0.00552348666597562,0.00277924258381786,0.00654169787780336
0.00290281945745002,0.000874882601642382,0.00570066922933858,0.00715466676240642,0.00697995134617404,0.00170280604378727,0.00307574731637534,0.00648109880262146,0.00902188121772087,0.0085491917676093,0.00265136733657776,0.00435264186099551,0.00308216214811514,0.00381235960616527,0.00767440540305473,0.00387321366118348,0.00434172346501136,0.00552154908255648,0.0027778303117893,0.00653356552638624
0.0029042804747045,0.000875522463412031,0.00570365529529045,0.00716071174954257,0.00697886888592443,0.00170299387398391,0.00307568288803858,0.00647345481668042,0.00903865675546817,0.00855701236783809,0.00265545831504235,0.00435403060034583,0.0030817991121786,0.00381376070631856,0.00767380086975938,0.00387727854705261,0.00434355235468763,0.00552007089647844,0.00277862232646078,0.00654508775933954
0.00291038442989032,0.000876050584680658,0.00570493793302676,0.00716896064074674,0.00698272387333128,0.00171411212317296,0.00308190596464282,0.00648090611885492,0.00902250627177291,0.00856098944381556,0.0026560848492864,0.00435863284541591,0.00308501260558234,0.0038168925824624,0.00767244274632781,0.00388052391741439,0.00434654506066997,0.00552115170461345,0.00278114880803786,0.00654436703342114
0.00290373059605333,0.000875216274871645,0.00569956825021987,0.00715882014043345,0.00697483935091208,0.00170464096064272,0.00307442747626381,0.00647140358902481,0.00902164029112677,0.00855567136186337,0.00265356655638052,0.00435417404915861,0.00308032577183807,0.00381713334046463,0.0076677553667942,0.0038751030371479,0.00433963875933393,0.00551572197421092,0.0027808109133293,0.00653606760903484
0.00290539343528537,0.000875761086078274,0.00570379087394029,0.00716631218675092,0.00698227716522907,0.00170577127594667,0.00307919352617461,0.00647750468371234,0.00903224107641601,0.00855977110293296,0.00265772494943309,0.00435674318629602,0.00308352333811426,0.00381453900319312,0.00767708317541074,0.00387913719608341,0.00434795837503169,0.00552190959181854,0.00278103711700265,0.00654157795256578
0.00290479460483683,0.000876560413782727,0.00570780165839881,0.00716853031785571,0.00698444204945535,0.00170554924592094,0.00308082878925612,0.00648177713318573,0.0090358249093031,0.00856576106477058,0.00265945137564676,0.00436063708946675,0.00308576282754465,0.00381634616936576,0.00767617371981304,0.00388117044126745,0.00434666499774272,0.00552997519685705,0.00278180481457995,0.00654463693301447
0.00290426821859346,0.000875531905136446,0.00570231630350681,0.00716320815138763,0.00697942948255844,0.00170507481164783,0.00307707937832822,0.00647568893877888,0.00903122324608,0.00855948985473543,0.00265698290912122,0.00436067809452199,0.00308586744223779,0.00381457238545524,0.00767847649330088,0.0038775675971161,0.00434607779368037,0.00552528368591473,0.00277979323380343,0.00653853083188125
0.00290487576720419,0.000875481786119053,0.00570185707368073,0.00716073590775775,0.00697561473263348,0.00170394915415748,0.00307721344821264,0.00647499802975117,0.00902519568659748,0.00855693863127925,0.00265487185480463,0.00435578265218295,0.00308261051946388,0.00381425214307196,0.00766931220896379,0.0038807170577788,0.00434271964340306,0.00551949432647832,0.00278069184578947,0.00653710205798465
0.00290089525410651,0.00087537889952201,0.00570055238255074,0.00716343421549008,0.00697909749246447,0.00170524258603882,0.00307558504416586,0.0064754968975209,0.00903209453767745,0.00856026279147737,0.00265388620898957,0.00435663589965002,0.00308335168699131,0.00381681564695019,0.00766937267795914,0.00387992014752991,0.00434477042992499,0.00551804001622908,0.0027787100663628,0.00654505542732112
0.00290402452539148,0.000876629594810221,0.00570606082008001,0.00716357172317501,0.00698350778321532,0.00170619140464552,0.00308108200956638,0.00648048988551024,0.00903437818453783,0.00856607926719653,0.00265810773722074,0.00435914850123334,0.00308422327839199,0.00381887362381847,0.00767561006775908,0.00387993106542994,0.00434549801685438,0.00553061006698991,0.00278186674106484,0.00654272330819915
0.00290601005390871,0.000875420335859579,0.00570235149227934,0.00715944942118145,0.00697747974245022,0.00170535493607821,0.00307648023266885,0.00647607965615357,0.00904304921177839,0.00856359799932058,0.00265520470024838,0.00435930327086716,0.00308355332745456,0.00381661794219261,0.00767529673821664,0.00387634051485478,0.00434357238592939,0.00551768549613756,0.00278015990888844,0.00654317961829493
0.00290763856372228,0.00087644155332582,0.00570477353411233,0.00716732611501329,0.00698350960463636,0.00170421884053884,0.00307767627119026,0.00647901587920918,0.00902992136558401,0.00856198275268553,0.00265538618012889,0.00435883535026089,0.00308352380626814,0.00381694827857074,0.00767983548643548,0.00387849108754151,0.00434640424219484,0.00552601361571783,0.00278128020439964,0.0065437349762541
0.00290332326497758,0.000875857950382837,0.00570607443187206,0.00716596598854718,0.00698212198383269,0.00170511620079512,0.00308224490239817,0.00648046935414448,0.00903270157007194,0.00856093819503418,0.00265796785950226,0.00435892467188295,0.00308340586893797,0.00381668997689765,0.00767952755806355,0.00387930771232811,0.0043477930953319,0.00552454497458363,0.00278215468674755,0.00653892438797287
0.002904125622046,0.000876638579148896,0.00570643964498589,0.00716495865666808,0.00698356602039163,0.00170578658239806,0.0030805176042331,0.00648544976836657,0.00903584760675008,0.00856764316634464,0.00265737294287174,0.00435967856368184,0.00308496533879643,0.00381759754661258,0.00767957956719476,0.0038807524535666,0.004345960807129,0.00552829335072813,0.00278171403723435,0.00654619071109403
0.00291063989316129,0.000876454122649485,0.00570223604533669,0.00716752204073906,0.00698299221778273,0.00171224835741707,0.00307825505705101,0.00648495723555553,0.00903134655049899,0.00856487653427711,0.00265698467314905,0.0043586782689815,0.00308469039822829,0.0038181943325034,0.00767917569599625,0.00388299249623075,0.00434536271156002,0.00552364078125343,0.00278165343906865,0.00654339609773658
0.00290119665529496,0.000875574773915747,0.005699694688383,0.0071618505309859,0.0069775220414749,0.00170445167341211,0.00307539571810602,0.00647397551661991,0.00902323350232523,0.0085540193631354,0.00265497898485001,0.0043554828030029,0.00308336131932986,0.003815827188428,0.00767077519587992,0.00387784881454298,0.00434130392974152,0.0055243755190252,0.00277798396564585,0.00654053321728934
0.00290197578936248,0.000875143001361583,0.00569929454048838,0.00716050415412572,0.00697555233051558,0.00170397049593404,0.00307800122365007,0.00647363975200215,0.00902559666122111,0.00855424048926363,0.00265601300925961,0.0043551465769071,0.00308176478954366,0.00381316694271022,0.0076681821043511,0.00387744568539133,0.00434334956577995,0.0055230618506645,0.00277881309091785,0.00653730169872839
0.0028994396795305,0.000875759706038107,0.00570046071586383,0.0071606873117187,0.00697845714830616,0.00170474392183416,0.0030796678099449,0.00647443122203443,0.00902524081927652,0.00855202768306768,0.00265536954554225,0.00435688453412769,0.00308244058293566,0.00381459100890621,0.00766801744498621,0.00387815299707963,0.00434067942633859,0.00552350390706396,0.00278094366779223,0.00653523509789086
0.00290499446335038,0.000876081877545034,0.00570081882298519,0.00715989650664126,0.00697639153817762,0.00170387851024748,0.00308067923946067,0.00648770357431332,0.00903372807421253,0.0085598217156294,0.00265673141366179,0.00436314394738794,0.00308547515710884,0.00381690294420575,0.00767279885798449,0.00388139067726437,0.00434401343146074,0.00551990570006177,0.00277934090753523,0.00654927370145767
0.0029012444246437,0.000875563545324055,0.00570132183268576,0.00716153307071957,0.00697632162143451,0.00170362908431648,0.00307591811930958,0.00647446227307112,0.00902549216172905,0.00855678863151634,0.00265430634002635,0.00435777253994715,0.00308204702295851,0.00381431640609557,0.00767088512782421,0.00388389369021177,0.00434256452412387,0.00551701156696068,0.00277862819626974,0.00653876559012479
0.00290855363478168,0.000876159194325838,0.00570560073655992,0.007164930304177,0.00697966358023657,0.00170722220818696,0.00308005874556667,0.00647783708657,0.00904196094308122,0.00855761960680955,0.00265799815574181,0.00435928873220588,0.00308482306923974,0.00382316873959363,0.00767557713922732,0.00388302083262198,0.00434440109705232,0.00552897205466032,0.00278225296926552,0.00654531236033551
0.00290498801015347,0.00087590027455568,0.00570113134168933,0.00716255395923595,0.0069790658293898,0.00170419999468282,0.00307889324667194,0.00647637431124198,0.00903046037265441,0.00856388556006941,0.00265459552823776,0.0043562552122408,0.00308609334578111,0.00381375354046761,0.00766884932163788,0.00387771040801345,0.00434198347231507,0.00552007327492628,0.00277866628148645,0.00654005441686367
0.00290577564704704,0.00087605892854674,0.00570410204493559,0.0071643662364023,0.0069819859933894,0.00170421703751285,0.00307735447342023,0.00647785437008141,0.00904525097055909,0.00856266699209698,0.00265454469216046,0.00435599130810184,0.00308448914443149,0.00381831263789347,0.00767516554591127,0.00388143084058143,0.00434807541859644,0.00552304112686011,0.00277930079793889,0.00654086908496009
0.00290929600191017,0.000875931065795071,0.00570457694473209,0.00716520694269758,0.00698016201237685,0.00170476251699864,0.00307773589095192,0.00648088772327217,0.00903307939866499,0.00857209664659741,0.00265885435269745,0.0043643612965677,0.00308452510247932,0.00382041144800757,0.00767771063872119,0.00388350749240423,0.00434661187776606,0.00552207479772704,0.00278388608627802,0.00654636315582986
0.00290791062573796,0.000875497917703157,0.00570192316039546,0.007164304821912,0.00698064727120249,0.00170376557186528,0.00308102434480165,0.00647846213832341,0.00902694887611379,0.00855859806071745,0.00265892393702625,0.00435792968629263,0.0030880107031504,0.00382036656766941,0.00767535610291667,0.00388142514570833,0.00434441531958369,0.00551775454959521,0.00277990534332826,0.00655348844999454
0.00290789140570143,0.000876459290371824,0.00570635138533886,0.00717156142033382,0.00698199234938026,0.00170667819678933,0.00308332590081336,0.00647932099689796,0.00903827904243042,0.00856498267278652,0.00265821662992071,0.00436234259918636,0.00308803766119149,0.00382005977600853,0.00767883205883683,0.00388326330820999,0.00434757516005108,0.00552482115675849,0.00278503914089671,0.0065460067956661
0.00290469031763483,0.000875325879295444,0.00569736890799096,0.00715901503409046,0.00697328931940234,0.00170492721239608,0.00307609669908941,0.00647364898946922,0.00902349572085969,0.00855765791612612,0.00265239512524349,0.00435461416990203,0.00308126110054977,0.00381333323815234,0.00766864105067952,0.00387588607443139,0.00434169871526764,0.00551567806055936,0.0027782297894422,0.0065362947904998
0.00290370147145011,0.000875749853492909,0.0057015924186093,0.00716188581479974,0.0069740626494626,0.00170505776300167,0.00307980778898736,0.00647514517483652,0.00903061742174832,0.00855741966808346,0.00265728714986216,0.00435640645417509,0.00308197272627901,0.00381281077452136,0.00767182754976931,0.003876122031258,0.0043429513541176,0.00552786281866921,0.00277965761023432,0.00653777575175785
0.00290379226444114,0.000875737074477695,0.00570090541813471,0.00716204552819803,0.00697876765165322,0.00170321263661921,0.00307738270782147,0.00647382329965657,0.00902792777370007,0.00855954136994404,0.00265664038597188,0.00435753372521318,0.00308300263448317,0.00381738394440597,0.00767229725611133,0.00388044891580573,0.00434181294411625,0.00551925854748536,0.00278109755325486,0.00653852500275684
0.0029109233550391,0.000876647363315772,0.00570416223705344,0.00716631058179681,0.00698711851531626,0.00170619626872067,0.00307883341091363,0.00647870523545583,0.00903170640074753,0.0085709146693472,0.002660974958117,0.00436909862904373,0.00308641737511356,0.00382782332742128,0.00767966529784771,0.00388089008465881,0.00435359993930294,0.00553312245599556,0.00278340648826808,0.00655667110474315
0.00290416024628332,0.000876089683794587,0.0057049913260291,0.00716443053065301,0.00697868484407309,0.00170478484511545,0.00307956844070447,0.00647923785384676,0.0090305756941523,0.00856196824304459,0.0026584265162007,0.00436024825339385,0.00308377309986574,0.00381646386227178,0.00767331682426753,0.00388019866176803,0.00434691042691889,0.00552705418931563,0.00278125473752704,0.00654004236498817
0.00290366402875208,0.000875539581002039,0.00570191045005425,0.00716070058410223,0.00697650041916948,0.0017116467856316,0.00307712869452912,0.00647195681571835,0.0090266461190185,0.00855714620860605,0.00265310732422345,0.00435284029075849,0.0030943070904589,0.00381301847138011,0.00767051336527021,0.00387620135774207,0.00434695801065757,0.00551755922424709,0.00277740152522274,0.00653494121791524
0.00290201143691408,0.000875053577329644,0.00569695354882126,0.00715715363606162,0.00697602862659463,0.00170453678070996,0.00308094181431443,0.00647614570128525,0.00902880715053901,0.0085578511196813,0.00265768209062461,0.00435789252700472,0.00308306953549265,0.00381132649532465,0.00766826995456551,0.00387840623926439,0.00434457389224139,0.00552201823264054,0.0027774459302231,0.00653788922563873
0.00290042134590222,0.000875442428300997,0.00569635806154118,0.00715675668703041,0.00697279049427385,0.00170371520740557,0.00307752905061233,0.00647099631076273,0.00902675012688466,0.00856460719338757,0.00265255469247948,0.00435240419845768,0.00308282375232158,0.00381254969998694,0.00767930706977761,0.00387765461568848,0.00434368661238563,0.0055174586543056,0.00277831287195795,0.00654424301347669
0.00290718197106898,0.000874143704160818,0.00569943313793594,0.00715737051524018,0.00696864648483819,0.00170560451200578,0.00307777985562801,0.00647454584425995,0.00901255661215625,0.00855843947866244,0.0026527340856539,0.00435532211912604,0.00308330567451244,0.0038123359196175,0.00767750751485237,0.00387237477558453,0.00433673818466885,0.00552060867476756,0.00277775978874143,0.00653521809415196
0.00290630369587088,0.000875188844854307,0.00569754119315591,0.00715668399407785,0.00697276979844186,0.00170182441780414,0.00307656108520967,0.00646986568307037,0.00901899270289733,0.00855715629080858,0.00265221479843561,0.00435754702432707,0.00308127290046908,0.0038128160128144,0.00766592722120505,0.00387515762495978,0.0043421531726497,0.00551822747483618,0.00278044838253495,0.00653948480085086
0.00290091824297327,0.000875666987120475,0.00569808036986435,0.00715843395314224,0.00697423400509222,0.0017034546352829,0.00307743870324205,0.00647284415884679,0.00902685144818939,0.0085554487688496,0.00265473872899145,0.00435374515444046,0.00308158212153153,0.00381197960892915,0.0076683259166897,0.00387512551313604,0.00434090294249986,0.00552327051211488,0.00277780478600492,0.00653516214337978
0.00290150336142983,0.000875554356746432,0.00570094719425252,0.00716122983333709,0.00697189238052358,0.00170449107567595,0.00307932364605706,0.00647044719556773,0.00902489447573985,0.00855463820975206,0.00265583294661338,0.00435671259493302,0.00308156389242713,0.00381628329162912,0.00766924783356441,0.00387710292135723,0.00434177827903204,0.00552498298222362,0.00277843983484017,0.00653517222604936
0.00290490597350782,0.000875768379451009,0.00570186406310987,0.00716594684774211,0.00697710381595132,0.00170515534855657,0.00308177532616481,0.00647865788116589,0.00903243802851529,0.00856179874590036,0.00265770039929062,0.00436099768197879,0.00308408009470106,0.00381718804328636,0.00767692615128577,0.0038802689371667,0.00434469862854108,0.00552588506422847,0.00278032773583999,0.00654306015987437
0.00290616518569824,0.000876200824856205,0.00570268722465797,0.0071635528666349,0.00697674742441489,0.00171247199904711,0.00307875933133702,0.00647905297173619,0.00902263642550756,0.00856145107197638,0.0026569266231567,0.00435817818937272,0.00308427332804774,0.00381617835038363,0.00767445937439734,0.00387808527336482,0.00434558995055917,0.00551942178732668,0.00278264364017372,0.00654216332632264
0.0029046717737218,0.000875919460964791,0.00570372600570263,0.00716281096077765,0.00697891993397172,0.00170616107916398,0.00308890797191737,0.00648069936649664,0.00903256083937298,0.00856678088443377,0.00265811938980715,0.00436064239641057,0.0030861721044772,0.00381553825931197,0.00767126042269561,0.00388075179498212,0.00434513580435324,0.00552413538156291,0.00277939606485001,0.00653940563452428
0.00290258062697198,0.000874617300982521,0.00569680583109903,0.00715709142599837,0.00697456852738717,0.00170387512405113,0.00307693258094418,0.00647060333215469,0.00901552649598576,0.00855497546168402,0.00265226331772288,0.00435412302565783,0.00308571611386712,0.00381448992031047,0.00766250278651314,0.00388126600525162,0.00434173823340914,0.00551197865498151,0.00278035539509824,0.00653376587101467
0.00290545459938859,0.000875526730538607,0.00569946367080167,0.00716142390712811,0.00697397727048833,0.00170322573081409,0.00307508327611435,0.00647218619661689,0.00901925235425865,0.00855704055363458,0.00265935800923389,0.00435489367367071,0.00308137345413674,0.00381957104182688,0.00767983693063416,0.00388050792942985,0.00434120078450021,0.00552401950951154,0.00277803142781418,0.00653553587440343
0.00290797656313781,0.000875945980927423,0.00570504342682853,0.00716766814550351,0.00698188632576829,0.00170515361291198,0.00307826864270529,0.00647877775419792,0.00903119062701927,0.00857649835252864,0.00265615092760106,0.0043577288593418,0.00308401659413212,0.00381730059995877,0.00767629522971089,0.00388809351493602,0.00434521557346819,0.00552053745712709,0.00278367220879072,0.00654248494691123
0.00290644940709374,0.000875912816893235,0.00570213087556104,0.00717244295331803,0.00698203358764842,0.00170582026859126,0.00308313976461869,0.00648078296365917,0.00903713024365939,0.00855750285031872,0.00265901408491762,0.00436111970093852,0.00308427610120529,0.00381579515117805,0.007677592196428,0.00387986964102959,0.00434803867361364,0.00552897498370997,0.0027824651147757,0.0065448866701267
0.00290539688244563,0.000875979619036565,0.00570446936627913,0.00716145874648498,0.00697932199215254,0.00170464453595737,0.00307792959242429,0.00647557501293057,0.00903883858905213,0.00856204989138813,0.00265767469923671,0.00435708095298919,0.00308647847421368,0.00381510962178651,0.00767964167962489,0.00387835601732471,0.0043437522205646,0.00552572772569183,0.00278122188432852,0.00654113654247874
0.00290464281472679,0.000876161906581393,0.00570303438220491,0.00716457233554321,0.00697942739768128,0.00170455374954689,0.0030773221817676,0.00647575165040511,0.00903302954592429,0.0085661479109496,0.00265850773009753,0.00436009173436169,0.00308619387768006,0.00381764448423071,0.00767884485605906,0.00387976803513978,0.00434372260856434,0.00552390495437924,0.00277974596818214,0.00653945734662095
0.00290388071812645,0.0008758202719439,0.00570323488682357,0.00716554042016301,0.0069805410728455,0.00170613999411278,0.00308084124153814,0.00647585424891916,0.00903029951710646,0.0085618691548472,0.00265453813522957,0.00435739294470184,0.00308286285209507,0.00381836119939085,0.00767180648655846,0.0038782875273352,0.00434511672619676,0.00551947748591713,0.00277998870296446,0.00654031861628506
0.00290419759497861,0.000876466372155482,0.00570446973838916,0.00716922979263173,0.00698313074417929,0.00170538892969696,0.00308216795918295,0.00648148751302794,0.00903559277218013,0.00856375215006369,0.00265970633285681,0.0043594607533226,0.00308612683558928,0.00381795127569239,0.00767925428790965,0.00388035166776706,0.00435283229249063,0.00553050758837629,0.00278243845140399,0.0065436613083866
0.00289970509134245,0.000874570528402586,0.00569788729033907,0.00715015678306033,0.00696961060470932,0.00170301722345336,0.00307719781305972,0.00646934854827224,0.00901978956206053,0.00854966230764268,0.00265270371227327,0.00435197693778977,0.00307963900389035,0.00381172226487013,0.00766492753813352,0.00387485341801741,0.00433945994763449,0.00551920553154546,0.00277777228361983,0.00653393259935909
0.00290525853325544,0.000875411982707561,0.00570113218730919,0.00716015170362807,0.00697590756977164,0.00170374484062199,0.00307906182056923,0.00647050910715196,0.00903455676784044,0.00856897803371124,0.00265748150938985,0.00435601652046441,0.00308657145189653,0.00381579961840957,0.00766608343505382,0.00388066242722417,0.00434353701636517,0.00551554072994821,0.00277958364482133,0.00653710752140333
0.00290817720578179,0.00087574176029811,0.0057042643645856,0.00716555160542878,0.00697838161101047,0.00170502015738433,0.00307998050909713,0.0064778446258891,0.00904381199058097,0.00855884033694654,0.00266016610933469,0.00436057543518385,0.00308549153390074,0.00381648567888366,0.00767530621394959,0.00388038192323309,0.00434556956553304,0.0055229584865587,0.00278041977070954,0.00654090391386637
0.00290663358667008,0.000876259164035771,0.00570580235724839,0.00716686824074569,0.00698213404779607,0.00170617595599796,0.00307804983481832,0.00647854816129882,0.00903476094720087,0.00856534411127493,0.00265536392373456,0.00435806882026778,0.00308576563258494,0.00381668445013338,0.00767754113814449,0.00387958531232792,0.00434588628896678,0.00552170052326,0.00278024584623111,0.00654339256230926
0.00290105482689012,0.000875647154273447,0.00570060046154291,0.00716084188385841,0.0069765376909398,0.00170334948720301,0.00307620101238711,0.00647385041713516,0.00902651098736577,0.00855799217674468,0.00265248904171799,0.00435411902878294,0.0030817899033324,0.00381389149954348,0.0076703285453401,0.00387603582644112,0.00434175061523082,0.00551699682397158,0.00277839874535069,0.00653938641127613
0.00290441014412729,0.000875203542790968,0.00570135953105246,0.00716309013168016,0.00697546529705833,0.00170558680848549,0.00307629268899943,0.00646932168664097,0.00903493301409643,0.00856603931968323,0.00265589508387323,0.00435471225796505,0.00308706550994414,0.0038130666799315,0.00767764323456432,0.00388030499015579,0.00434030673475162,0.00551871879380719,0.00277886504780683,0.00653589383233148
0.00290251946432347,0.000875605319505196,0.00570452785318875,0.00716815298978777,0.00698293099395059,0.00170630383236293,0.00307982302823731,0.00647572600420681,0.00903463061549805,0.00856432877862854,0.00265829469458337,0.00435933263101356,0.00308345347439235,0.00381299144806808,0.0076694074155154,0.00387880492717727,0.00434668703978468,0.00553066440677632,0.00278178993587711,0.00654187701003237
0.00290001346491324,0.000875480777130733,0.00569843125978021,0.00715462657534737,0.00697351514287235,0.001702192695636,0.0030745888233294,0.0064696538691961,0.00901825507089745,0.00855666991902307,0.00265118495399387,0.00435340485019552,0.003080388790834,0.00381238414134442,0.00766633176728913,0.00387351693378939,0.00433924089582718,0.00551542590404657,0.00277875664188833,0.00653650178261282
0.00290632340628199,0.000875913430681124,0.00570318557708442,0.00716394018790168,0.00698470922320107,0.00170809636117707,0.00307899401656209,0.00647650116546239,0.00902765704916984,0.00855853301283182,0.0026557104139586,0.00436015519910588,0.00308350464240357,0.00381675267145247,0.00767754793105026,0.00387606928819853,0.00434319311549649,0.00552183197963788,0.00277913643217705,0.00653589685915028
0.00290870807157488,0.000875637031104539,0.00570380317413018,0.00716337347926763,0.00697811915898767,0.00170421098969043,0.00307720137827966,0.00647286310045822,0.00902568349402691,0.00855713575446014,0.00265389584044773,0.00435519240459315,0.0030886204412287,0.00382132073502695,0.00767486234832463,0.00387713837426191,0.00434027738677254,0.00552887044419818,0.00278493063923171,0.00655055367558212
0.0029022895530204,0.00087444830089988,0.00569365038148032,0.00715327835903333,0.00696824297017542,0.00170368979079002,0.00307177177142581,0.00646601789918598,0.00901570803515342,0.0085463751521011,0.00265047454968652,0.00435127911948621,0.00308323588043408,0.00381017100398042,0.00766166965561978,0.00387321412990953,0.00433745361879138,0.00551387406861198,0.00277590161990915,0.0065298691702408
0.00290238669789232,0.000875914084161636,0.00570312803769877,0.00716262559222714,0.00697697412481861,0.00170412824715967,0.0030779974875535,0.00647709727893171,0.00902934701735587,0.00856061205265559,0.0026539743558761,0.00435656969041323,0.0030830849854965,0.003815336593488,0.00767206081999936,0.00387765136831382,0.00434426327423694,0.00551964065267884,0.00278081091751195,0.00654076376280419
0.00290008460697503,0.000874909525590105,0.0056967500183002,0.00715664932615349,0.0069735564858505,0.00170222941866861,0.00307569444052852,0.00647119651505114,0.00902050139158019,0.00855501116938057,0.00265208778897213,0.00435377074405077,0.00308010872854235,0.00381076371302735,0.00766989080597339,0.00387542477622274,0.00434093977165016,0.00551564355012568,0.00277634555217143,0.00653392893824697
0.00290320182037679,0.000875233143481339,0.005701733299855,0.00716270795541401,0.00697172302314043,0.00170443332416961,0.00307860913497052,0.00647755893572293,0.00903156290563906,0.0085579508958232,0.00265567138024509,0.00436097560123824,0.00308008208714159,0.00381391051967696,0.00767278202637879,0.00387745850652768,0.00434352161115316,0.00552834195299018,0.00277963445696656,0.00653867724484162
0.00290756544019781,0.000876082362884264,0.0057035843330844,0.00716356706846365,0.00697674110039428,0.00170589339053943,0.0030760336498912,0.00647513349057673,0.00903182586994421,0.00856088843434718,0.00265523751389365,0.00435694357124457,0.0030845285558235,0.00382103598502886,0.00767284779102012,0.00388672913104263,0.00434641211105746,0.0055261424499514,0.00277880351632516,0.0065477637467359
0.00290490529781557,0.000876061620997085,0.00570458714518445,0.00716421696214224,0.00697809917290877,0.00170424460191593,0.00307790205198164,0.00648355876681576,0.00903451268623134,0.00855819881809162,0.00265573324321312,0.00435598810865751,0.00309516550663977,0.00381679432324593,0.00767621741708063,0.00387832022384745,0.00434360822001643,0.00552228061490217,0.00278978007812439,0.00654058891523424
0.00290357044710568,0.000875754467549234,0.0057034872831391,0.00716317631009744,0.00698152314470422,0.00170378634843259,0.00307941118974327,0.00647705000942096,0.00903047824879991,0.0085616919870675,0.00265607491619411,0.00435644743841335,0.00308309341642105,0.00381698196187499,0.00767200361946052,0.0038781910618724,0.004345141026709,0.00552102855761825,0.00277935074792574,0.00653890996719636
0.00290776445775261,0.000876149896569907,0.00570341402269246,0.00716591793985578,0.00698076678570535,0.00170374986334913,0.00307701215020357,0.00647716787547942,0.00903765127943437,0.00856612445343852,0.00265484453068658,0.00435715518133138,0.0030830816856759,0.00381514845990265,0.0076778067695172,0.00387849336701587,0.00434258180103014,0.0055198988834354,0.00278056641352213,0.0065503295442406
0.00290573309695976,0.000875798996068437,0.00570141394457765,0.00716292682901044,0.00697954719315443,0.00170464855656667,0.00308029115188923,0.00648455442551177,0.0090264212018069,0.00855934437355573,0.00265481557287708,0.00435837122206522,0.00308282988927802,0.00381544799980641,0.00768151478136035,0.00387735839536168,0.00434883611964139,0.00552462143783582,0.00278041608403329,0.00654067779225071
0.00290577395891606,0.0008747663044244,0.00569644188722471,0.00716494971290652,0.00697423527175847,0.00170340789987319,0.00308077934876687,0.00647639953116152,0.0090221171421882,0.00855647478906957,0.00265313389623119,0.00436137437375878,0.00308199761165666,0.00381364671036179,0.00767035483037116,0.00387840907496402,0.00434184957813564,0.0055182134811559,0.00277652976760604,0.00653842016132023
0.00290389452682859,0.000876155958698012,0.00570545767044052,0.00716573530082842,0.00698113547687334,0.00170462789912645,0.00308148085920725,0.0064795567574981,0.00903600792494297,0.00856285933724806,0.00265618491404851,0.00436043533832443,0.00308401292447575,0.00381656687682161,0.00767866930869417,0.00387832438250136,0.00435025025714586,0.00552504462421809,0.00278080819987422,0.00654540743267656
0.00290601448177402,0.000876069500211903,0.00570281545201225,0.00716581964501652,0.00698145584762795,0.00170479930423431,0.00307857931835838,0.00648429995033913,0.00904126631181676,0.0085706678228493,0.00265627941039412,0.00436260177481332,0.00308503816787539,0.00382039191363414,0.00767635031041989,0.00388291527110154,0.00434573606430001,0.00552704993498241,0.00279177694259822,0.00654733115531759
0.00289839606058792,0.000875335851499848,0.00570102225441791,0.00715672595940242,0.00697141417969852,0.00170365057198656,0.00307371682810507,0.00647715674446398,0.00902874010422529,0.00855595542508559,0.00265613878341732,0.00435691607315323,0.00308402327881427,0.00381505829248504,0.00767677302962244,0.00387420557719803,0.00434385360875854,0.00551930015824703,0.00281214774771355,0.00653519117924178
0.00290604788873123,0.000874815351662535,0.00570113783985673,0.00715899954976268,0.00697778481237154,0.00170524528784496,0.00307462177675225,0.00647237928840186,0.00901907341777852,0.00855568060234351,0.00265591105837948,0.00435400113482423,0.00308066331462392,0.00381448980845104,0.00766754944053747,0.003874985319878,0.00434065715026312,0.0055154089081295,0.00277772079227964,0.0065417712532819
0.00289611391213075,0.000875424227946049,0.00568857382774317,0.00714933796420667,0.00696185704494646,0.00169947664055836,0.00307347233740858,0.00651007910572529,0.00901875743722457,0.00854958581637156,0.00265142141173697,0.00435264168551939,0.00307980086572288,0.00381141614655693,0.00766288192882701,0.00387184879810885,0.00433181820118296,0.00552086228852131,0.00277674091945536,0.0065348184314744
0.00290462939530051,0.000876097199725895,0.00570183096911495,0.00716266581597529,0.00697621623693069,0.0017041035804575,0.00307632700197365,0.0064765248852155,0.00902615958686715,0.00855966145230699,0.00265337674584712,0.00436675909816668,0.00308184643668938,0.00381709338553211,0.00767704695856998,0.00387815634483173,0.00434571234002393,0.00551878243618398,0.00277878526506366,0.00654074569399125
0.00290840722429686,0.000876066877315279,0.00570277793883408,0.00716513904628245,0.00697875163261806,0.00170420698755863,0.00307909490523221,0.00647684868628704,0.0090355260098581,0.0085637424414502,0.0026559890039571,0.00435997469481903,0.00308634319554257,0.00381659798148875,0.00768002494047285,0.0038792250786461,0.00434559029833899,0.00552500206707653,0.00277930366131464,0.00654308353779934
0.00290377435532509,0.000875425888334442,0.00570156178196736,0.00716010903392956,0.00698113667080179,0.0017050784621732,0.0030773314121095,0.00647359101529568,0.00902929151975222,0.00855744879193066,0.00265639427769087,0.00435519461204007,0.00308420809623495,0.00381243054113092,0.00768130161010781,0.00387588305225248,0.00434236352843723,0.00552255956480087,0.00278067315035903,0.00653620053798564
0.00290703856011623,0.000876298255462832,0.00570505759012983,0.00716781989400094,0.00698173281264202,0.00170481866199198,0.00307984465223029,0.00647846958173719,0.00903170341619763,0.00857901796422085,0.0026655224539616,0.00436391034184273,0.00309652433742056,0.00383066875493912,0.00767859523187575,0.00389545205780566,0.00434501688018427,0.00552777403105702,0.00279466715380905,0.00654243156323542
0.00290486729416174,0.000875594070736625,0.00569761283543827,0.00716221167451136,0.00697613719103024,0.0017038022952901,0.00307678261593694,0.00647458545912841,0.00902241642891109,0.00855643034233575,0.00265763036579785,0.0043557936601922,0.00308578753077547,0.00381467749620044,0.00767144230378832,0.00387742926013393,0.00434960331889369,0.0055256990310842,0.00277902968079685,0.00653791533880846
0.00290605621406876,0.000875496401363493,0.00570336677009376,0.00716071890992836,0.00697696788192966,0.00170497264381425,0.00307740505047495,0.0064814145226663,0.0090290689288672,0.00855644420381891,0.00265434470475389,0.00435734835458873,0.00308294279163537,0.00381858515024401,0.00767296078692963,0.00387886089141379,0.0043480857212171,0.00551862469837991,0.00278022007177742,0.00654316224483568
0.00290376732143149,0.000876146434845682,0.00570598356145146,0.00716869871870772,0.00698228517006238,0.0017064077135707,0.00308321220889518,0.00648171264846902,0.00903637986888455,0.00856567728755246,0.0026599912698261,0.00436094633017391,0.00308410880485281,0.00381778650876691,0.00767786541769298,0.00387933434069768,0.00434691709064938,0.00552926893457523,0.00278198923376251,0.00654422850479203
0.00290679467103923,0.000876416535719498,0.00570591486500121,0.00716718114186806,0.00698252595688254,0.0017052713270628,0.00308048345405644,0.00648156073902898,0.00903267461079197,0.00856348478868204,0.00265809086100744,0.00435679508843383,0.00308288757049766,0.00381641534366371,0.00767688966584283,0.00388013238182708,0.00434580940669746,0.00553060564528776,0.0027801646132647,0.00654304039967343
0.00290550980724422,0.000876033381048424,0.00570557224322387,0.00716578657235666,0.00698236167897425,0.0017045067775591,0.00308114803000079,0.00648580811835689,0.00903578282811074,0.0085594343169462,0.00266671391248225,0.00435976225745134,0.00308486710181339,0.00381452924653297,0.00767525739079815,0.00388350680075131,0.00434844722235016,0.0055218505779504,0.00278054133817443,0.00653899645362755
0.00290721811857312,0.000876220276895986,0.00570321736623922,0.00716610812329884,0.00697984830732855,0.00170573209745898,0.00307851556151283,0.00647919864987782,0.00903829494751539,0.00856400491858533,0.00265839521738216,0.00436022792156441,0.0030878119338621,0.0038153755615468,0.00767723570321267,0.00388029991597591,0.00434524003807003,0.00552661928333232,0.00277982254344492,0.00654370160932153
0.00290329267223014,0.000875197451191924,0.00569757285195354,0.0071595490953131,0.00697254311635707,0.00170601930525817,0.00307422907136751,0.00647679568678533,0.00902140022441157,0.00855393175882556,0.00265284053371701,0.00435620269008257,0.00308092350142074,0.00381593375609016,0.00766555328329534,0.0038750295895253,0.00434358958484717,0.00552040810244061,0.00277726954482679,0.00653474330344376
0.00290659818129135,0.000876021262000303,0.00570189402237181,0.00716087584102771,0.0069781993427595,0.00170613922618468,0.00307597595851275,0.00648416537528081,0.00902529264282103,0.00855710366964837,0.0026559256263403,0.00436191257243147,0.00308314589414739,0.00382121264675082,0.00766963241905838,0.00388398575292062,0.00434100816503104,0.00551838203287889,0.00277680055944278,0.00653494866471261
0.00290165529442117,0.000875407631644689,0.0056986707876501,0.00715957046507413,0.00697380452381189,0.00170240412622676,0.00307721647275593,0.00646996503813371,0.0090205720677788,0.0085571294363345,0.00265212593546706,0.00435171154615335,0.00308309043295081,0.00381294699908115,0.00766697855060603,0.00387512240297324,0.00434149528942485,0.00551398908777627,0.00277675687529422,0.00653829550062696
0.00290273061880818,0.000876299415286786,0.00570352670141269,0.00716928930467931,0.00697681106275128,0.00170594101667448,0.00308123946136325,0.00648097057518008,0.00903336787626455,0.00856821347153436,0.00265916912337433,0.00435904100334827,0.00308568716723356,0.00381704404934443,0.00767666861507832,0.00387995149205127,0.00434803400789514,0.00552976420065243,0.00278066657129806,0.00654440801202796
0.00290446828505047,0.000875657002563152,0.00569932583843299,0.00715946397172393,0.00697429407589382,0.00170277539728925,0.00307407096294107,0.00647050813356146,0.00902208804359966,0.00855620617784189,0.00265215229113432,0.0043558335258042,0.00308354548187288,0.00381270926502302,0.00767049975395129,0.00387604755120988,0.00434112367824305,0.00551477990210383,0.00277993149010009,0.00653800659610149
0.00290537463510646,0.000876008355869213,0.0057062155031223,0.00716404818340216,0.00697937515635769,0.00171475444669768,0.003081304742869,0.00647744066908178,0.00903334699924704,0.00857160878188994,0.00265758988700495,0.00435893450809716,0.0030845645386862,0.00382063780142403,0.00767647612749105,0.0038786730197565,0.00436757799967933,0.00552054274885035,0.0027965065275496,0.00658017605853331
0.00290305383508909,0.000875794354718733,0.0057012225394909,0.00716353080120182,0.00697752292975484,0.0017054552990778,0.00307661712752679,0.00647462012317798,0.0090267434914912,0.00856367152980365,0.00265352117259118,0.00436077914831312,0.00308327197375113,0.0038145277877369,0.00767116437383965,0.00387905882439181,0.00434785680958621,0.00551956527721678,0.0027822196181953,0.00654026694649
0.00290484278029338,0.000876432642495456,0.00570648019874157,0.00716816585042387,0.00698226728568149,0.00170663064452883,0.00308129646758895,0.00648139868651899,0.00903583332131419,0.00856426895860658,0.00265857046253428,0.00435888513260854,0.00308588785726213,0.00381664031545309,0.00767644948563964,0.00388146577919294,0.00434620496740176,0.00552966254811035,0.00278102478584741,0.00654249552748641
0.00290447367832982,0.000874987855617271,0.00569616475284589,0.0071570388114243,0.00697825608036879,0.00170183518572951,0.00307512790471168,0.00646771119427399,0.00901968975064737,0.0085572936973253,0.00265724769607537,0.00435138512298691,0.00307959586006854,0.00381354915970487,0.00766886540035332,0.00387635810255697,0.00433775727490281,0.00551410960827508,0.00277663650264996,0.00654640284302995
0.00290198095131238,0.000875444716468806,0.00569888874443474,0.00715956463306228,0.00697435842458708,0.00170371158697874,0.00307939754611847,0.00647293497894282,0.00902344548893311,0.00855613546718275,0.00265622634969748,0.00435597427720394,0.00308050204697075,0.00381255884702499,0.00766994312029709,0.00387525436966167,0.00434370935312851,0.0055223238900445,0.00277973207984776,0.00653708286883409
0.00290371557274241,0.000876128304106446,0.00570429442552286,0.00716156623257098,0.00698198805162982,0.00170463189876217,0.00307859355932224,0.00647839837137051,0.00902921918461291,0.00855934958140155,0.00265767969011763,0.00435998563202785,0.00308537162927816,0.00381794799421587,0.00767452784040853,0.00387917126524462,0.00434429165447028,0.00552854183936316,0.00278042372618962,0.00654359284834979
0.00289933817207876,0.000875049340580305,0.00569280479009916,0.00715479835493834,0.00696916829068077,0.00170314184731248,0.00307803879489476,0.00647051597472397,0.00902408532742501,0.00855301584361844,0.00265298371006486,0.00435479733903905,0.00308085567283957,0.0038098628093426,0.00766251028334464,0.00387380702301405,0.00433980226240246,0.00551905288962733,0.0027799637255679,0.00653416701142945
0.00290367639989672,0.000875373751757202,0.00570751457329335,0.00716177568904088,0.00697721888674088,0.0017044441431458,0.00307778621292309,0.00647797679743867,0.00903146566306078,0.00856467916739762,0.00265862690724922,0.00435793253321587,0.00308402705533686,0.00381663682903939,0.00767627770808967,0.00388046302082862,0.00435066963076215,0.0055184052511284,0.00278400976226016,0.00653498525600124
0.0029015927049335,0.000876066244280502,0.00569768021839718,0.00715460848663942,0.00697689673514349,0.00170305223752837,0.00307741637190257,0.00647299355078002,0.00902735775653932,0.00855961412705116,0.00265529374849536,0.00435558239622999,0.00308130316442555,0.00381230519933634,0.00766933899906079,0.00387739779838422,0.00434677561141099,0.00551445160922571,0.00277998143603611,0.00653682350304932
0.00290529122360203,0.000876082571822597,0.00570055204638329,0.00716277556375489,0.00697795686082898,0.00170362152223066,0.00307665069222735,0.00647590874706003,0.00902547495348214,0.00855676940369035,0.00265762279953852,0.00435507911970477,0.00308394342952425,0.00381709305113649,0.00767448808842439,0.00387750679851603,0.00434379055948084,0.00552245970770655,0.00278293347524707,0.0065397205252372
0.00290638514110739,0.000876220460066832,0.00570598691074351,0.00716662638885182,0.00698255271568274,0.00170450426096152,0.00307886231617796,0.00647942051370201,0.00903974092752926,0.00856441310523408,0.00265623117696176,0.00435800560546822,0.00308478056530208,0.00381616615740645,0.00767689175271732,0.00388042838757762,0.00434579651830946,0.00552094168268376,0.00278007285950914,0.00654483324005575
0.00290642113286759,0.000876358318412366,0.00570453306041087,0.00716586725368654,0.00698275525812275,0.00170688369538881,0.00308098616637005,0.00647686477285329,0.00903505353529416,0.00856361870250178,0.00265614808597388,0.00435740111209194,0.00308326937989473,0.00381504416588992,0.00767845644377515,0.00388043478511867,0.00434416560208746,0.00552392591395255,0.00278028999848905,0.00654718188148723
0.00290284260562587,0.000875904726423656,0.00570382514839544,0.00716419907347633,0.00697850818491741,0.00170573624147413,0.00308016176754354,0.00647445278637654,0.00902849603021395,0.00856081666902839,0.0026574346879328,0.004361299008612,0.00308600777147283,0.00381606026941615,0.00767010991332501,0.00388268041307921,0.00434909606756872,0.00551907380951997,0.00277945922389994,0.00654082913644329
0.00290157444398986,0.000875343066071844,0.00570303995359255,0.00715945151764258,0.00698037797482832,0.00170282830400707,0.00307662079763265,0.00647123141566486,0.00902344132017385,0.00855897903344574,0.00265367048649491,0.00435629691405146,0.00308231138954262,0.00381213901725514,0.0076701782692789,0.00387582996726296,0.00434258134314004,0.00551631785099471,0.00277841241182486,0.00653622478880321
0.00290585201351175,0.000876292305563875,0.00571015606853723,0.00716700345966035,0.00698257578220516,0.00170427758063656,0.00308102446265169,0.00648047358146713,0.00904174124631453,0.00856347981180751,0.00265668334653235,0.00436158786755414,0.00308437564686535,0.00381673299352333,0.00768224294682255,0.00387889027671999,0.00434677530130252,0.00552276856458088,0.00278017485926769,0.00654203525538502
0.00290483671784161,0.000875166009209619,0.00569846012950625,0.00715550289169781,0.00697319620034995,0.00170369098844508,0.00307566013467904,0.00647089570940591,0.00902889294313568,0.00855358133196545,0.00266266565224831,0.00435387148836331,0.00308055586311417,0.00381469501654741,0.00766960856245994,0.00387786500045654,0.00434126635457487,0.00551623388014891,0.00277731075975304,0.00653639194776128
0.00290524921140569,0.000876750054695663,0.00570169392342088,0.0071679679124924,0.00697742879859466,0.00170525391709757,0.00308033703301055,0.00648005064570102,0.00903527563544125,0.00856741917883971,0.00265713716218135,0.00436024022822533,0.00308344411622574,0.00381658877464106,0.00768061419626804,0.0038773518028075,0.00434694004285092,0.00553165535634235,0.00278039303372996,0.00654574615029009
0.00290467999284869,0.000876541934108783,0.00570311966634542,0.0071623223421645,0.00697928074941453,0.00170538001260375,0.00308118447299853,0.00648183929030285,0.00903417874826847,0.00857057411861162,0.00265840377411611,0.0043584005246804,0.00308717024917045,0.00382027941690009,0.00767618913567104,0.00388305024877548,0.00434583862991271,0.00552647117423341,0.0027827829184161,0.00654903061756483
0.00290476291832816,0.000875812006380156,0.00570328668581434,0.00716173908533606,0.00697769614457468,0.0017039848443367,0.00307837625263873,0.00647580074696161,0.00902968487084274,0.0085586116845081,0.00265493075460475,0.00435757032206897,0.00308229618133941,0.00381510444532377,0.00767200813791375,0.0038815487742957,0.00434523847109409,0.00552470678238051,0.00277908317335776,0.00654590081298514
0.00291900717027979,0.000876417573526902,0.00570662179803757,0.00720307091739779,0.00698030828818871,0.00171454760995527,0.00308030270583952,0.00651329353756371,0.00908321414734842,0.00856129058191233,0.00267114261758027,0.00438045884303491,0.00310023853377755,0.00383576906602234,0.00771527110220536,0.0038792827829963,0.00434572090633539,0.00555737871735592,0.00278066266493903,0.00657599186348778
0.0029026558039348,0.000875826533978368,0.00570145875819448,0.00716285946272207,0.00697484450896498,0.00170567045962125,0.00307894221508723,0.00647634401125097,0.00903465653516789,0.00856324017333972,0.00265766240292492,0.00435832617353579,0.00308463080492255,0.00381558976263384,0.00767248480878247,0.00387702856042035,0.004344753977838,0.00552672434031625,0.00278144851614362,0.00653996870383459
0.00290188272598704,0.000875915200623912,0.0057031557463413,0.00715983157486855,0.00697598695606756,0.00170509705851261,0.00307927059742194,0.00647696505172349,0.00902883879196093,0.00856002274622681,0.00265768072892837,0.00435791891588653,0.00308331476465973,0.00381463283738325,0.00767213602674203,0.00387939603546552,0.00434729862405505,0.00552676836681795,0.00278036253778731,0.00654186896557523
0.00290625976423186,0.000876443122345511,0.00570438094010424,0.00716510767596974,0.00698408206630979,0.00170503720086505,0.00308174119589764,0.00648138060918145,0.0090388187570932,0.0085690685122459,0.00265738576235108,0.00435839647249465,0.00308666632355272,0.00381745523464731,0.00767790213408585,0.00388386355726646,0.00435095305086215,0.0055227479015889,0.0027817246519546,0.00654783303603469
0.00290614156622089,0.000875418397687184,0.00569968083779074,0.00716105497607594,0.00697549250966503,0.00170622009083051,0.00307709658666761,0.00647083971627719,0.00903382705112587,0.00856113990126444,0.00265436586398136,0.0043523268247954,0.00308142210238671,0.00381396327112128,0.00767011810455306,0.00387726190384076,0.00434277966945007,0.00551364423969268,0.00277783381852818,0.00654078950092889
0.00290689593957415,0.000875550675164743,0.00570018749676146,0.00715738883810421,0.00697624362344777,0.00170356946915437,0.00307553968124434,0.00647312887928155,0.00902678287521152,0.00855926115732402,0.00265208137309931,0.00435762861687,0.00308661357961534,0.0038182082432554,0.00767363501387947,0.00387566351962797,0.00434623967434218,0.00551481880978398,0.00277785153192468,0.00653823380663719
0.00290457149826497,0.00087679543854946,0.00570529919591754,0.00716699801625201,0.00698163787742709,0.00170473178367121,0.00308086059595656,0.00648077349448259,0.00903209186599337,0.00856531779872297,0.00265764492365252,0.00435802261619103,0.00308405775026608,0.00381586701983963,0.00767734160904631,0.00387890054250759,0.00434509803478938,0.0055307638912026,0.00278070993892978,0.00654133225781422
0.00290619330914741,0.000876122283234388,0.00570416169780381,0.00716240490199097,0.006982397604006,0.00170467575613366,0.00307810455805864,0.00648235869670173,0.00903224289931907,0.00856645163836956,0.0026576616331397,0.00435831793584174,0.00308454226668101,0.00381566233249765,0.00767333912784489,0.00387870392346092,0.00434519184162092,0.00552353183080163,0.00278824995135794,0.00654410737814702
0.00290139737700256,0.000875586523258401,0.00570142787572309,0.00716055137235707,0.00697671627579777,0.00170338495261375,0.00307531295069295,0.00647353611825468,0.00902526636627352,0.00855730915996101,0.00265306512052773,0.00435398737487107,0.00308178945163555,0.00381334803679226,0.00767099798234789,0.00387582817484855,0.00434061995768894,0.00551645016871091,0.00277797265317889,0.00653649380945892
0.00290539864624983,0.000876383000055753,0.00570172175205691,0.00716905812741659,0.00697624408726403,0.00170583935886695,0.00308237071060213,0.00647996930804217,0.00903319529679746,0.0085638992627736,0.00265823417494293,0.00435726748468611,0.00308544458371312,0.00381659419007085,0.00768186514278414,0.00387838583150931,0.00434498328076862,0.00552364995643228,0.00278105627521079,0.0065454161927673
0.0029055821317041,0.000876379047247982,0.00570497224213076,0.00716692496935666,0.00698168873466768,0.00170519663987687,0.00307816626224573,0.00647889641086572,0.00903619812319793,0.00856458461875074,0.00265610471204509,0.00435876144484872,0.00308560038223835,0.00381774131940187,0.00767647388084778,0.00387972306112756,0.00434557244363682,0.00552377298867498,0.00278150546799931,0.00654863034613328
0.00290516526221391,0.000876264764029726,0.00570108320464586,0.0071578684738457,0.0069754411751928,0.00170662755044923,0.00307636998166267,0.00647677469459546,0.00903784268532586,0.0085545419395033,0.00265736904424894,0.00435478455699606,0.00308640742309149,0.00382098602689119,0.00767089343851592,0.00388157354773206,0.00434296960733042,0.00551478109746678,0.00278183941226827,0.0065372797403018
0.00290125622732697,0.000875648256331299,0.00570293708337361,0.00716449143751319,0.00697602176664421,0.00170445632953014,0.00307810378629866,0.00647576241010927,0.00902585772886346,0.00856121889875673,0.00265472865493598,0.00435547468990137,0.00308378656074252,0.00381581981771535,0.00767012340840636,0.00387901810443542,0.00434339461006489,0.00551860443079614,0.00277968743651124,0.00654051651733181
0.00290232522055794,0.000875651004824641,0.00570204325222305,0.00716724414708782,0.00698140394017214,0.00170553361451117,0.00307691098991046,0.00647957578694969,0.00902920010264335,0.00856268243439735,0.00265583587456281,0.00436011323938314,0.00308548075657857,0.00381748372391084,0.00767649069663471,0.00388182369807666,0.00434662967413597,0.00552577207827393,0.00278131113668013,0.00654178188627232
0.00290134605503046,0.000875517007734255,0.00570224509643223,0.00716069321081969,0.00697498248380594,0.00170401154195538,0.00307884290242796,0.00647149425722951,0.00901862313076018,0.00855380518470887,0.00265594737695168,0.00440081276211013,0.00308097819088991,0.0038118001998915,0.0076690399711069,0.00387464004452574,0.00434121162436835,0.00552401375400864,0.00277775730988792,0.00653737854388021
0.00291036628018758,0.000876485928913603,0.00570697113079602,0.00716894020882188,0.00698619869696037,0.00170562920590103,0.00308083650224736,0.0064808087576663,0.0090412114433045,0.00856639885513803,0.00265668299990976,0.00436105034171058,0.00308469805366445,0.0038169881871895,0.00768244235969206,0.00388008174371608,0.00434642501757905,0.00552471200035808,0.00278285396664776,0.00654515907082936
0.00290144216120874,0.000875584559188633,0.00569955836996775,0.00716191137816476,0.00697642954713004,0.00170522998741643,0.00307963748574377,0.00647630722394326,0.00902591207681213,0.0085551010308169,0.00265678433159478,0.00435479661677948,0.00308251037897758,0.00381296681731911,0.00766805778340735,0.00387902451138462,0.00434191239805263,0.00552527963107776,0.00277824741621282,0.00653611424139086
0.00290603204902512,0.000876211426352238,0.00570400493297995,0.00716695871450993,0.00697932424530446,0.00171111664865441,0.00309236915750101,0.00647969046622376,0.00903301131873818,0.00856634078303146,0.00268066535876533,0.00437513453045379,0.00309799894487389,0.00381646242074067,0.00768534348459773,0.00389441139238432,0.00434598867172581,0.00552298343177782,0.00279126199093456,0.00654188819906978
0.00290023081505912,0.000875595944152371,0.00569983123328392,0.00716121349530847,0.0069749640081932,0.0017035926799644,0.00307683837690737,0.00647059638501686,0.00902098442784927,0.00855699606408159,0.00265238231415437,0.00435491111499936,0.00308307405668989,0.00381616161798358,0.00766721650157956,0.00387765707871895,0.00434264581630195,0.00551953779497073,0.00277833292512642,0.00653620406069662
0.00290472228052522,0.000875776412486884,0.00570699279844317,0.00716716409581906,0.00697935870663233,0.00170544400120867,0.00308313599443891,0.00648246712947173,0.00903114823627135,0.00856216603978033,0.00266119368093191,0.0043572015928656,0.0030852942061516,0.00381906004257036,0.00767586020297992,0.00387985041304592,0.00434571049334479,0.00552480074190183,0.00277991567278369,0.00654163795092731
0.00290382369188413,0.000875032237820858,0.00569676606362386,0.00715561721390233,0.00696885580614137,0.00170438578626573,0.00307353911891319,0.00647940641790226,0.00901869160468962,0.00855043372165642,0.00265386411672039,0.00435118698865645,0.00308412639354794,0.00381249716273594,0.00766378821581903,0.00387348237082144,0.00433821357588829,0.00552066901147996,0.00277687987835087,0.00653265237496993
0.00290845097669125,0.000876623236597962,0.00570361524879846,0.00717001563952617,0.0069806612432525,0.0017041844902068,0.00307795247227028,0.00647920511508171,0.00903416784763031,0.00856326731654568,0.00265938990093646,0.00436501696967626,0.00309167028166854,0.00381713256174318,0.00767448679608843,0.00388195811895852,0.00435445184162107,0.00552004664023766,0.00278133695537407,0.00654555800775681
0.00290349692444354,0.000875552056404226,0.00570022746462593,0.00715711373804578,0.00697547957220318,0.00170515605647618,0.00307923699306801,0.00647220178072207,0.00902385749925765,0.00855846889680614,0.00265627556199589,0.00435283274736069,0.00308435286802326,0.00381648169274988,0.00766801286858096,0.0038766060334993,0.00434170914076269,0.00551651784447752,0.00277995061894809,0.00654167728608052
0.00290486071967648,0.000876504015552661,0.00570854720457525,0.00716859874189465,0.00698306997340193,0.00170554225095792,0.00308085597601718,0.00647847417730002,0.00903513626375786,0.00856437050456493,0.00265817289083015,0.00436026023288147,0.00308475846994947,0.00381705861821981,0.00767598295129472,0.00388280653228922,0.00434706464383066,0.00553114169905044,0.00278105511036485,0.00654469478916615
0.00290091129668164,0.000875813652300667,0.00570083867901002,0.00715568216198595,0.00697717232414345,0.0017044498393294,0.00308176125028675,0.00647445486690475,0.00902677272788447,0.00855914746597247,0.00265551127284292,0.00435500716347456,0.0030812171464204,0.00381243397264395,0.00766868568679573,0.00387614484609061,0.00434238210419643,0.00552075233720626,0.00277867797310564,0.006538122504654
0.00290116009068177,0.000876046586971576,0.00570184656936501,0.00716331800807201,0.00697716803388528,0.00170363145859711,0.0030767731208319,0.00647772446888548,0.0090235641901375,0.00856025760979959,0.0026536970204798,0.00435523713336881,0.00308236521331731,0.00381533727396086,0.00767370747113873,0.00387718080269984,0.00434373748683014,0.00551723773382297,0.00277931747726458,0.00654008786894521
0.0029001630376188,0.000875953654663737,0.00569820727271284,0.00716093057770927,0.00697412878342721,0.00170300198980194,0.00307709949648386,0.00647436676874347,0.00902393222812684,0.00855647398744007,0.00265201679960398,0.00435394258785574,0.00308161558019106,0.00381347731036133,0.00766861962207255,0.00387688118445871,0.00434151450431396,0.00551635289665292,0.00277789663462946,0.00653763087603241
0.00290616092300934,0.000876010977906337,0.0057013791806642,0.00716408088928199,0.00697814306673042,0.00170420358029157,0.00307582024557457,0.00648481040441949,0.00902510441765561,0.00856133096189161,0.00265953882004392,0.00436166506036576,0.0030878741557409,0.00381411413251925,0.00767676008864784,0.00388179225364511,0.00434944204175758,0.0055236034419973,0.00278120318596736,0.0065410508072273
0.00290244434150041,0.000875999562789451,0.00570167235089551,0.00716078286789587,0.00697279365546045,0.0017055031624503,0.00307984842344891,0.00647341141685151,0.00903064301352848,0.00855795823354949,0.00265551176451902,0.00435785586131721,0.00308325341411611,0.00381534615892729,0.00766922153443844,0.00387840842564865,0.00434466484950575,0.00552040508905377,0.00278006354494374,0.00653677922432365
0.00290606011611882,0.000876157232853292,0.00570228455083065,0.00716451862758874,0.00697870177366563,0.00170600671884297,0.00308035837120759,0.00647675698287494,0.00902925216271875,0.0085603573452385,0.00265765311325613,0.00435888120240963,0.00308323205847223,0.00381516771507252,0.00767745370604526,0.00387949574523332,0.00434331380738631,0.00551910864961886,0.00278051807091731,0.00654149603804333
0.00290307779644561,0.000876326790227388,0.00570069663005258,0.00716021304938351,0.00697831607197301,0.00170352222380835,0.00307837849855657,0.00647517648742088,0.00902594675389209,0.00855539967731199,0.00265370141024615,0.00435576453051139,0.00308367802923489,0.00381459092702702,0.00767494901282121,0.0038766117180499,0.00434183062175381,0.00552027888681974,0.00277747193875951,0.00653538995455031
0.00290047757726205,0.00087477536640707,0.00569460575632134,0.00715389119569139,0.00697078564189511,0.00170234908812662,0.00307236425993081,0.00646740892462574,0.00901644400676751,0.00855141189727108,0.0026512657889706,0.00435301645108498,0.00307967527018542,0.00381064720725864,0.00766140900533693,0.00387348120340655,0.0043400086304582,0.00551172460647204,0.00277723822344952,0.00653196274881781
0.00290917802667796,0.000876084543270235,0.00570532780746071,0.00716908559632789,0.00698068431671218,0.00170446923883315,0.00308316007339794,0.00647984162787989,0.00903478791953184,0.00856617152855633,0.00265565982406061,0.00435922224885372,0.0030891970239394,0.00381701788902304,0.00768006935629318,0.00388077853339403,0.00435431685395544,0.00552244776386814,0.00278212289381002,0.00654335444716111
0.00290259555350521,0.000876336466261104,0.00570324489599911,0.00716601942607767,0.00697781363163311,0.00170416362160155,0.00307686678732086,0.0064798587718346,0.00903565822305159,0.00856372739544198,0.0026534309095356,0.00435664663281092,0.00308225396831826,0.00381444464305069,0.00768076286584901,0.00388081275690144,0.00434598662638088,0.00552015912194658,0.0027825633375255,0.00653980693631939
0.00290569431534352,0.000876297299501363,0.00570014997332456,0.00716737837105442,0.00698149175195307,0.00170594658380514,0.00308284504966755,0.00647912413224107,0.00903609936732429,0.00856181210477091,0.00265866488768638,0.00435888911057917,0.00308373230271775,0.00381626212835538,0.0076747768130542,0.00387817505678226,0.00434602447726712,0.00553077108433473,0.00278090226246793,0.00654325334337383
0.00290034383238,0.000875345033628567,0.00569987467329523,0.00715673363854642,0.00697403185396503,0.00170384086915966,0.00307717652817954,0.00647473436089618,0.00902459744063513,0.00855603351979412,0.00265515221190444,0.00435701027654229,0.00308116049940825,0.00381429899718602,0.00766388911498992,0.00387830311292554,0.00434319332546277,0.00552537400551325,0.00277795564359613,0.00653669154556937
0.00291015306599246,0.000876741662075954,0.00570720328374092,0.00716572617564526,0.00698226087660106,0.00170679836855724,0.00307973203376986,0.00648034479179261,0.00904594609424973,0.00856805471459852,0.00265759281233997,0.00436523012175618,0.00308589027060238,0.00381799675518502,0.00767776763654783,0.00388658734520309,0.00434742642564003,0.00553204800265107,0.00278181156726318,0.00655188217578357
0.00290344268843139,0.000874835748286261,0.00569466820662057,0.00715908282335949,0.00697380433483306,0.00170339889294463,0.00307473298493804,0.00647158890397708,0.00901991168121359,0.00854809061381629,0.00265345200759063,0.00435452496539293,0.0030821567073811,0.00381215125896463,0.00766694851030073,0.00387447842458844,0.00434077508134994,0.00552365840916087,0.00277742834931708,0.00653493089333855
0.00290689270719154,0.000876571181852339,0.00570658657359814,0.00717135696260364,0.00697761549217506,0.00170693358203025,0.00308191209494266,0.00648171733024512,0.00904038236301949,0.00856419204857471,0.0026593086491337,0.0043601829784193,0.00308437637993835,0.00381510592448114,0.00767544950324314,0.00388358499304582,0.00434383428088477,0.00552834829830186,0.00278248956466558,0.00653969218942226
0.00290577848044001,0.000876337372292762,0.00570297066389577,0.00716825570439058,0.00697926662787493,0.00170452813302959,0.00307841160149426,0.00647494577035471,0.00903862038432487,0.00856823677951396,0.00265884620248292,0.00435683799777571,0.00308518784429146,0.00381467211963929,0.00767461683251005,0.00388287122143644,0.00434370431305135,0.00552210870692186,0.00278112803212701,0.00654115239579953
0.0029068551576081,0.000876402353716768,0.00570431607711467,0.00716449166175391,0.00697937130959156,0.00170556862541452,0.00308089446975376,0.00647841224467817,0.00904268495747165,0.00856650321603835,0.00265572819190141,0.0043603817722603,0.00308546477811997,0.00381909117803275,0.00767872686237614,0.00387988404400059,0.00434647570890243,0.0055224140818471,0.00278415234611169,0.00655066051025455
0.00290884072284412,0.000876201970309123,0.00570327795343791,0.00717037133343122,0.00697899369242327,0.00170531471125885,0.0030777089723614,0.00647992734527167,0.00903115640090746,0.0085645830395076,0.00265548260710922,0.00435877768038436,0.00308434586900547,0.00381599979747211,0.00767768852625269,0.0038811802844846,0.00434581764753684,0.00552359261665617,0.00278238729315979,0.00655176147463438
0.00289904394231138,0.000875030902028415,0.00569681024297959,0.00715554040504384,0.00697409006594148,0.00170296130665394,0.00307425495226458,0.00647894351520725,0.00902047665648233,0.00856202958397827,0.00265292801328442,0.00435362371236641,0.00308099045066207,0.0038116371448221,0.00766510271379952,0.00387507327570828,0.0043398308213433,0.00551474367692014,0.00277753349092088,0.00653614929560829
0.00290590351933248,0.000876073670788182,0.00570239067522563,0.00716165490315834,0.00697560359428745,0.00171263706267077,0.00308753428843686,0.00648064012380001,0.00902596922455655,0.0085579661757434,0.00266666690512061,0.00437221609551999,0.00309808929326995,0.00383387758392999,0.00767896507165226,0.00389675037591974,0.00435831654710143,0.00552269622857338,0.00278853701976082,0.00653893482722755
0.00290175532770791,0.000876096202768579,0.00569752660012249,0.00715511284265392,0.00697281632080016,0.00170293087388977,0.00307418908129966,0.00647384571124919,0.00902160419486651,0.00855325028863006,0.0026635300404351,0.00435640350978999,0.00308108695407901,0.00381411634325453,0.00767163316904672,0.00387698483937888,0.0043390936400852,0.00551718734075195,0.00277716591262873,0.00653244420931769
0.00290387135270844,0.000876602039177312,0.00570447106637354,0.00716842248000379,0.00698088381249793,0.00170729996799696,0.00308087976680431,0.0064823351212817,0.00903470309246754,0.00856813268691112,0.00266063848203407,0.00435985567544053,0.00308419397124384,0.0038183899078466,0.00767878455089416,0.00388345402735785,0.00434651564036867,0.00553289774046457,0.00278189759604958,0.00654426910844454
0.0029081644009366,0.000875984937742451,0.00570351461539717,0.00716790408691852,0.00698207597991478,0.00170727399556838,0.00307793090869797,0.00647843896932677,0.00902862372393727,0.0085577372952678,0.00265595648024306,0.00435887072850398,0.00308395088403605,0.00382417825615344,0.00767552391539801,0.00387908201752614,0.00434632161407331,0.00552989932958482,0.00278081717859171,0.00654353634783305
0.00289777601530639,0.000874710776681616,0.00569633507589254,0.0071555369922599,0.00696982957072506,0.00170354638097449,0.00307543692123885,0.00646980725608995,0.00902177728760232,0.00855428524508201,0.00265263450266731,0.00435300525307746,0.00308143877748975,0.00381285586633875,0.00766562238318669,0.00387624244857793,0.00433947490877635,0.00551442837259591,0.00277711463157737,0.00653221443912384
0.00290652370994282,0.000875636860388168,0.00570182423665163,0.00716291265550952,0.00698126371576317,0.00170438663983778,0.00307808399112434,0.00648369342546141,0.00902988197862377,0.00856384664497406,0.00265796605430307,0.00435786866829606,0.00308352088008962,0.00381657323396369,0.00767357772820114,0.00388370587647005,0.00435028289671968,0.00551959114955988,0.00277947260011185,0.00654289194914192
0.00290553881193535,0.000874906966031698,0.00570047979413186,0.00715929367757481,0.00697375995075614,0.00170536574793429,0.00307573009942233,0.0064748947087718,0.00902617529275464,0.00855574217210191,0.00265156961501401,0.00435834120747546,0.0030839124959158,0.00381965911931909,0.00766470126256636,0.00388008758801718,0.00433930988683185,0.00551733604892756,0.00277835022264548,0.00653575769628486
0.00290247924559536,0.000875186154041065,0.00569496990268917,0.00715633271716514,0.00697140190333897,0.00170343751474649,0.00308512501962308,0.00647359796920107,0.00902839325906379,0.00856053631904143,0.00265283994386509,0.00435824832655448,0.00309397278742636,0.00381453887021112,0.00768326626696417,0.00387903021879104,0.00434173995376511,0.00551488027540578,0.00277560941503584,0.00653539665492452
0.00290260829454361,0.000876095774128795,0.00569902227405141,0.00716036598599822,0.00697460804999726,0.00170442189445184,0.00307861231063095,0.00647151550637783,0.00902704530300108,0.00856224689935531,0.00265578987398944,0.00435714626985526,0.0030838484384312,0.00381348550887386,0.00766920826850304,0.00387523443301553,0.00434480218533317,0.00551759686337723,0.00277780268375071,0.00653725538414709
0.00290245111890469,0.000875975084008365,0.00570383868618262,0.00716253746899975,0.00697748556609797,0.00170422670102021,0.00308105349667209,0.0064763653970817,0.00903006017028228,0.00855946960521378,0.00265564095806166,0.00435806457636307,0.00308977335194668,0.0038144289313302,0.00767537221978588,0.00387748917018139,0.00434301705449507,0.00552333037774206,0.00277947322896718,0.00654354526054265
0.00290409972856854,0.00087580869137982,0.00570350908175656,0.0071631112869791,0.00697949710090347,0.00170559494187111,0.00308748398117255,0.00648261617875018,0.00902955394899988,0.00856068921405926,0.00265864435880738,0.00436070965444521,0.00308365947245879,0.00381848221419168,0.00767312014485827,0.00387913983985274,0.00434312083190502,0.00552465581978799,0.00278039230491399,0.00653911054131338
0.00290114682804197,0.000875775591228907,0.00570049197858749,0.00716232405216391,0.00697575495832097,0.00170544636299426,0.0030786865683903,0.00647504749715385,0.00902921985316901,0.00855275056650515,0.00265900591650287,0.00435755205567233,0.00308391252218753,0.00381299295078024,0.0076732320347687,0.00387688913723834,0.00434338297660066,0.00552575846729689,0.00278114451684595,0.00653817289062743
0.0029010339297661,0.000875398572561672,0.005700885573061,0.007158618931955,0.00697324970309785,0.00170406433645659,0.00307474996505965,0.00647255455458754,0.00902227285611179,0.00855821817259221,0.00265211582265295,0.00435241477160305,0.00308082365587499,0.0038130776497355,0.00766694255617263,0.00387525809106724,0.00433945153779478,0.00551669230954957,0.00277761540356524,0.00653793040342261
0.00290340573816202,0.000876516837008079,0.0057076562102741,0.00716874366064235,0.00697970790490892,0.00170645158856186,0.0030825034538046,0.00648042569201898,0.00903854281651204,0.00856319303686446,0.00266041454548601,0.00436049124775158,0.00308673306483215,0.00381680358551393,0.00767636739531654,0.00388254536956635,0.00435009333738869,0.00553070826397386,0.00278185533473091,0.00654131269245969
0.00290651774247668,0.000875592759131067,0.00570368717560669,0.00716821780894672,0.00697844113521996,0.00170379516604622,0.00307578054695423,0.00647981642415052,0.00902648904251866,0.00855652173839964,0.00265934310469867,0.00435825231811026,0.00308228735960326,0.00381468384135264,0.00767339194298266,0.00388584758535178,0.00434169384573559,0.00551965779171052,0.00277949918226341,0.00655297809559586
0.0028980374347793,0.000874552157992637,0.00569349455882487,0.00715574011312039,0.0069687573395328,0.00170273152786538,0.00307401614583573,0.00646582142225404,0.00901188066392946,0.00854990364391348,0.00265015108750398,0.00435082546469834,0.00307931872421091,0.00380939402418459,0.00766134782935746,0.00387199625790756,0.00433696994103831,0.00551099051663712,0.00277644376521983,0.00653239041182404
0.00290842091650696,0.00087614666216265,0.00570375217741245,0.00716376405358493,0.0069793087809061,0.00170379290799272,0.00307715708843986,0.00648603233339473,0.00902783503249479,0.00856060502909578,0.00265521554615522,0.00436257466225614,0.00308719036996582,0.00381664472692126,0.00767375975099081,0.00388323918011921,0.00434649273349214,0.00552828555231374,0.00278123662107854,0.0065502919904871
0.00290727547328389,0.000876363923958041,0.00570568285040861,0.00716494420084153,0.00697983496125912,0.00170426750804395,0.00307844222207331,0.00648258223289082,0.00903841478062465,0.00856606857746633,0.00266012463718981,0.00436068550729169,0.00308659655882915,0.00381813879053986,0.00767727185615063,0.00388335960562029,0.00434748403227212,0.00552196544915373,0.00278081259824047,0.00654680995739199
0.0029009816188916,0.000875628485009897,0.00570136515317385,0.00716266909581833,0.00697758738965766,0.00170419970676385,0.00307853965609778,0.00647654423207946,0.00903258625112457,0.00855801427204254,0.00265604964943653,0.00435586833642896,0.00308337076496681,0.00381591215783445,0.0076710816734971,0.00387707335150745,0.00434275068898304,0.00552592239504421,0.00277918756318038,0.0065377569570914
0.00290341307777004,0.000876374335838616,0.00570265365764903,0.00716309176017357,0.00698091941553994,0.00170524746450317,0.00307900327224194,0.00648114145695779,0.0090331863464006,0.0085622356705288,0.0026569073638746,0.00435962605957258,0.00308244915509426,0.00381571059728389,0.00767404231925802,0.00387985599447328,0.00434363432903348,0.00553107909831103,0.00278093677934343,0.0065422478999427
0.00290395415262067,0.000875633942500667,0.00570443918798533,0.0071647894847705,0.00697532188985301,0.00170445865222953,0.00307850017686542,0.00647442467712894,0.00903174098583426,0.00855824897107331,0.00265760108683871,0.00435692677490628,0.00308295778039383,0.00381511178628185,0.00766857167701107,0.00387817112610619,0.00434375011294665,0.00552466152752317,0.00278170712161849,0.00653945936177784
0.00290812174648772,0.000875452834298128,0.00570304873775488,0.00716417382718694,0.00697645999195758,0.00170384528388374,0.00307695891969964,0.00647419136915317,0.0090301526956699,0.00856011385180396,0.00265432613034441,0.00435648229292652,0.00308584242355475,0.00382345908007752,0.00767354911354808,0.00388038826694031,0.00434364245042995,0.00552091647408122,0.00277960817673805,0.00654329530059178
0.00290130051457621,0.000875098652900733,0.00569989024873884,0.00716159688996844,0.0069735180201838,0.00170348088709547,0.00307632102013537,0.00647643108849221,0.00902283238956117,0.00855912718080213,0.0026528845560878,0.00435583592377684,0.00308176139590341,0.00381356210597005,0.00767004103222588,0.00387591339355888,0.00434171929549694,0.00551735475932432,0.00277900200470135,0.006537196953876
0.0029065855631073,0.000876277012560512,0.00570307409707672,0.00716744433151761,0.00698284287649288,0.00170528103556649,0.00308092740850918,0.00648151708117521,0.00903080286339609,0.00856415449948683,0.00265794996660022,0.00435792621068053,0.0030845271126633,0.00381602260702347,0.00767368779943107,0.00387946198487849,0.00434611777832394,0.00552849606785739,0.00278114679206802,0.00654180204999394
0.00290425495304739,0.000875882645537839,0.00570347523580047,0.00716174447709543,0.00697621806073227,0.00170556839581761,0.00307867346180782,0.00647269939011385,0.00902872746237738,0.00856327188246016,0.00265317198854273,0.00435774586412366,0.00308907504298762,0.00381578085904347,0.00768018858335305,0.0038764305127654,0.00434348122494849,0.00551863023291629,0.00277960025770127,0.00653957302998811
0.00290015186727588,0.000875249110384837,0.0056976964467397,0.00715815261422491,0.00697343176996771,0.00170298010727455,0.00307738746348093,0.0064726004928167,0.00902344810768619,0.00855637310653918,0.00265441150167281,0.00435351439156532,0.00308154768422646,0.0038126406010465,0.00766590897129271,0.00387497853388951,0.00436502453645093,0.00552255078393879,0.00277831820055461,0.00653464640207808
0.0029075370505844,0.000876184683507532,0.00570306733202845,0.00716544808958834,0.00697987285744272,0.00170444952612619,0.00307925585227764,0.00647746900520505,0.00903308981615924,0.00855994016636957,0.00265652160575278,0.00435723963599171,0.00308357096267381,0.0038150794559562,0.00767390921566517,0.00387860688460607,0.00434438586109139,0.0055300359675205,0.00278098447516711,0.00654197422963175
0.00290366561896525,0.000875805583607428,0.00570273439414805,0.00715956592304056,0.00697801754715575,0.00170494036902443,0.00307544358934614,0.00647742381030423,0.00902746674290863,0.0085645153675748,0.00265349449357894,0.00435487991681542,0.00308337563930099,0.00381366001238788,0.00767252689909347,0.0038763606058314,0.00434320346887498,0.00551810369446567,0.00278055201485158,0.00653710954334442
0.00290264945578793,0.000875512803960726,0.00570002157998497,0.00715539052691641,0.006970227017547,0.00171183485674914,0.0030752639195637,0.00647662240474492,0.00902259964468687,0.00855876573138037,0.00265551952481345,0.00435776268321425,0.00308433054024713,0.00381431748350085,0.00767076411341788,0.00387829169589506,0.00434929783193179,0.00551784629333792,0.00277874518029281,0.00653882976974291
0.00290882239193499,0.000876493178098282,0.00570655855460923,0.00716365392836667,0.00697958615967557,0.00171813769581069,0.00308284300854004,0.0064816377371274,0.00902691821514303,0.00856472278640134,0.00265848215754405,0.00436128778555427,0.00308504986425958,0.00381485708774432,0.00767657179510554,0.00388200415606099,0.00434649846676986,0.00552845588779451,0.00277980332421582,0.00654137628713753
0.00290400389113564,0.000876362759655483,0.00570315182214202,0.00716767795716804,0.00698474374539598,0.00170537409913708,0.00307989875004911,0.00648031236547814,0.0090342364277582,0.00856421090409956,0.00265834172986227,0.0043591372588726,0.00308542819928309,0.00381817150231961,0.00767707170259643,0.00387902287991634,0.00434545784905138,0.00552966733671128,0.00278098466952579,0.00654319417571668
0.00290475703839934,0.000876112156018542,0.00569977157843352,0.00716301546488445,0.00697903285860811,0.00170393569988803,0.00307538770185557,0.00647915370850156,0.0090260519539613,0.00856311689634186,0.00265738537936114,0.00436009972628943,0.00308374992054105,0.00381510355395567,0.00767536914215445,0.00388118657732224,0.00434383397829182,0.00552087153578273,0.0027796902098124,0.00654154756085864
0.00290780726308138,0.000876734175230549,0.0057043832602546,0.00717121869117578,0.00698603960286536,0.00170657264838366,0.00308246143920549,0.00648429701090614,0.00904060984625205,0.00857085957076893,0.0026579446940403,0.00435908486425826,0.00308572761218351,0.00381630618790491,0.0076768337354422,0.0038814359162571,0.00434783673958208,0.0055289662701016,0.00278239134581964,0.00654687654269017
0.00290846435907538,0.000876742099957858,0.00570546997877295,0.00716896144853345,0.00697866375980604,0.00170621180634213,0.00308185449186994,0.00648344190609593,0.00903785729929372,0.00856337365130744,0.00265665391588332,0.00436164668390336,0.00308530176608161,0.00381810668404068,0.00767498008301412,0.00388008585105314,0.00434643801374768,0.00552956628961706,0.00278141511104732,0.00654335305564896
0.00290408828533274,0.000876458465241459,0.00570559701197969,0.00716503384815571,0.00698192841290431,0.00170586924636443,0.00308112517877444,0.00648123019633296,0.00903629353922935,0.00856523465311956,0.00265807633117526,0.00435896032788507,0.00308448711595438,0.00381620546904721,0.00767622366765634,0.00387963841122223,0.00434556787264095,0.00553069805570023,0.00278154513549935,0.00654085142794121
0.00290226116458334,0.000875672163115647,0.00570233161337571,0.00716295242701217,0.00697555464555125,0.00170472505216194,0.00308017513163131,0.00647921870338843,0.00903216970729468,0.00855624795704246,0.00265649435427935,0.00435720061408936,0.00308232739680245,0.00381459425192859,0.00767277322581783,0.00387889179523437,0.00434648179034155,0.00552787780486542,0.00277989552768278,0.0065423296912706
0.00290463208221065,0.000875695846691486,0.0057026229516791,0.00716282668883242,0.00697969459614563,0.00170455061903453,0.00307626696095713,0.00647754602489491,0.00903105247585818,0.00856106848355265,0.00266400669473219,0.00435778098922484,0.00308190154685983,0.00381529792180604,0.007677437203023,0.00387713063196145,0.00434443152702338,0.00552205945834213,0.00277936965718105,0.00654135278992508
0.0029032590212573,0.000875176137823215,0.00569967758806255,0.00715865027083925,0.00697464552947349,0.00170234495389947,0.00307490771803833,0.00647183757354268,0.0090248316718549,0.00855399436741133,0.0026530806139816,0.00435402972470066,0.00308454474004082,0.003816203671638,0.00766872304322746,0.00387575919757418,0.00434130414815718,0.00552031311115032,0.00277744068871744,0.00653898837710453
0.00290404271378128,0.000876097546270481,0.0057049593446616,0.00716767684503207,0.00698536515227913,0.00170665498097627,0.00308244847738498,0.006478249989097,0.00903953342505699,0.00856697494562603,0.00265942228536997,0.00436364326872138,0.00308477337331464,0.00381607825381256,0.00767974182913963,0.00387853944637624,0.00434971362913065,0.00552702957452293,0.00278177893735224,0.00654764379979988
0.00290567341459111,0.000876688788624458,0.00570281602947886,0.00716075027676728,0.00698009028712519,0.00170358710615274,0.00307633492164248,0.00647957836260614,0.00902852754865274,0.00856213576180501,0.00265507061171012,0.00436185000844239,0.00308306623932903,0.0038202778054161,0.0076904049948917,0.00387546323489002,0.00434522716665497,0.0055226948638935,0.00278141478151064,0.0065443022253291
0.00290226069240841,0.000876262088492168,0.00570376891535138,0.0071638142803494,0.00697956920145003,0.00170455510575281,0.00307671936380095,0.00647805769254964,0.00902885979836414,0.00856113509012055,0.00265506167565807,0.00435798143657629,0.00308421934804866,0.0038168409544988,0.0076756117032734,0.00388066798667996,0.00434476847692741,0.00551895814344852,0.00278070646543433,0.00654216226388808
0.00290545272712588,0.000875535534612962,0.0057015186847326,0.0071631497832335,0.0069786462425181,0.00170430464818056,0.00307676792142048,0.00647477059688155,0.00902591085344157,0.00855932038897446,0.00265459906920504,0.00436089336774121,0.00308295119516522,0.00381798145435611,0.00767304342957392,0.00387638183842311,0.00434218583328076,0.00551761094909622,0.00278989466592352,0.00653650496051218
0.00290575080157159,0.000876190719481047,0.00570632921045687,0.00716742173737826,0.00698527637182933,0.00170608791682785,0.00307859320976746,0.00648099102185993,0.00904255074125333,0.00857378999888774,0.00265569617118911,0.00435832220475809,0.00308381486461601,0.00381719168069066,0.00767417801795167,0.00387927438903808,0.00434978104452393,0.00552743702866009,0.00279259404920767,0.0065426078139069
0.00290875051288438,0.00087691895009768,0.00570532899346947,0.00716689566079365,0.00698113003651374,0.00170433200313353,0.00307707762927173,0.00648639099418746,0.00904860721805034,0.00856735254384734,0.00265921753393824,0.00435872613414935,0.00308876625172387,0.00381717321776119,0.00767683188264179,0.00388571810901182,0.00434789528046912,0.00552435970377025,0.00278212255197652,0.00654389693039751
0.00290213913639329,0.000875606523134959,0.00569911303546162,0.00715386455848005,0.00697468143359018,0.00170317445060635,0.00307640313285107,0.00647650536979909,0.00902140488215289,0.00855326718883438,0.00265511835220363,0.00435508819021106,0.00308108208565919,0.00381251376916807,0.00767165378901707,0.00387897731482021,0.00434452566051229,0.00552197311370331,0.00277809750568482,0.00654298128957508
0.00290035249440767,0.000875341152012193,0.00569860557844743,0.0071612260355908,0.00697540416136676,0.00170372720364256,0.00307554515844256,0.00647335537506497,0.00902580574367115,0.0085568483068174,0.00265353318824632,0.00435396069205914,0.00308170351608819,0.00381303497658514,0.0076698782458298,0.00387637836293222,0.00434171998386233,0.0055164804571303,0.00277864399124273,0.0065378645233196
0.00289996172936351,0.000875673722238626,0.00569968859833955,0.00715876793133698,0.00697406982668885,0.00170396688435492,0.00307761474963568,0.00647447291361834,0.00902151880811579,0.00855349402596998,0.00265463452416929,0.00435304887709757,0.00308015137704054,0.00381277356032608,0.00766787695061043,0.00387423903756559,0.00433963977836042,0.00552317861302659,0.00277828971788107,0.00653741880190266
0.00290767838704301,0.000875573532387667,0.00570150369951568,0.00716339349484281,0.00697487014142862,0.00170578380562563,0.00307457945215852,0.00647993466364047,0.00903921327301278,0.00857462487894162,0.00265514610278081,0.00435809877162773,0.00308874907391844,0.0038225175651008,0.00767291531893016,0.00387908208493881,0.00434317787905905,0.00552091922666024,0.00277997271430481,0.00654231451377582
0.00290282532906492,0.000875880930848907,0.005702666361561,0.00716211720416423,0.00698220121634402,0.00170572925856296,0.00308025278245464,0.00647637009838053,0.0090297409169412,0.00855785986361582,0.00265723141618867,0.00436170938342671,0.00308312071834488,0.00381637773302839,0.00767127578688736,0.00387905277069815,0.0043505042868921,0.00552528026609086,0.00278059969929063,0.00654426575622775
0.0029122156000184,0.000876359947966426,0.00570589704568866,0.00716889185402125,0.00698562390085331,0.00171216391813111,0.00308100251428454,0.00648010769099418,0.00903268627546737,0.00856577163902125,0.00265795216521248,0.00435862715513981,0.00308488518861604,0.00382081348244975,0.00767794627837379,0.00388218968862568,0.00434590020717847,0.00552092474674721,0.00278087200384352,0.00654420280382873
0.00290245908772088,0.000875211621706066,0.0057001738445091,0.00716350796834715,0.00697611936376473,0.00170441595602427,0.00307983513055867,0.00648034769840973,0.00902662544419654,0.00855370275525734,0.00265626753016737,0.00436101388524075,0.00308547390711942,0.00381487312137887,0.00766994247624852,0.00387585329550303,0.0043423069390875,0.00552196770544904,0.00278838951548937,0.0065693109013638
0.00290540426288812,0.000876148499298916,0.00570328489623206,0.0071649557083661,0.006984221348375,0.00170516049696648,0.00308103880229797,0.00647805048506551,0.00902890859382785,0.00856467512197095,0.00265712028680873,0.00436235107610323,0.00308368546477012,0.00382033361901014,0.00767480708218299,0.00388374328429269,0.00434717544181568,0.00552492567724626,0.00278085389415799,0.00654272367037752
0.00290155139881438,0.000875023044056628,0.0056996372945439,0.00715614313875904,0.00697105187980458,0.00170369498867598,0.00307868933564702,0.00647290429118035,0.00902211015971523,0.00856586048338298,0.00265463454223486,0.0043555282694226,0.00308290429685831,0.0038158274103174,0.00766748696473838,0.00387935338118936,0.00434191892385516,0.00551377978740492,0.00277825425997505,0.00653326110067215
0.00290481728705533,0.000875312506653278,0.00569966004095987,0.00716183569666314,0.00697588612716153,0.00170269766289949,0.00307388688002408,0.006475584121522,0.00901985806449587,0.00855448179933471,0.00265841162528409,0.00436143901832714,0.00308377008342642,0.00381216678049568,0.0076683662519457,0.00387455269662716,0.00434312716466525,0.00551425061954848,0.00278175160843611,0.00654175316156692
0.0029058502380509,0.000876332569231678,0.00570644866255888,0.00716489949368009,0.00698104648678822,0.00170613038603375,0.00307881263573461,0.00647874193399033,0.00903946866162292,0.00857611952012096,0.00266698855075659,0.00435820853900295,0.00308356849766139,0.00381456954347658,0.00767812543445983,0.00388040021153416,0.0043458746857165,0.00552624998540658,0.00278080240215524,0.00654682511404926
0.00290533108151009,0.000876269053569192,0.00570174995735604,0.00716733577310272,0.00697488454782688,0.00170410862763978,0.00308218285485859,0.00647588015120665,0.00903685211135691,0.00856915641668686,0.00265555781413264,0.00435701003331748,0.00308333653535871,0.00381711043765258,0.00767490166991898,0.00387836746302667,0.00434464074309927,0.00551985254405864,0.00277961955391333,0.00654078455409081
0.00290145951565953,0.000875276321734298,0.00569793133686845,0.00715732870856441,0.00697185465113893,0.00170342993575011,0.00308107126457043,0.00646970925252548,0.00902250625102235,0.0085525664475839,0.00265710514965665,0.00435193446254683,0.00308020423635172,0.00381255809634082,0.00766859247053327,0.00388440510221573,0.00434044718702363,0.00551440685954014,0.00277701445917245,0.00655116129958625
0.00290161084671777,0.000875197906293372,0.00570478948445792,0.00716627721161122,0.00697646534565539,0.00170324067641773,0.00307845694710998,0.00647471885921013,0.00902497770579361,0.00855728533216699,0.00265322248408374,0.00435710370765918,0.00308336131256835,0.00381471570152526,0.00767614207394598,0.00387770681485284,0.00434402505643819,0.00551685905650116,0.00277927138723729,0.00654111928747709
0.00290506480585251,0.000875672871784892,0.0057009619358822,0.00716066708052327,0.00697460774531933,0.00170368324276033,0.00307807670792507,0.00647788081444778,0.00902943213346821,0.00855977399416161,0.00265360747412602,0.00435684866823072,0.00308220372185113,0.0038153288697533,0.00767308824146624,0.0038815367439513,0.00434391093421144,0.00551735428367163,0.00278074015043977,0.00655019698657517
0.00290607245001291,0.000875580474632546,0.00570211252940807,0.00716538272382684,0.00697907903533608,0.0017059908248515,0.00307704134010875,0.00647483841703923,0.00902763994922887,0.00856472462146891,0.00265717097266969,0.0043577464639956,0.00308265965093731,0.00381498821141963,0.00768176257811059,0.00387847100517402,0.0043460545153276,0.0055160670166875,0.00277948552462584,0.006546335196199
0.0028992520373698,0.000874990841402329,0.00569597040251009,0.00715485407010445,0.00696959344886749,0.00170147423738128,0.00307274618358904,0.0064700518061805,0.00902033835415568,0.00855432065654449,0.00265014307665254,0.00435295763387349,0.0030796945308575,0.00381185515224168,0.00766406035700376,0.00387239291621364,0.00433856094134179,0.00551120617252997,0.00277602438565606,0.00653210835147062
0.00290154505101192,0.000876367796743645,0.00570703408360351,0.00716443384460482,0.00698147360573451,0.00170596709875785,0.0030810559831764,0.00648123186043745,0.00904167406192703,0.00856577061838036,0.0026590406389421,0.00436117622112931,0.00308724538826797,0.00381683648396584,0.00767478421203588,0.0038801201591718,0.00434874692267757,0.00553078178578774,0.00278323644833425,0.00654430688404618
0.00290370419161936,0.000876364682881629,0.00570605225953461,0.00716585669017428,0.00698332137627715,0.00170441179030144,0.00307937646178868,0.00647970011568699,0.0090346975217138,0.00856209835777438,0.00265466160489123,0.00435984588377408,0.00308552098930316,0.00381544805660641,0.00767887489858022,0.00387895073974459,0.00434520784206914,0.00552800862322875,0.00278147320563488,0.00654671801093395
0.00290002112477522,0.000874875123863524,0.00569355610648595,0.00715655247107156,0.00696433417630865,0.00170285504656439,0.00307864873718926,0.00646916294230285,0.0090197302454626,0.00855014881242796,0.00265447095997042,0.00435266844650943,0.00307876169148416,0.00381026682506038,0.00766774504085271,0.00387533129413943,0.00434096519179674,0.00552254944701506,0.00277635211758572,0.00653371044979946
0.00290217919404357,0.000875285361232914,0.00569869608289855,0.00715670661493815,0.00697242059818083,0.00170299809709139,0.00307688661252291,0.00647030096787148,0.00902446751733417,0.00855015771121142,0.00265484729647063,0.00435674850518223,0.00308173135987291,0.00381486094133117,0.00766714108728346,0.00387558164064677,0.00434340509513122,0.00551660227381663,0.00277767851050467,0.00653800435616802
0.0029028361129041,0.00087663623695257,0.00570149955988769,0.00716203128022437,0.00697784904173045,0.00170370581767638,0.00307675020033974,0.00647563350305901,0.0090272887994199,0.00855913227782083,0.00265787366880333,0.0043558112056584,0.00308319572888857,0.0038187571820489,0.00767475838531574,0.0038756825406665,0.00434063679877885,0.00552083712275442,0.00277941402233763,0.00654127425959543
0.00290550788482396,0.00087607243244188,0.00570766400611462,0.00716549835052072,0.00698157457698075,0.00170558530359819,0.00308301295946404,0.00648322443276592,0.00903367128944901,0.0085623304265455,0.00265981909758458,0.00436020398759481,0.00308441492684148,0.00381601773733854,0.00767327894530637,0.00388237613044423,0.00434595471887381,0.00553061958027741,0.00277991296318838,0.00654081014935016
0.00290393671148013,0.000876032910640442,0.00570115282025493,0.00715996847702104,0.00697553441113888,0.00170357395797973,0.00307783347516538,0.00647547242823345,0.00902873214625092,0.00856451935546166,0.00265421905646872,0.0043552950586732,0.00308254803584587,0.00381884720136785,0.0076744249155179,0.00387642465926732,0.00434248274371508,0.00552521867617807,0.00277877225472628,0.00653685294873977
0.00290158269776066,0.000875481035062704,0.00570266729538735,0.00716328260283178,0.00697722724318523,0.00170322915244517,0.00307590403031853,0.00647219670563725,0.00902505607312376,0.0085550254132384,0.00265232127352533,0.0043536554708937,0.00308153293456889,0.00381321943173408,0.00767007658103073,0.003875908206022,0.00434155795049065,0.0055174480445605,0.00277849683716601,0.00654080806951034
0.00289629022984904,0.000874967085070446,0.00570139468622822,0.00715953571354222,0.00697899183374447,0.00170300202260107,0.00307700205397116,0.00652256131099589,0.00901692632765424,0.00855331441437124,0.00265568241534627,0.00435247280276384,0.00308133544451444,0.00381349735274031,0.00767369306040225,0.00387478795936187,0.004344593740574,0.00551794097166709,0.00277928380954018,0.00653748856578142
0.00290335282995315,0.000875699557968433,0.00570342898214406,0.00716196223821519,0.00697887067689596,0.00170502615715291,0.00307764416213304,0.00647454107322619,0.00902914391666563,0.0085569423710393,0.00265546558215718,0.00435654073263062,0.00308350356879612,0.00381385520736136,0.00767129745125823,0.00387724031345869,0.00434339370346993,0.0055244030378401,0.00278104507950147,0.00653686283909869
0.00290363779757881,0.000875171491465221,0.00569915418846634,0.00715791222085404,0.00697581655584318,0.00170383214227022,0.00308032619596722,0.00647103543973786,0.00902828908019389,0.00855527728128857,0.00265451308153506,0.00435367163029896,0.00308072182191021,0.00381389135107961,0.00767740079492112,0.00387687645074741,0.00434222427392046,0.00552545841063866,0.00277787400855699,0.00653965357273897
0.00290222607981404,0.000875797946331327,0.00570239184383552,0.00715858903841074,0.00697707088179397,0.00170332433155022,0.00307880735558697,0.00647288205958511,0.00902820448459226,0.00855275034736488,0.00265608304616227,0.0043558813770942,0.00308200203641575,0.0038116228277596,0.00766657009798124,0.00387722332154312,0.00434278635173518,0.00552594677014521,0.00277874120056367,0.00653830123753333
0.00289900365756182,0.000875436476795337,0.00570141503115943,0.0071614906386624,0.00697163552506483,0.00170393392371914,0.0030759843427916,0.00647060015730292,0.0090266006780124,0.00856010739626031,0.00265296862224529,0.00435561610400217,0.00308258119190777,0.00381266956262882,0.0076709025583095,0.00387710464470246,0.00434264976748213,0.00551673334420259,0.00277748860897288,0.00653525754526086
0.00290498545688858,0.000876339692255537,0.0057019849156155,0.0071633636139111,0.00698155422978996,0.00170555592054067,0.00307998836489732,0.00648102981970111,0.00903319646035667,0.00856210815337094,0.00265763181495226,0.00435928031610772,0.00308465757398066,0.00381591209994802,0.00767655228450636,0.00387986566433426,0.00434265915551654,0.00553057039544631,0.00278138333261239,0.00654009611529734
0.00290608220513788,0.000876453403586296,0.00570276087873775,0.00716072516770106,0.00697320670053047,0.00170416732473336,0.00307595051686738,0.0064764029106771,0.00903249408901367,0.0085742797509441,0.00265686696357212,0.00435546524921002,0.00308205562966366,0.0038175591663629,0.00767781317135131,0.00387948029121247,0.00434592171574697,0.00552884886000754,0.00278349492984526,0.00654991627520305
0.00290588954789455,0.000876203482262683,0.00570583560141814,0.0071642792916421,0.00697968491572924,0.00170467218376282,0.00307864987197274,0.0064765393424708,0.00904215053193705,0.00856403551224398,0.00265794501777939,0.0043594243852192,0.00308728026133833,0.00381638431021814,0.00767719095671692,0.00387962266805688,0.00434927244655415,0.00552136604560418,0.0027836712531056,0.00654376857107748
0.00290400962939648,0.000875500419237398,0.00569779795225416,0.00715586376001238,0.00697559290382272,0.00170376218193736,0.00307692432807528,0.00647641336710657,0.00902323819469981,0.00855685570691485,0.00265561512012624,0.00435608870371944,0.00308118247107958,0.00381470566848856,0.00766823336140156,0.00387859040817624,0.0043399838901715,0.00552086592138105,0.00277806131754882,0.00653909684710211
0.00290330291647309,0.000876569784611683,0.00570598125222285,0.00716837525483867,0.00698436216834181,0.00170526818909479,0.00308210459618566,0.00647846833903117,0.00904039307817235,0.00855681354688941,0.00265887161372543,0.00435892307063522,0.00308414685701095,0.00381791584142504,0.0076751667045616,0.00387957465120794,0.00434685770168688,0.0055303380012418,0.00278226371363232,0.0065433094843831
0.00290442093840329,0.000876160798193562,0.00570395883005267,0.00716382663251335,0.00698077441146995,0.0017054931727872,0.00307818402309406,0.00648256827013293,0.009032054126214,0.00856082055374639,0.00265710791934977,0.00435994131117094,0.0030837938744093,0.00381918366477022,0.00767265268319054,0.00387787898459416,0.00434388201403588,0.00552241427145891,0.00278221531399738,0.00653953650727479
0.00290369965006261,0.000875502258446745,0.00569706589387693,0.00715958055888612,0.00697287157562465,0.0017039416515507,0.00307884546614227,0.00647114426109589,0.00902287218695511,0.00855175147389471,0.00265575796130815,0.00435151210803082,0.00308100903462679,0.0038190170421425,0.00766836919570545,0.00387708834671199,0.004345846061597,0.00551338638668112,0.00278111923629742,0.00653861078280578
0.00290551981882796,0.000875858403070674,0.005705049628637,0.00716222540776461,0.00697811179017446,0.00170568830566439,0.00307752235283019,0.00648521215538866,0.00902584871358566,0.00856846892775191,0.00265363446603317,0.00436014298652509,0.00308348626701171,0.00381615082975383,0.00768472001171347,0.00388146732631481,0.00434211787283921,0.00551964017407774,0.00278027274782386,0.00653987878965109
0.00290626680268363,0.000876662243417602,0.00570520032970749,0.00716539294769934,0.00698395152756354,0.00171084130358539,0.00308076000595821,0.0064875893263962,0.00903451517098651,0.00856323564857704,0.00265570369980451,0.00436161264262502,0.00308454517473148,0.00381673299728384,0.00767655212258436,0.00388318150638638,0.00434906713525329,0.00552234727930733,0.00278058822057861,0.00654295880993261
0.00290498726921219,0.000876409554979598,0.00570565877205205,0.00716427675230537,0.00698105495905459,0.00170455802427175,0.003078634993606,0.00647773950610164,0.00902985769808705,0.00855865558056491,0.00265800327375847,0.00435811985638153,0.00308574721527888,0.00381551050481675,0.00767353748058808,0.00387749577885364,0.00434296590389944,0.00553037569173886,0.00278196717293638,0.00654034941274775
0.00290027244390547,0.000875463855982142,0.0056968216333203,0.00715928040237147,0.00697157726948413,0.00170283361666463,0.00307565426232702,0.00647177112576768,0.0090252269032003,0.00856279417227696,0.00265505312692901,0.00435534075683644,0.00308120854561984,0.00381192039961941,0.00766842429815618,0.00387611737653048,0.00434105921369958,0.00551937104739503,0.00278034762352404,0.0065372413248029
0.00290321540062943,0.000875741484045648,0.00570005650449448,0.00716047232222786,0.00697530855407422,0.00170376444208769,0.00307727582233204,0.00647698348132985,0.00903139186290381,0.0086059724055353,0.00265712343408245,0.00435767381492099,0.00308354948310812,0.00381461902966293,0.0076757891085498,0.00387908451288112,0.00434404462025171,0.00552201593410223,0.002779244642133,0.00653889014913175
0.00290735798173027,0.000876577385342007,0.00570466333479283,0.00716556811263129,0.00697970926399834,0.0017053561666048,0.00308203281247255,0.00647741594587475,0.00903457107838764,0.00856176628310318,0.00265590638684137,0.00435866603470479,0.00308351242497198,0.00382008265676824,0.00767641707151853,0.00388254535222939,0.00434500997334064,0.00551974793506391,0.00278438249788586,0.00654618212286237
0.00290355477397532,0.000875445192659126,0.00569982327934592,0.00716068773108091,0.00697997607502953,0.00170537825222388,0.0030802134855536,0.00648245787306164,0.0090333188497864,0.00856108271102,0.00265391350818816,0.00435546796264678,0.00308277596851955,0.00381450864981653,0.00767228182149255,0.00387860134602303,0.00434248483050348,0.00552339204496482,0.00278027113060545,0.00654243302685388
0.00290499622131588,0.000875930618483884,0.00570039819859424,0.00716459952640586,0.0069771485661562,0.00170472041458001,0.00307749303355689,0.00647633858418488,0.00902848803949991,0.00856280588427315,0.0026559995757398,0.00435619278449908,0.00308403733180928,0.00382005341335984,0.00767451831487945,0.00387791400582664,0.00434601403325087,0.00551625477545959,0.00277716715333577,0.00653797884913218
0.00290047545750336,0.000875240507327854,0.00569829397241085,0.00715658523277509,0.00697345203735625,0.00170345002124301,0.0030769848183864,0.00647158529629154,0.00902231156106544,0.008553971746415,0.00265488577344204,0.00435393924282222,0.00308116601625646,0.00381256605450972,0.00766657003357601,0.00387724760017878,0.00434169347402675,0.00552519229108012,0.00277730796782018,0.00653523149124109
0.00290023636350848,0.000874850144807588,0.00569808494949339,0.00716022568349315,0.00697346277406794,0.00170274296585225,0.00307428257729026,0.00647233656186644,0.0090202484934003,0.00855248265679435,0.00265231209480292,0.00435264984128447,0.00307961845450019,0.00381256351061719,0.00766931600039524,0.00387502409316616,0.0043397238254426,0.00551551382698911,0.00277630900186706,0.00653647349318214
0.00290051191671081,0.000875359936897116,0.00569796195487029,0.00715806594490078,0.00697354631551307,0.0017020167953712,0.00307534578628785,0.00646905347153218,0.00902194960117523,0.00855454285661317,0.00265119678905447,0.00435245629138059,0.00308123781678128,0.00381194529766588,0.00766688500565583,0.00387593884583817,0.00434095468950218,0.00551571328077547,0.00277747113466165,0.00653601615859834
0.00290433190801026,0.000875488833821245,0.0056995126769522,0.00716013514411062,0.0069765274468015,0.00170284198379905,0.00307644148526968,0.00647146257380992,0.00902875778101262,0.00856045112704505,0.0026531186648015,0.00435468662219384,0.00308201786924288,0.00381757523805231,0.00766833936175199,0.00387579122320271,0.00434469031371053,0.0055157890261592,0.00277923311114612,0.00653570124888144
0.00290307483061041,0.000875402984492965,0.00570056739035357,0.00715891303358504,0.00697592849313455,0.00170463419820894,0.00307648753866455,0.0064724268391594,0.00902671083701303,0.00855945010676251,0.00265534713737561,0.00435537272626887,0.00308295367700178,0.00381546782097868,0.00767261534232984,0.00387636366275519,0.00434377242334303,0.00551835859471433,0.00278017954113024,0.00654198187247053
0.00290222173381602,0.000875784589263721,0.00569798747043595,0.00715888961634269,0.00697840768325383,0.00170321349860136,0.00307595003243706,0.00647504011723111,0.00903557825215238,0.00855440861691899,0.00265455010633464,0.00435549682172395,0.00308277174408121,0.00381697591721981,0.00767403301496727,0.00387517781033122,0.00434190738316324,0.0055172921458911,0.00277911560497916,0.00653959673407664
0.00290162928225342,0.000875675241485296,0.0057016754277834,0.00716306803446754,0.00697722939099846,0.00170307639972309,0.0030758684270854,0.00647438929890444,0.0090227048318766,0.00855800523072033,0.00265279524035401,0.00435430144695217,0.00308282826669978,0.0038142274512499,0.00766878215957563,0.0038760942396112,0.00434349644959571,0.00551801145932666,0.00277892914447012,0.00653905536359531
0.00290034554130945,0.000875637582347398,0.00569867808917668,0.00716103845733842,0.00697616986784395,0.00170302041105819,0.0030747252845824,0.00647211323771219,0.00902407919290747,0.00855680898919357,0.00265232248708446,0.00435283004668373,0.00308156440229995,0.00381249744478465,0.0076681317086933,0.00387754352072574,0.00434134041564041,0.0055143273824343,0.00277739942827483,0.00653618690901476
0.0029055427560599,0.000876186855397621,0.00570265048204954,0.00716367433833752,0.00698495457826227,0.00170426015502915,0.00307886409413527,0.00647761023859909,0.00903745481201406,0.00856694639248401,0.00266626420376438,0.00435841659357436,0.00308767467053048,0.00381609380093549,0.00767799834382351,0.00387834130569209,0.00434309860400313,0.00552189546394203,0.00278159011525827,0.00654146664740584
0.00290151834247894,0.000875770164654344,0.00570080535686406,0.0071640922801117,0.0069794453217175,0.00170400770224182,0.00307659150623072,0.00647479527053211,0.00902790379746153,0.00856146182762458,0.0026541489747801,0.0043567391064669,0.00308287433263657,0.00381488088722224,0.00767358472190027,0.00387735846767307,0.00434297722638028,0.00551590915900039,0.00277874292672327,0.00653882515530269
0.00290427705944089,0.000875689023952582,0.0057011926975844,0.00716279444328691,0.00697193060628219,0.0017026081634028,0.0030757594592192,0.00647432529220364,0.009020549901688,0.00855582141387052,0.00265356634938289,0.00436054152815346,0.00308141479147603,0.00381026600378333,0.00766977294280003,0.00387762919375921,0.00433993103340949,0.00551805499972445,0.00278083251175635,0.00654430717697753
0.0029036114820422,0.00087634225214058,0.00570345091105418,0.00716599893170333,0.00698055596441557,0.00170544102362294,0.00308112298587918,0.00648139335342584,0.00903248029448414,0.00856131085519812,0.00265733037179863,0.00435940220060474,0.00308438172826579,0.00381564308946995,0.00767603368392834,0.00387901173083425,0.00434579740534519,0.00552937995933674,0.00278051504006144,0.00654221552500313
0.00290841091251766,0.000876356936238606,0.00570345400177826,0.00716640726808169,0.00698286679507191,0.00170428092871825,0.00307871151283041,0.00648123739141075,0.00903181101102852,0.00856332966989503,0.00265451181208966,0.00435857931964654,0.00308548719408755,0.00381727871593262,0.00767503817689388,0.00387832390243571,0.00434573020397258,0.00552141426005312,0.00278061192062655,0.00654090838375192
0.00290271253220802,0.000875239660160207,0.00569802615402274,0.00715741558717333,0.00697457304010119,0.00170378836907474,0.00307609827186994,0.00647216910329791,0.00903094216399042,0.00855628309802044,0.0026554585430921,0.00435930784960849,0.0030806610814874,0.00381509947233331,0.00767410129135871,0.00387806369878453,0.00434039036379999,0.00551539990520886,0.00278775538607121,0.00653510514985268
0.00290798632591379,0.000876079562422845,0.00570406152862249,0.00716611801950275,0.00698082140815171,0.00170421707430075,0.00308650695268053,0.00647743756452563,0.00903116663389925,0.00856477245886653,0.00265609523605931,0.00435675195854375,0.00308437644071368,0.0038177436014981,0.00768035097767623,0.00388058653406657,0.00434672301677203,0.0055248404909641,0.00278068812647475,0.0065399960106993
0.00290367187970325,0.000875795351412923,0.00570088304467734,0.0071557689578329,0.00697094550510454,0.00170556174216423,0.00308174430159968,0.00647601762806041,0.00902583306473607,0.00855287982043236,0.00265892405229178,0.00435864942930778,0.00308313277105799,0.00381611499350394,0.00767388241470726,0.00387869699366385,0.00434602237329136,0.00552560100295219,0.00278054045135451,0.0065336103569201
0.00290712782414416,0.000875639964844905,0.00570867615767095,0.00716941576351865,0.00697708210373165,0.00170658559820836,0.00308245750295359,0.00648165779163321,0.00902824877033894,0.00856727697876612,0.00265998007003579,0.00436104700512977,0.00308553024818345,0.00381797009187539,0.00767227517158575,0.00387759812214701,0.00434777374867089,0.00553210526297684,0.00278180862331197,0.00654480103811748
0.00290563944744288,0.000876121227227871,0.00570566473627377,0.00716997145430458,0.00698060199764288,0.00171047888129624,0.00307889177240647,0.00647889015610647,0.00903400187881998,0.00856313253992484,0.00266816628898254,0.00435826316771467,0.00308717453554448,0.00381757479782597,0.00768489446951544,0.00388192257998917,0.00434827704269328,0.00552681671392515,0.0027821157848703,0.00655272221261396
0.0029048263923786,0.000876341497520485,0.00570302139030614,0.00716995923842712,0.00698150511379962,0.0017042759091091,0.00308009968080077,0.00647826157212414,0.00903025085943401,0.0085642723513489,0.00266070086955046,0.00436377594784045,0.00308381796585743,0.0038233075039803,0.0076795537534803,0.00388431830653843,0.00435226736956317,0.00552358501251723,0.00278062276153143,0.00654458905586532
0.00289822006345235,0.000874117200751141,0.00569146214088553,0.00715411252598301,0.00696819585510577,0.00170175600142229,0.00307202329645294,0.00647266574368611,0.00901204635691483,0.00855683369868166,0.00264991919545194,0.00434845009676215,0.00308082836417664,0.00381036749344221,0.0076693680589936,0.00387416508319629,0.00434027432333552,0.00551058070066366,0.0027759971680771,0.00653574503836525
0.00290238155485529,0.00087586407660148,0.00570478864172151,0.00716894353591036,0.00698076253916204,0.00170601158494696,0.00308104878152313,0.00647753592909765,0.00903344983976879,0.00856206761006906,0.00265822400742609,0.00435843593173336,0.0030833860647714,0.00381661661295682,0.00767389089385008,0.0038796515056348,0.004342137851109,0.00552921754855187,0.00277987135981686,0.00654176544998175
0.00290263702380044,0.000876393019340817,0.00570173234954391,0.00716814911896084,0.00698246615974374,0.00170570483801017,0.00308098068137919,0.0064800827980734,0.00903290746312022,0.00856321090783534,0.00265856545554324,0.00435909394057197,0.00308422654003684,0.00381599974228663,0.00767552481506357,0.00387989685173413,0.0043455095174902,0.0055317772919576,0.00278133938464371,0.00654235331450957
0.00289907419280263,0.000874901736686444,0.00569684309418286,0.00715858787837598,0.00697178482498456,0.00170277843246702,0.00307353518424993,0.00646714547024899,0.00901772584139958,0.00854874991135099,0.00265179477770514,0.00435157335404365,0.00307916128334169,0.00381217464640078,0.00766896221407496,0.00387422771637498,0.00433863944718163,0.00551183334127319,0.00277611740603662,0.00653381030635168
0.00290280122446172,0.000874910918145854,0.00569838408301147,0.0071570797044728,0.00697066586873845,0.00170412964183847,0.00307481064872036,0.00646913497911539,0.00902558196723224,0.0085547228257664,0.00265234487551331,0.00435454028432811,0.00308292175312483,0.00381154032235092,0.00766640831339641,0.00387421285548735,0.00433993006598592,0.00551904918083375,0.00277991000274343,0.00653429601085232
0.00290026926343916,0.000874851021473395,0.00569802162351435,0.00715515899331122,0.00697351096554965,0.00170540662888726,0.00307427786022336,0.00646928997997418,0.00901906639659298,0.008549579906603,0.00265225562014561,0.00435313007721107,0.00308093145826602,0.00381173748446442,0.00766611168587895,0.0038745313651389,0.00434209841123226,0.00551562197113346,0.00277794649139657,0.00653502928717071
0.00290526786810304,0.000875958838815045,0.0057052851628296,0.00716281408398586,0.00697797079664348,0.00170450159315781,0.00307747818297879,0.00647746216637096,0.00903738397515268,0.00855762624117532,0.00265430233460358,0.00435608617632369,0.00308251308350442,0.00381628237173654,0.00767715235917396,0.00387697615285334,0.0043428294507057,0.00551844040808665,0.00278030011008179,0.00654233528167011
0.0029055734580704,0.000876032573454923,0.00570537389142252,0.00716148870736725,0.00698059807451261,0.00170457807342067,0.00307788826086383,0.00647975821979098,0.00903046958284433,0.00855879502483603,0.00265777228500084,0.00435802868122614,0.00308717694727691,0.0038207259556908,0.00767654270893814,0.00388030465577095,0.00434416140622844,0.00552319683330102,0.00277842355401129,0.00654032621891713
0.00290325797049829,0.000876443610779332,0.00570424592514913,0.00716472242981622,0.00698165642761209,0.00170635927430281,0.00308222040504669,0.00647983220347686,0.00903343538075562,0.00856565229302492,0.00265890516546511,0.00435935816023897,0.00308429212846944,0.00381594887960233,0.00767611106943061,0.00388054702064694,0.00434889908261156,0.00552855020082439,0.00278057712632232,0.00654081162622957
0.00290886483894715,0.000875261766590393,0.0056976720147814,0.00716051498901527,0.00697441869921622,0.00170730087435431,0.00308045332245319,0.00648435113524096,0.00902450875251585,0.00856028401205408,0.00265733039119159,0.00436104015220606,0.00308192223366884,0.00381930171239962,0.00768222130600037,0.0038841676208273,0.00434190797719631,0.00551528763913696,0.00277791043692151,0.00654854826568093
0.00290995186131275,0.000876047897314807,0.00570405361590686,0.00716597521950545,0.00698065290203415,0.00170511889977353,0.00307975701874391,0.00648379384482936,0.00903228241068427,0.00856658563898054,0.00265765564300676,0.00435750805902321,0.00308655492286789,0.00381522161504821,0.00767678188346773,0.00387833066034686,0.00434459872065479,0.00552662513508779,0.00278083233699558,0.00654500122902696
0.00289979559026892,0.000875601130463234,0.00570171173963459,0.00716269033983027,0.00697399080288354,0.00170332873677682,0.0030751662651996,0.00647388383591432,0.00902463415880105,0.00855893128306666,0.002652774474833,0.0043539229841515,0.00308127873868729,0.00381417786865696,0.00766845235283678,0.00387701732315617,0.00434174593470567,0.00551629197984004,0.00277868144272615,0.00653597622290629
0.00290366613651147,0.000875456338320554,0.00569986135856554,0.00715899699260664,0.00697572969341634,0.00170286173318563,0.00307404858622171,0.0064785765580301,0.009025222079524,0.00855373280868425,0.00265314283217325,0.004356040273424,0.00308068427672321,0.00381280792374681,0.00766708757454993,0.00387570847937444,0.00433906255032913,0.00551820988543091,0.0027779567206277,0.00653934109595032
0.00290425491088646,0.000874814853529674,0.0057000858565626,0.00716290277423151,0.00697873514515919,0.00171148888535329,0.00309001174765674,0.00647450330321533,0.00902681280345925,0.00855300066250982,0.00266183092955546,0.00435685220256742,0.00308634907385264,0.00381290105261977,0.0076744486190841,0.00387546859720808,0.00433970311907451,0.00551148956433138,0.00277630424859571,0.00654813317446946
0.00290605154589725,0.000876241629588385,0.00570485077352512,0.00716545451220198,0.00698013096634575,0.00170458343346616,0.00307800913381776,0.00647818564596473,0.00902958469184488,0.00856310191260985,0.00265532733900489,0.00436401609138614,0.0030841888765183,0.0038164641012699,0.00768266618540829,0.0038785224382487,0.00434486681787583,0.00552091598452352,0.00278032253407284,0.00654238309744831
0.00290286759695689,0.000876294610898269,0.00570488117897372,0.00716613577987756,0.00697621655020387,0.00170400410462349,0.00307925911158164,0.00647725937623546,0.00902480450918046,0.00856189501459675,0.00265576490296139,0.00435886893936741,0.00308484938438545,0.00381342386141628,0.00767477181325006,0.00387850567064642,0.00434410780805923,0.00551901315446891,0.0027811399239591,0.00654289937627866
0.00290270632864954,0.000876092912755614,0.00570186560030973,0.00716697788935204,0.0069815096939606,0.00170511580432516,0.00308073937661739,0.00648159426441347,0.00903395510766227,0.0085602096125112,0.00265800675190167,0.00435946546155534,0.00308379000236625,0.00381614016859758,0.00767579618626642,0.00387886192571552,0.00434415457922924,0.00552992189727522,0.00278161155504489,0.00654286019026117
0.00290239761038138,0.000876355075392528,0.00570577316067492,0.00716398017717647,0.00697704857525817,0.00170562591186516,0.00308106617347348,0.00647939152982755,0.00903600038354866,0.00856287736783706,0.00265803990379694,0.004360944622779,0.00308435767711804,0.00381549567918695,0.0076748333427699,0.00387950037624456,0.00435057676715302,0.00552718919076234,0.0027817843800753,0.00654393643616251
0.00290714229448815,0.00087597063993921,0.00570336574590434,0.00716276051184437,0.00697796075086195,0.00170429958906206,0.00307634095423175,0.00647671279458148,0.00903779240916437,0.00857164203483232,0.00265416880015169,0.00435710686711166,0.00308680267765106,0.00381684746064079,0.0076727380298238,0.00387916358927893,0.00434430247200673,0.0055201852451631,0.00277944115532667,0.00654042436909699
0.00290524479925419,0.000876395686529921,0.0057067234507351,0.00716928435221059,0.00698514786246536,0.00170623188344348,0.00308181924829199,0.00647943441216197,0.00903517507447485,0.00856516885699656,0.0026578625705138,0.00435967697972778,0.00308548537626564,0.00381856653533334,0.00768028248333525,0.00388203551348228,0.00434703734204072,0.00552874780145719,0.00278249100512368,0.00654510434605626
0.00290527815840191,0.000876127004154913,0.00570560574549053,0.00716669802042269,0.00698249966915841,0.00170572070592966,0.00308410892555244,0.00647959195515889,0.00903490153623561,0.00856458086553256,0.00265927517425325,0.00435981795496846,0.00308641589751265,0.00381633749861556,0.00767396589737638,0.0038808684671129,0.00434639741856023,0.00553126839203614,0.00278216844954231,0.00654357325161084
0.00290519359050987,0.000876895246105128,0.00570258385561654,0.00716400275516148,0.00698663329529216,0.00170590854042455,0.00308277729392964,0.00648211561332292,0.00903862798685878,0.00856653339068024,0.00265901407517108,0.00436141097674496,0.00308507362848115,0.00381812485205916,0.00767752370149212,0.00388305580116669,0.00434725471168712,0.00552782605518188,0.00278312217398525,0.00654496553752382
0.00290458170385446,0.000875571421412855,0.00570384683614427,0.00716247174819146,0.00697809124998028,0.00170343825344948,0.0030784386289376,0.00648265027719552,0.0090223289871075,0.00856017436423747,0.002652755684703,0.00436131298554101,0.00308344176005434,0.00381566525819045,0.00767353169721205,0.00387774308439305,0.00434385229215488,0.00551734104576467,0.0027784547740548,0.0065348876688061
0.00289872377630301,0.000875400283189578,0.00570030365489977,0.00716356817781912,0.00697584662682485,0.00170400573508976,0.0030760270153749,0.00647358590632054,0.00902364068095219,0.0085604856182577,0.00265340735672256,0.00435641218770623,0.00308158774268361,0.00381246048516901,0.00767011943115976,0.00387478351843881,0.00434000031542683,0.00551759325058835,0.00277795697912507,0.00653600729714405
0.00290259753668314,0.000875267006504683,0.00570008994155558,0.007159395087848,0.00697805423193234,0.00170448130259883,0.00307762285826277,0.00647378356795065,0.00902759024615196,0.00856488562571789,0.00265370650561548,0.00435493487006333,0.00308194935460948,0.00381431005884769,0.00767016716507184,0.00387666177911148,0.00434335714216728,0.00551750481014129,0.00277965907458168,0.00654165730392865
0.00290326452889128,0.000875446116618073,0.00570050890181086,0.00716295779268959,0.00697852156196409,0.00170345638108231,0.00307675081048349,0.0064799817880231,0.00902673519600403,0.00855959814189508,0.00265348508372852,0.00435551442412435,0.00308214704647379,0.00381502545015081,0.0076700953614413,0.00387656809411125,0.00434340455621247,0.00551724677219361,0.00278971585546095,0.00653817491549882
0.00290421923960227,0.000876834226451958,0.00571194740677396,0.00716612014851319,0.00697506454194663,0.00170476857361005,0.00307912303902018,0.00648895566030726,0.00903254613040811,0.00856467614125961,0.00265480074963215,0.00435768941583576,0.00308247001634004,0.00381408288396567,0.00767888147332217,0.00388072297190651,0.00434582656365783,0.00552604632483962,0.00278321095240868,0.00655195278168748
0.00290275836363113,0.000874805931098619,0.00569843664824663,0.00715178990202616,0.00696837351234169,0.00170370213326925,0.0030774990553518,0.00646854086775106,0.00902215664463614,0.0085578978352343,0.00265103928013513,0.0043493820860681,0.00307871326037334,0.00380786444498013,0.00766311926267769,0.003882688118554,0.0043367830186647,0.00551521407191559,0.00278016572757534,0.00653561715330343
0.00290344910523432,0.000875459198410479,0.00569765673408092,0.0071594004713279,0.00697146155269143,0.00170434818770716,0.00307808476507527,0.0064763900097905,0.00901987809197729,0.00855020227823668,0.00265528171075067,0.00435617693818053,0.00308050906330648,0.00381249294740265,0.00766443510965738,0.00387473383444351,0.0043408256493014,0.00551437222282493,0.00277673271381628,0.00653767723255923
0.00290203195353767,0.000875937570700727,0.00569462517747065,0.00716366568297096,0.00697660214823745,0.00170399638745186,0.00307979321275284,0.0064768256766655,0.0090303622764497,0.00855991500658258,0.00265494871385847,0.00435579581812229,0.00308306825537343,0.00381475961554989,0.00766756746858147,0.00387699864296169,0.00434342118841336,0.00551898929972076,0.00277924236809731,0.00653632274471899
0.00290524235270309,0.000875456153919505,0.0057020626078465,0.0071627331493389,0.00697841189608764,0.00170431058135124,0.00307676711564613,0.00647053820477092,0.00902390651006825,0.00857192492983665,0.00265811341313941,0.00435461231301943,0.00308294260658315,0.00381561014290641,0.00767737289333163,0.00388276865202571,0.00434317450236371,0.00551914541703947,0.00277891655541984,0.00653205215560561
0.00290248334920737,0.000875209794005103,0.0057014338508845,0.0071591832051296,0.00697345720098885,0.00171099791233469,0.00307596973183537,0.00647667881106652,0.00903130924168733,0.0085623494926586,0.00266427931317165,0.00437098522123677,0.00309211853395289,0.00382711712560079,0.0076659587681459,0.003894362726412,0.00436041836152079,0.00551772074447984,0.00279148646848585,0.0065382681951721
0.00290398435402454,0.000875843364274621,0.00569734365334167,0.00715765308897669,0.0069727128586475,0.00170356575761818,0.00308164356590409,0.00647361166320482,0.00902641037665372,0.00855744777260192,0.00265696964838477,0.00435696227869475,0.00308297024414283,0.0038132514408873,0.00767333743261208,0.00387762527052761,0.00434469953168331,0.00552373801578926,0.00278043531543653,0.00653739236389929
0.00290496849734451,0.000875876239330088,0.00570444214883723,0.00716589960450027,0.00697777742681937,0.00170575521650405,0.00307836835734312,0.00648341131370748,0.00902856497166228,0.00856497999547571,0.00265560833057741,0.00436197823222523,0.003084762194326,0.00381817289074248,0.00767631211846223,0.00388256821429352,0.00434502584727654,0.00552643585644332,0.00278289899862657,0.00654904171743435
0.00290259452085037,0.000875362443063064,0.00569844205485911,0.00715964724570154,0.00697461161749918,0.00170417157616328,0.00307545214261963,0.00647664328635547,0.00903028613960872,0.00855563838075439,0.00265594228261468,0.00435806172120599,0.00308306397423541,0.00381797810640674,0.00766902992117829,0.00387655767558504,0.00434282034956464,0.00551606257297475,0.00277989275922731,0.00653562366231641
0.00290256470879866,0.000875990093375709,0.00570307941960918,0.00716457324931654,0.00697826512613482,0.00170425436431437,0.00308028284626052,0.00647822168315089,0.00903018149637224,0.00856051453096768,0.00265696233886881,0.00435875353131371,0.0030833087705831,0.00381563732134804,0.00767360394873641,0.00387768929468831,0.00434921883949685,0.00552649414451507,0.00278105987333129,0.00654036982980613
0.00290494827758491,0.000876144496139972,0.0057035333749686,0.00716674643672882,0.00698077732548915,0.0017050422347807,0.00308062798726601,0.00648023265731363,0.00903990941110116,0.00856799104520567,0.00265571496431094,0.00436367511890734,0.00308416118756723,0.00381685813904243,0.00768191598241858,0.00387837017035612,0.00435121126700694,0.00552987573403906,0.00278133862369259,0.00654042141915001
0.00290540415940392,0.000876526198036611,0.00570725186911189,0.00716644170722593,0.00698480229831265,0.00170606621195549,0.00308236982575378,0.00648074846187483,0.00903334628535453,0.00856480401929652,0.00265930560278804,0.00436046819100902,0.0030856313006208,0.0038192543356604,0.00767678631245376,0.00388142564290087,0.00434556895004677,0.00552743787520241,0.00278273533610767,0.00654855167370398
0.00289814835703808,0.00087488929520751,0.00569633306687898,0.00715496517825286,0.00696993269858806,0.00170470545287601,0.00307795801004111,0.00647385705120989,0.00902621032875912,0.00855101819564004,0.00265653379757543,0.00435541920284634,0.00308117513622811,0.00381243710702503,0.00766549799463779,0.00387267324752291,0.00434587899921384,0.00552558053239117,0.00277758484015348,0.00653264540239413
0.00290517105518104,0.000875980966459329,0.00570284956835002,0.0071603465311107,0.00697482809181292,0.00170543627518988,0.00307646049584786,0.00647070494448027,0.00902315378766407,0.00855454746078514,0.00265240966640257,0.00435973480751887,0.00308231542333847,0.00381781840451285,0.00767301231491896,0.00387377650633367,0.00434432425757903,0.00551707336432589,0.00277934033596953,0.00653576723645369
0.002905708576302,0.000875667037436171,0.00570003320063709,0.0071576124223467,0.00697691924758055,0.00170367427095066,0.00307499983532498,0.00648128634446961,0.00903285356312706,0.00855463655693207,0.00265279704793908,0.00435887401236887,0.00308274393642077,0.00381460122330907,0.00767142759402628,0.00387782878737904,0.00434130360421523,0.0055232698604039,0.00277900986934423,0.00653835448517396
0.00290253943891595,0.000874855238265687,0.00569565296113674,0.00715865428263304,0.00697084709911325,0.00170354454391272,0.00308184267107681,0.00647307097670644,0.0090275890431498,0.00855635970687931,0.00265418487087193,0.00435480457575296,0.00308040331403943,0.00381191325323975,0.00767015151559657,0.00387472846581219,0.00434247902216395,0.00552300162614925,0.00277850378591918,0.0065386625380268
0.00289892125254888,0.00087516408921265,0.00569898896679186,0.00715347354831847,0.00697154679087525,0.00170264176064957,0.00307521355697533,0.00646971145023176,0.00901663394319651,0.00855233628953785,0.00265194624798825,0.00435376848297736,0.0030804106274918,0.00381104299191469,0.00766671150861801,0.0038758606261727,0.0043390787632571,0.00551335330248942,0.00277737403396357,0.0065347818878058
0.00290966558673782,0.000876381794552944,0.00570493471653764,0.00716574502675018,0.00698273350643129,0.00170463862177365,0.0030794440475685,0.00647886450189568,0.00903781365025955,0.0085634308062948,0.00265714800051137,0.00435876196748716,0.00308407429200945,0.00381665750181404,0.00768109045791559,0.00387933896747624,0.00434979334377393,0.0055236668445987,0.00278056633788145,0.00654289581713504
0.00290221203178753,0.000876063593266265,0.00570537665368984,0.00716667698921135,0.00697702840072928,0.00170469348268701,0.0030791664999745,0.00647716788980389,0.00903213290695225,0.00855943930257677,0.00265618953279628,0.00435664516016888,0.00308304956043262,0.00381410029222217,0.0076730108578172,0.0038784537095521,0.00434420527953558,0.00552792501028134,0.00278129438229018,0.0065416039347421
0.00290157403507677,0.000875670847387794,0.00569993487433189,0.00716166911949404,0.00697969680535572,0.00170416833131994,0.00307803197265362,0.0064751391061072,0.0090276539262003,0.00855717750754492,0.00265661135412252,0.00435484216844271,0.00308382491654899,0.00381461568141243,0.00766850605315119,0.0038763068295951,0.00434333042513902,0.00552697472047878,0.00277990948976793,0.00653749195595778
0.00290347663934264,0.00087542840532887,0.00569780305315647,0.00716021823197324,0.0069773033448552,0.00170257465052936,0.00307682619542494,0.0064719182392227,0.00902185079855728,0.0085571347696799,0.00265385308366822,0.00435529965369589,0.00308474983322901,0.00381232904556728,0.00766955100331362,0.00387437715490662,0.00434573056901037,0.00551966904817301,0.00277866899957126,0.00653656996014668
0.00290351922339239,0.000875196448615526,0.00570441396546297,0.00715986878287378,0.00698170750861327,0.00170533351237387,0.00307459211623725,0.00647068326431966,0.00903079765957655,0.00855895516329794,0.00265588968567911,0.00435343073946433,0.00308324368691982,0.00381271827062024,0.00767425928893295,0.00387886231945816,0.00434157889139325,0.00552105326167488,0.002779111201343,0.00654249331423541
0.00290113945907281,0.000875419652738984,0.00569861789428821,0.00716203183788049,0.00697100233673359,0.00170432671356272,0.00307642690153537,0.00647307709510787,0.00902840974610625,0.00855352301102888,0.00265540572450201,0.00435686330866297,0.00308095477804841,0.00381428986555003,0.00766789859136858,0.00387525105749673,0.0043429863339973,0.00552054818408836,0.00277947998976732,0.00653408713226886
0.00290124669557997,0.000875114480542519,0.00569795121584299,0.00716093999023531,0.00697180097391085,0.00170318386349161,0.00307635847872674,0.00646841655897736,0.00901966371732937,0.00856650744649155,0.00265517802556042,0.00435850744009907,0.00308069361372044,0.00381551185684065,0.00767487576843762,0.00387531142041691,0.00434028336716895,0.00552320089867894,0.00277786533743828,0.0065374817722079
0.00290342086043304,0.000876238285150795,0.00570243454143791,0.00716165254894469,0.00697743464513776,0.00170369068055841,0.00308174647533859,0.00647796810553902,0.00902666614434594,0.00856253601595557,0.00265397194806052,0.00435598654933372,0.00308198948214047,0.00381555585848078,0.00767359385656859,0.00387683786823628,0.00435073740934723,0.00551883117464672,0.00277868315832501,0.00654144161082667
0.0029047720839047,0.000876132501552569,0.00570254622751038,0.00716417395614363,0.00697819992873137,0.00170367583677288,0.00307767716307185,0.00648063430488545,0.00903204097995699,0.00856627536221559,0.00265794063992398,0.00435994149474422,0.00308284549252336,0.00381429520153464,0.00767222261159182,0.00387649949903159,0.00434679222043459,0.00552300321620012,0.00278202667587121,0.00654557493563719
0.00290197131170943,0.000875592256004317,0.0057004932037198,0.00716005330253036,0.00697695283474415,0.00170344034676197,0.00307775578495884,0.00647196385167646,0.00903019991318788,0.00855551470142481,0.00265649936133174,0.0043538804622419,0.00308132771170697,0.00381256506809215,0.00766947815777313,0.00387556023571484,0.00434273641526312,0.00552254500134189,0.00277869460701012,0.00653778957850855
0.00290126714357095,0.000875640244509402,0.00570169806869771,0.00715850340369801,0.00697409728246494,0.00170728392509568,0.00307549918672155,0.00647467818700226,0.00902490889283444,0.00857164723765564,0.00265338404837047,0.00435672062571651,0.00308860323095573,0.00381997806530478,0.00767001770825511,0.00387818819911621,0.00434409653484333,0.00551588195438692,0.0027846127126336,0.00653579994458608
0.00290566887128686,0.000876198312218736,0.00570393524118146,0.00716370692776895,0.00697716767417589,0.00170572653644919,0.00307921456216909,0.00647816829176236,0.00904271197255468,0.00855724945856297,0.0026548842478683,0.00435975078393021,0.00308761682631347,0.00381565075599843,0.00767423702634242,0.00387993315571246,0.00434659312492492,0.00552602386767965,0.00278158107602961,0.00654478159339353
0.00290507471234897,0.000876138204785017,0.00570457471922647,0.00716604026579244,0.00697998340762964,0.00170528271694491,0.00307938818896207,0.00647835144808717,0.00902849350087032,0.00856947620558003,0.00265677794506208,0.00435878685172481,0.00308467317698895,0.00381570540926233,0.00767449190095583,0.00387987785860066,0.00434387543606728,0.00552625873267171,0.00278152979632562,0.00654229164375861
0.00290348918457489,0.000875370244173207,0.00570018440390505,0.00716300298437084,0.00697958307127151,0.00170500204546326,0.00307735004753101,0.00647993958588938,0.00902231773799624,0.00855610544109134,0.00265381867264423,0.00436090083803805,0.00308219074859396,0.00381573196052803,0.00767137551059113,0.00387610269996805,0.00434709532210232,0.00552005518915309,0.00278102439496235,0.00653787575979846
0.00290404736962451,0.00087653712794305,0.00570610254292497,0.00716664906950899,0.00698170035462921,0.00170604730954274,0.00308110459885445,0.00648185724556688,0.00903585459709661,0.00856615406385934,0.00265827522647033,0.00435909175607069,0.00308469831271356,0.00381597841446018,0.0076781864598151,0.00388105868013326,0.00434706589731465,0.00553159802161576,0.00278061619311602,0.00654392301242181
0.00290549560728059,0.000876400075460502,0.00570461995331644,0.00716412467486831,0.00698062651177388,0.00170625230989044,0.00307976126396542,0.00647736696217958,0.00902879056278803,0.008562635615539,0.00265574305424761,0.00435609735573551,0.00308690798761986,0.00381501353421305,0.00767832119131503,0.0038788207592195,0.00434273754978645,0.00552357064343063,0.00278012335955105,0.00654588014182516
0.00290072455629561,0.000875806661486482,0.00570409925811566,0.00716456398269596,0.00697689658808789,0.00170421445462211,0.00307725176630438,0.00647446445623736,0.00902558193616207,0.00855794918036616,0.00265328980267087,0.00435575431593253,0.00308292633679009,0.00381543367417718,0.00767482423347353,0.00387641577432267,0.00434263896411603,0.00551804290956418,0.00277892368403392,0.00653832373474521
0.0029052001080995,0.000876200086618831,0.00570598383730039,0.0071638766290311,0.00697956737834932,0.00170437699971262,0.00307874195697072,0.00647850821644406,0.00904032818519475,0.00856125470955514,0.00265913858198479,0.00436002850542773,0.00308418865913428,0.00381694116899892,0.00767724248217179,0.00388214560684772,0.00434588222111523,0.00552299263771051,0.00278021849004341,0.00654185095342776
0.00290518087076281,0.000876007079387381,0.00570233450889747,0.00716221983956241,0.0069783389359976,0.00170520160870555,0.00308675763407022,0.00648083051483855,0.00903639916478038,0.0085612949914129,0.0026566058475679,0.00435586684941859,0.00308651623729442,0.00381550531605429,0.0076733603588733,0.00387941582208598,0.00434706548914983,0.00552379333687559,0.0027816990870463,0.00653825189031039
0.00290294341838269,0.000876257557342533,0.00570531483787131,0.00716640902596945,0.00697606734567903,0.0017058962460643,0.00308217364347882,0.00648115700946455,0.0090351156665442,0.00855766903278228,0.00265860367964538,0.00435935026305404,0.00308366507362949,0.00381640755002559,0.00767735353832161,0.00387851808990039,0.00434489434450908,0.00552840462012154,0.00278032213292393,0.00654285715517768
0.00290850344395811,0.000876374504998284,0.00570665751418122,0.00716653125012967,0.0069784966732957,0.00171935805261471,0.00307951308891854,0.00647881296408335,0.00902596591508325,0.00856438550849458,0.00265967943480199,0.00435980921554299,0.00308317626291664,0.00381868069131007,0.0076730963179489,0.00388045181907593,0.00434528805314517,0.00552010668004824,0.00278105027034151,0.00653980967231842
0.0029099007078661,0.000875441710901482,0.00570001086071451,0.00716633771545647,0.00697360952541542,0.00170311444971032,0.00308115595460978,0.0064722133347998,0.00903111316101078,0.00856357336156593,0.00265525770145918,0.0043537020532979,0.00308474701919357,0.00381619808372097,0.00767358041645935,0.00387730366382807,0.00434249522889903,0.00551598790511525,0.00277883648068184,0.00653654994890562
0.00290212185303262,0.000875758947320294,0.00570351459168497,0.0071594659744236,0.00697704897170211,0.00170513221246528,0.00307979775071542,0.00647547586570652,0.00902954929958355,0.00855961319874933,0.0026583707167351,0.00435707646012242,0.00308278837671316,0.00381483877919556,0.0076713494226301,0.0038767958657544,0.00434335880617714,0.00552806960748027,0.00277949424305234,0.00653945658421897
0.00290841848337114,0.000876156009137564,0.005701445753473,0.0071635396548765,0.00697907128687649,0.00170429615706972,0.00307832094595872,0.00648684830467263,0.00904075495974988,0.00857184255924926,0.00265686739328039,0.00435836169648511,0.00308848495384062,0.00382215739879352,0.00767529469092637,0.00388536437800142,0.00434486009344769,0.00552121779986302,0.00277986755967404,0.00655261796593853
0.00290486075214315,0.000875958921325439,0.00570047138429948,0.00716312900588905,0.00697878155014711,0.00170547372015862,0.00307827369720136,0.0064849785604266,0.00903128176474147,0.00857051966800598,0.00265450473654362,0.00436389308749394,0.00308701454256892,0.00381782793401829,0.00768105477891189,0.00387737068074349,0.0043438037052321,0.00552739100960624,0.0027792477288794,0.00654128670115034
0.00290583928845948,0.000876241498840249,0.0057027937770466,0.00716147291318847,0.00697947611280672,0.00170399361675738,0.0030772328920598,0.00648387309795893,0.00903945425860246,0.00856331923348599,0.00265438122981438,0.00435715792319467,0.0030837808532377,0.00381545343635977,0.00767531027205148,0.00387938440401969,0.00434931317404843,0.0055280058440444,0.00278300274570199,0.00654048675040255
0.00290270776178739,0.000875831145375077,0.00570622639926817,0.0071638396232806,0.00697966690682306,0.0017044864229381,0.00307933512349148,0.00647790617191289,0.00902818644073403,0.00855948327620553,0.00265402297455598,0.00435680584420388,0.00308279868662645,0.00381559416969514,0.00767239227127322,0.00387900317952971,0.00434481717786256,0.00551864010490129,0.00277976965529167,0.00653999385941011
0.00289991288910542,0.000875013675746398,0.00569874225157436,0.00715791716741695,0.00697094319580361,0.00170372125877636,0.00307713023330001,0.00647259684450052,0.00902258044082447,0.00855510298267614,0.00265638855787278,0.00435611348132567,0.00308157268346855,0.00381202384347664,0.00766715948826825,0.00387554747706274,0.0043406472520538,0.00552295378706059,0.00277781913523251,0.00653352668112255
0.00290143339098248,0.000874802612092159,0.00569505337725064,0.0071537822119035,0.00696940542529199,0.00170447250765208,0.00307635837594311,0.00647017625058232,0.00901761865287424,0.00854741833925395,0.00265173994069421,0.00435284382880566,0.0030796353599702,0.00380998423475095,0.00766627240288679,0.00387366061477731,0.00433737092078221,0.00551395819357602,0.00277557584154692,0.00653780697921129
0.00290090509417046,0.000874885189892527,0.00569521780262329,0.00715814520826495,0.00697243659750247,0.00170220934753408,0.003074094896401,0.00646812909179693,0.0090212612318623,0.0085518578459116,0.00265214661218319,0.00435259576192906,0.0030791574129231,0.00381065810278211,0.0076641790243965,0.0038745283685451,0.00433892475866454,0.00551329768454051,0.00277650436946396,0.00653631762782069
0.00290456948095607,0.000876285249596415,0.00570443858024635,0.00716858466345526,0.00698263656866854,0.00170541721820451,0.00308124943122212,0.0064798329970263,0.00902879480017106,0.00856369292670492,0.00265821220554094,0.00435855991951656,0.00308483369276465,0.00381635397151118,0.0076759764968985,0.00388000459012084,0.00434618045089856,0.00552898344350723,0.00278109700847289,0.00654275770072011
0.0029053208840591,0.000875785037108372,0.00569763765033845,0.00716287704369116,0.00697340078696129,0.00170255206468767,0.0030769636940906,0.0064738192526306,0.00902168331218213,0.00855810974907315,0.00265328588961012,0.00435378529307254,0.00308265852447339,0.00382192089497209,0.00767006393029701,0.00387751673942006,0.00434092138489069,0.00551634986942065,0.00277786276320664,0.00653710831308277
0.00290750284112407,0.000876035708380665,0.00570377473726024,0.00716592735046337,0.00698111229824227,0.00170690607389387,0.00307822361460545,0.0064763274660981,0.00902753809674314,0.00856096068064139,0.00265520743611177,0.00435850920718158,0.00308376990499559,0.0038168001414811,0.00767625316571292,0.00387755597724941,0.00434481205058406,0.00552219656400252,0.00277972132478329,0.00653987638367214
0.00290164714065837,0.000876366388429076,0.00569706162375121,0.00716292216326963,0.00697739335368065,0.0017033139991859,0.00307754267690846,0.00647386795888412,0.00903538907160071,0.00855475066343558,0.00265560569743918,0.00435706964697209,0.00308369966667081,0.00381588097491487,0.00767262349387522,0.00387893883766183,0.00434254151951797,0.00551621834797885,0.0027786335768451,0.00654331968978148
0.00290260582317204,0.000875877258366929,0.00570282994318469,0.00716124244331129,0.00697061130098776,0.00170452328383723,0.00307901690093955,0.00647623608885064,0.00902407023668362,0.00855220368007818,0.00265682790524044,0.00435338036576176,0.00308205679853416,0.00381339437531541,0.00767113416211859,0.00387840061663979,0.00434411320382545,0.00552349139271574,0.00277921953960092,0.00653774731223105
0.00289947586068785,0.000875255775314267,0.00569701088510761,0.00715734179500639,0.0069729381569328,0.00170271366930986,0.0030799835524159,0.00646983873174724,0.00901961345865387,0.00855742698884713,0.00265144719155305,0.00435235885597789,0.00307999592174163,0.00381147128146872,0.00766457572244132,0.00387400539441758,0.00433922732240382,0.00551390876283342,0.00277678111866516,0.00653387888897426
0.00290617685703995,0.000875563608224625,0.00570051794299288,0.00715962757061317,0.00697659318789814,0.00170663531897583,0.0030803706413784,0.0064727903722744,0.00903132211830401,0.00856167420627595,0.00265585496513101,0.00435648012300583,0.0030835446502373,0.00381844729028878,0.0076735458721539,0.00387697463710074,0.00434497901015482,0.00551817214254335,0.00277980781753971,0.0065412565671497
0.00290582063672691,0.000876236797975628,0.00570608682873147,0.0071662512469461,0.0069791814254292,0.00170619130192741,0.0030808570551284,0.00648104666998072,0.00903658890635258,0.00856469234670273,0.00265851732988974,0.00435974814767139,0.00308444027891824,0.00381549625185388,0.00767985970135971,0.00388007948115663,0.00434651096230449,0.00553007696242356,0.00278234077662831,0.00654196451250374
0.00290311755787371,0.000875890863683635,0.00570393999126454,0.00716261720547733,0.00697466724315526,0.00170430084622723,0.00307560369476423,0.00647690084210686,0.00903224758848166,0.00856126932921805,0.00265415474860483,0.00435760212664875,0.00308329919238524,0.00381547735204451,0.00767527688543897,0.00387747445989731,0.00434330653012228,0.00552082719509469,0.00277947876226032,0.00654147307785884
0.00290304699686767,0.000876045503503767,0.00570261893346262,0.00716522944072508,0.00697923547820173,0.00170562754950536,0.00307989246315117,0.0064784180149594,0.00902852812922849,0.00856372959670943,0.00265607910198342,0.00435757677119434,0.0030861491730161,0.0038167881287598,0.00767392849845073,0.00388115332873584,0.00434696003749902,0.00551960739153019,0.00277990569651809,0.00654184123877808
0.00291052855773116,0.000876891270151704,0.00571098529445231,0.00716655072216128,0.00698232533845214,0.00170520958009826,0.00307956594535782,0.00648607450193783,0.00904039379508016,0.00857980038340281,0.00266244541374763,0.00436495807439449,0.00308496390650484,0.00381811852445852,0.00769536285518249,0.00388405258365126,0.00434899102940143,0.00552349498172383,0.00278114441215077,0.00654630132319255
0.00290695713010349,0.000876320890203795,0.00570405878955147,0.00716326711500072,0.00697913555776295,0.00170343024488411,0.00308069517837881,0.00648522594072096,0.00903889124709044,0.00855848479521686,0.00265595440518709,0.00436230642499134,0.00308780703843248,0.00381541486426361,0.00767414656550125,0.00388608222659527,0.0043429213937031,0.00552088424834152,0.00278322999950065,0.00654656701766872
0.00290455320957334,0.000876447858668953,0.00570844072265892,0.0071672385496335,0.00697961685914186,0.00170597087067261,0.00308149075146464,0.00648063423516888,0.00903359851030521,0.00856262177767683,0.00265801008362509,0.00436018206674589,0.00308532240332383,0.00381607325792378,0.00767778170179043,0.00387981393625718,0.00434763361145736,0.00553285237604583,0.00278151464116166,0.00654542442427098
0.002903746366538,0.00087660254052899,0.0057044088076462,0.00716502620050475,0.00698046398743447,0.00170482978932268,0.00308030295416838,0.00647907848560001,0.00903240157300882,0.00856167880064686,0.00265754119338349,0.0043573873557965,0.00308357560730202,0.00381660165600084,0.00767392980932561,0.00387966296405239,0.00434487286160916,0.00552833539246618,0.00278047559702749,0.00654151996202436
0.00289962285563956,0.000874983500964908,0.00569601708057672,0.00715536897503512,0.00697264228107675,0.00170201434349646,0.00307356067310757,0.00646843245406903,0.00901724965083636,0.00855158909878162,0.00265075852021969,0.0043507204621276,0.00308109855290307,0.00380981984917014,0.00766501010085257,0.00387444519167697,0.00433776056082572,0.00551252846719149,0.00277633261696747,0.00653412344544511
0.00290594088469642,0.000876304988184468,0.00570716351169304,0.00716466633578146,0.00698485319412038,0.00170437865093038,0.00307734687309976,0.00648417567937337,0.00904479669626364,0.00856489456816927,0.00265566262243812,0.00435734911900186,0.00308609446018068,0.00381698739266967,0.00767523768478353,0.00388018870902094,0.00434692864643322,0.00552711681349014,0.00278099620960728,0.00654102284581322
0.00289988402700592,0.000875169351261564,0.00569770031214039,0.00715814204067933,0.00697247671687422,0.0017035181918009,0.00307545543055262,0.00647174217319134,0.00901961136840253,0.00855574591391891,0.00265186037645939,0.00435311658988791,0.00308140526366007,0.00381118248007784,0.00767309251960861,0.00387623841300201,0.00433988997178326,0.0055173445830867,0.00277967245414019,0.00653628211717443
0.00290190726786548,0.000876053170744174,0.00570151991701757,0.00716565852929002,0.00698079006392704,0.00170431768223809,0.00307764518902455,0.00647585262596803,0.00902586299544621,0.00855967887126921,0.00265512659975592,0.00435995525179182,0.00308456698734101,0.00381696283831538,0.00767255670879248,0.00388005852235323,0.00435845341253686,0.00552076831874754,0.00278113082980518,0.00654233301580091
0.0029031738565487,0.000875264200760515,0.00569911918663558,0.00715728738345463,0.0069710336598242,0.00170414457168322,0.00307432894475845,0.0064754711848436,0.00902180339954572,0.00855256967384706,0.00265646731828653,0.00435862723035259,0.00308482941559426,0.00381143034597815,0.0076701531742862,0.00387844215473973,0.0043410329613267,0.0055157723215467,0.00278750611508139,0.00654422544927905
0.00290528461430515,0.000876479332953292,0.00570692622125773,0.00716916691384183,0.00698108405332777,0.00170579592759703,0.00308134730198542,0.00648190504003275,0.00903230319378483,0.00856185517341295,0.00265827922801247,0.00436115651501465,0.00308570030272238,0.00381619581707973,0.00767497733723438,0.00388091797985731,0.0043480805226489,0.00552974752034543,0.00278124780102088,0.0065448967342056
0.00290572710362349,0.000876488821740978,0.0057066009866358,0.00716774756383489,0.00698109743013221,0.00170795884270755,0.00308087249762131,0.00648290796374249,0.00903613338074577,0.00856451712995954,0.0026585254653361,0.00435965204950393,0.00308467924130939,0.00381695236155209,0.00767894942820842,0.00387976505426453,0.0043474586477677,0.0055297484468188,0.00278083658593302,0.00654313730862801
0.00290419630840975,0.000876389846245881,0.00570567076168575,0.00716799282135925,0.00698201025344587,0.00170612489355988,0.00307861170275654,0.00648145958516024,0.00903709670653184,0.00856574740117631,0.00265664250053787,0.00436259780391653,0.00308570399163386,0.00381771743985785,0.00767970616613221,0.0038804083906753,0.00434663453398293,0.00552191697654959,0.00278133562450473,0.00654418418511297
0.00290679453872834,0.000876506893074247,0.00570602511335279,0.00717007474367392,0.00698501916290307,0.00170571270996347,0.00308210047825629,0.00649037697700904,0.00904235567869897,0.00856780988836856,0.00265686514403609,0.00436370993887833,0.00308693532567371,0.00382386927144277,0.00768359776474927,0.00388686025862524,0.00434669109508331,0.00552343228119276,0.00278383292180048,0.00654600694240664
0.00290672464113826,0.000876157807613467,0.00570586587010744,0.00716578493756405,0.00697929810294611,0.00171065936419327,0.00308065394818071,0.00648533742555665,0.00904492222464616,0.00856353916493134,0.00265621195355606,0.00435874632691528,0.00309635509453607,0.00382133787837454,0.00767276078027945,0.00387949084504993,0.00434784613579498,0.0055266416164425,0.00277973561949594,0.00654426724878109
0.00290195918961437,0.000875774211335724,0.00570070773349477,0.00716386965067967,0.00697763399061011,0.0017038841527832,0.00307740823511686,0.0064750508352076,0.00902849514477023,0.00856079160490829,0.00265412049636784,0.00435744034696711,0.00308197708798232,0.00381551599899441,0.00767101387820179,0.00387862624377678,0.00434419883948295,0.00551753751050709,0.0027787517623286,0.00653833111047726
0.00290428119392579,0.000876212159983022,0.00570489132937768,0.00716457638868352,0.00698385902727287,0.00170463687596368,0.00307869686613438,0.00648228157980795,0.00903058387437501,0.00857224512206797,0.00265663914607249,0.00435898751330628,0.00308519164392588,0.00381782073892834,0.00768236492838591,0.00387869459021323,0.00434528570141904,0.00552133525183185,0.00278293300626836,0.00654055804379482
0.00290191156833232,0.000875887447317736,0.0056997610491251,0.00716163751926953,0.00697819796910057,0.00170552928086049,0.00307962986573316,0.00647546859472352,0.00903247565153185,0.00857674325003592,0.00265626372848287,0.00436110703638686,0.00308403725522227,0.0038135604253648,0.00767301310395149,0.0038789596798819,0.00434478285400295,0.00552277073643259,0.00277961643346175,0.00654046952438097
0.00290387348325643,0.0008755458593489,0.00569886642094485,0.00716236341109743,0.00697386583860106,0.00170366488540072,0.00307931224318654,0.00647316988101762,0.00902534084711674,0.00855805842289131,0.00265604727139967,0.00435568853953104,0.00308543584297634,0.00381365488918207,0.00766962134583396,0.00387627563702271,0.00434638983354976,0.00551927122854351,0.00277860631415466,0.00653715781917555
0.00290258054275377,0.000876129660551498,0.00570636993523111,0.00716467695338889,0.00697899882417394,0.0017039751328476,0.00307676462850959,0.00647627445396715,0.0090275611759286,0.0085601474880807,0.00265327039498061,0.00435689157960768,0.00308313181157084,0.00381568338886743,0.00767271755241367,0.00387773477435881,0.00434344688010313,0.00552242004397081,0.00277947470173365,0.00654199162160872
0.00290498451980355,0.000876658190732602,0.00570704070273718,0.00716334700711272,0.0069835692106431,0.00170568292121161,0.00308172779115012,0.00648228948808447,0.00903857698565049,0.00856480332185706,0.00265864884540999,0.00436139960006439,0.0030871119949182,0.00381715637191715,0.00767824274138983,0.0038805896557991,0.00434712812410586,0.00553086164771358,0.00278180906211314,0.00654439895947524
0.00290382034418359,0.000875162944017457,0.00569931771867067,0.00715758825403548,0.00697575758609814,0.00170388469351722,0.00307441120163259,0.00647843194497076,0.00901860433423666,0.00854943243605176,0.00265110554917527,0.00435880811492133,0.00308380552136439,0.00381488578284826,0.00766613110490748,0.00387491763234488,0.00434108411670017,0.00551577120151523,0.00277761747722525,0.00653553382100714
0.00289772890775389,0.000874923632187315,0.00569411576868891,0.00715558103423454,0.00697082443637642,0.00170249156931976,0.00307251677007188,0.00646827841380599,0.00901629154084294,0.00855028264248401,0.00265012803185285,0.00435138885445424,0.00307939352992478,0.00381030031253605,0.00766426898444846,0.00387399430308553,0.00433761235290077,0.005513350822928,0.00277661288175903,0.0065330260653766
0.00290250831492568,0.000875747734849682,0.00570500207557058,0.00716448790435865,0.00697751546903534,0.00170595859828133,0.00308221719512587,0.00648062811392299,0.00903370354586082,0.00856104511977211,0.00265907903424824,0.0043580674046662,0.00308429046435865,0.00381494526723774,0.00767544822196556,0.00387968528625291,0.00434556080739994,0.00552701301731445,0.00277998513829615,0.00653841338740012
0.00290342339740794,0.000875240311160484,0.00569472360838506,0.00715872756167269,0.00697183143278575,0.00170422629146528,0.00308607370834164,0.00646978882052852,0.00902656017419452,0.0085652222136634,0.0026634890690498,0.00434963910511963,0.00308041237350231,0.00381014387906771,0.00767758803217874,0.00387169722284154,0.00434081095985925,0.00551260164192927,0.00277811882576701,0.00653252790323994
0.00290260968706471,0.000876148724348075,0.00570193354822268,0.00716068303514734,0.00697833906978544,0.00170516463103482,0.00308070268224601,0.00647881235353105,0.0090358135107849,0.0085577995665132,0.00265700202599127,0.00435769667607156,0.00308348358003815,0.00381573650776739,0.00767609153248454,0.0038788349976532,0.00434458876587943,0.00552919992146837,0.0027803076432381,0.00654269712024579
0.00290745556342392,0.000874933601781896,0.00569617156706357,0.00715626513040867,0.00697092553581255,0.00170297960116156,0.00307463101774815,0.00647444745918347,0.00902331928772742,0.00855438093018167,0.0026543964464876,0.00436103140439889,0.00308026441623527,0.00381916113699196,0.00767850212799579,0.0038821877891082,0.00434153426933278,0.00552471766707124,0.00278337343418177,0.00653578202949279
0.0029029614298657,0.000876583294022642,0.00570711970900896,0.00716825136305385,0.00698422709821836,0.00170710622852746,0.00308355691175565,0.00648378876832774,0.00903588158737993,0.00856858998839208,0.0026582915523489,0.00435978531907509,0.00308536970314423,0.00381849856912843,0.00768042790588841,0.00388270740941476,0.00434719217186825,0.00552996502292077,0.00278163385538419,0.00654459466329092
0.00290476190402399,0.000876071380494256,0.00570382249056535,0.00716267480919654,0.00698189345420595,0.00170539109123667,0.00308822504194752,0.00648000281009092,0.00903213573564492,0.00855802221512963,0.00265526432494339,0.00435566920516835,0.00308304644178724,0.00381797525222812,0.0076740456184667,0.00387859415803232,0.00434223708003669,0.00552038160122745,0.00278235441000857,0.00653887471348925
0.00289933740412427,0.000875455847343452,0.00569713144377643,0.00715919063649778,0.00697114966813461,0.00170297134291962,0.0030748790733941,0.00647105690889638,0.00901863626479246,0.0085541322225759,0.00265242443949458,0.00435248683498816,0.00308186979411066,0.00381383529872239,0.00766550099290127,0.00387579512308848,0.0043401365830255,0.00551246471494037,0.00277722175504996,0.00653548656518956
0.00290294199121082,0.000876382481636462,0.00570646897706972,0.0071636309927147,0.00697773862478425,0.0017060564381986,0.00308144130332986,0.00648110838498448,0.00903457116479498,0.00856432467604439,0.00265815006405937,0.00436110045381492,0.00308502047645705,0.0038176567142054,0.00767690338401646,0.00388066641436549,0.0043465364504658,0.00552987870736105,0.00278164342375808,0.00654339625456257
0.00290521663380442,0.000875567111698484,0.00570223030679539,0.00716154999229198,0.00697580044458119,0.00170333850016181,0.00307911836756496,0.00647228069632649,0.00903679441300067,0.00855578965484909,0.00265343514654065,0.00435803790083567,0.00308216997554377,0.00381515010072714,0.00766924769410376,0.00387660525099893,0.00434652982972243,0.00552296453972387,0.00277863158021786,0.00653780810956103
0.00290306941907167,0.000875412990908017,0.00570012026454862,0.00716009847745217,0.00697617763312103,0.00170309286314043,0.0030759083652122,0.00647461165584025,0.00902691427510202,0.00855678966375314,0.00265596735183398,0.00435451570197693,0.00308136447460874,0.00381353112541204,0.00767143904030268,0.00387744544983283,0.00434181513059978,0.00552365866921795,0.00278740037848016,0.00654343525617507
0.00290727365875292,0.000876002509960887,0.00570264566299888,0.00716421219998302,0.00698871512537274,0.00170695689689266,0.00307817743714397,0.00647709589965042,0.00902792607575259,0.00855921509741807,0.00265509250780364,0.00436781446166553,0.00308623535666797,0.00382260212312515,0.00768460194590641,0.00387993070532192,0.00434371986338749,0.00552395886446405,0.00278149447775609,0.00655232145054065
0.00290318352058447,0.000876799459585125,0.00570243137820983,0.00716181382681425,0.00697601627541116,0.00170519360965902,0.00307595413912848,0.00647509921163173,0.00902796155145331,0.00855949117840167,0.00265721525465812,0.00435665265816178,0.00308392393824085,0.00381485946709759,0.00767721777227994,0.00387849477363503,0.0043445816382979,0.00551837102045659,0.00278066931567418,0.00653871507262643
0.00290236071479434,0.000875551018584569,0.00569881593913034,0.00715200208556996,0.00696909510505818,0.00170310920679866,0.00307654343935139,0.00647492659539752,0.00901592129940223,0.00855728336497784,0.00265317161188549,0.00435664992285221,0.00308113286305578,0.00381403606087032,0.00766833579130311,0.00387311684849732,0.00434491445827262,0.00551383359148807,0.00277745672426186,0.00654201787664029
0.00290060579389323,0.000875734770445946,0.00570199047652541,0.00715922710507609,0.00697239218864919,0.00170266286681754,0.00307651908457115,0.00647260360567558,0.00902386989105529,0.0085574036063421,0.00265210981909253,0.00435313538752091,0.0030816286182497,0.00381281667754433,0.00766885317216579,0.00387792420111914,0.00434147896929152,0.00551639042285465,0.00277857643884147,0.00653571112832492
0.00290222927239629,0.000875875702633842,0.00570342788537193,0.00716380622291003,0.00697943398850549,0.00170499126248529,0.0030788730484313,0.00647954630992273,0.00903005658625591,0.00856317422380106,0.00265759363472143,0.00435933107596303,0.00308280834950256,0.00381459825654285,0.00767353445599082,0.00387984839109383,0.00434695689832442,0.00552613374223012,0.00278155977803581,0.00654048256000188
0.00290339047775106,0.000875362274517106,0.00569775474955355,0.00715751375522003,0.00697145167310502,0.00170231040409674,0.00307405180003831,0.00647065891565269,0.00902011827250651,0.00855349668724543,0.00265402343518906,0.00435293284705125,0.00308497080636761,0.00381417753789992,0.00766635695942892,0.00387491007262967,0.00434039111423216,0.00551332079545386,0.00277760281858868,0.00654435313036818
0.00290962411983699,0.000875879847205368,0.0057047803677602,0.00716718606795027,0.0069846610995927,0.00170674486126231,0.00308362929830073,0.00647812322308464,0.00903265984759384,0.00856101134624581,0.00266000677373507,0.00436318504375475,0.00308427813800115,0.00381717291449691,0.00767711175526682,0.00387765908767199,0.0043470679318781,0.00552957179730426,0.0027799368487632,0.00654236303219693
0.00290404881365797,0.000876055365668831,0.00570306323162581,0.00716553022897363,0.00697716363510285,0.00170555761439195,0.00307952930045064,0.00647940526938821,0.00902864264737928,0.00856621018258202,0.00265780627662787,0.00435828691069455,0.00308538973064179,0.00381565092653242,0.00767258394777012,0.00388013675231973,0.00434372961447376,0.00551983893716938,0.00278183559182364,0.00653894881146656
0.00290462896863737,0.000876541001540277,0.00570052155136238,0.00716981403118354,0.00697148952083043,0.00170518915827705,0.00307819013216894,0.0064756819276453,0.00903289925160678,0.00856634815983783,0.00265317699856451,0.0043575488620994,0.00308229434615705,0.00381543438151359,0.0076739239586697,0.00387911432116938,0.00434248601459572,0.00552343251307634,0.00277984696308876,0.00654297343667765
0.002899289058228,0.000875780092858619,0.00569864304923108,0.00715959784806128,0.00697558852185129,0.00170307085767465,0.00307637466630595,0.0064694442108513,0.00902149302126572,0.00855460449215961,0.00265241751715403,0.00435377122520797,0.00308061380208253,0.00381185935604534,0.00766750930737226,0.00387649398596389,0.00434035376916871,0.00552486537712771,0.00277892278963973,0.00653257184970236
0.00290120185024096,0.000875421710781724,0.00569977076008294,0.00715549485302282,0.00697417614428061,0.00170352467701124,0.00307777805857276,0.00647506175732336,0.00902775777812877,0.00855173390724854,0.00265592472643746,0.00435603562226165,0.00308170662303114,0.00381388174958587,0.00766961784928391,0.00387862981812489,0.00434092857564753,0.00552220917866887,0.00278058733629926,0.00653691220665887
0.00289713091123282,0.00087436510217836,0.00569298289779848,0.00715025268280138,0.00696708409406772,0.00170167040834526,0.00307318246634262,0.00646544671778918,0.00901429460456399,0.00854389253259818,0.00265007384797468,0.00434767814477792,0.00307795566569699,0.00380906432824913,0.00765901420975583,0.00387250207961813,0.0043361267706624,0.00550750804078875,0.00277571320616779,0.00652898794066779
0.00290242050232677,0.000875720604653902,0.00570048524879345,0.00716305297553813,0.00697632020814987,0.00170457658967136,0.00308016540469146,0.0064724127882531,0.00902902136249629,0.00855771713428883,0.00265786489180248,0.00435518395379138,0.00308129320847592,0.00381356272582307,0.00767223111530398,0.00387810391926637,0.00434458988295932,0.00552833379804875,0.00277891759245484,0.00653690292897558
0.00290599206387513,0.000875627657219731,0.0057030756580468,0.0071579275210385,0.00697775965966154,0.00171063853693614,0.00307804891426075,0.00647520953711928,0.00902848112492844,0.0085671482654015,0.00265809713462533,0.00435582995512776,0.00308367725686793,0.00381990317704903,0.00767019912340533,0.00388222506606451,0.00434752264508698,0.00552148289836011,0.00277930485685392,0.00653898333664052
0.00290110675343395,0.000875688783421095,0.0057013644072811,0.00716119545243677,0.00697678549805057,0.0017037612604286,0.00307701859769821,0.0064741546977373,0.00902429548986398,0.00855962390808119,0.0026533995649993,0.00435426876102714,0.00308185735444184,0.00381355644113838,0.00767444307530464,0.00387719011657992,0.00434400374445652,0.00551777474283972,0.00277889814555283,0.00654234890416242
0.00290446750172822,0.000875853644668099,0.00570257293718661,0.0071685721603155,0.00697897631973136,0.00170508406317773,0.00307932984609138,0.00647917404577666,0.00903249813548688,0.00856793960080413,0.00265417115643748,0.00435814096211743,0.00309303410440226,0.00381554627413292,0.00767525796121584,0.00387912430136109,0.00434540833437954,0.00552314747706719,0.00279089659141054,0.00654658038108177
0.00290449945160771,0.00087607178333209,0.00570102324244726,0.00716259884833032,0.00698007602004369,0.00170652884992716,0.00307796308848178,0.00647711143102137,0.00903250309230185,0.00856098086032677,0.00265499336467167,0.00435795592441831,0.00308610059898792,0.00381518607821973,0.00767570714563493,0.00387816723039163,0.00434548669966814,0.00552632233862949,0.00277982283594927,0.00654234326723562
0.00290126511811132,0.000874788265717173,0.00570070196718466,0.0071542298229171,0.00697059373411543,0.00170437921829529,0.00307897293078095,0.00647402120250022,0.00902876401401467,0.00855437671263435,0.00265574854157626,0.00435568345846259,0.003082230862159,0.00381408112045351,0.00766571171665316,0.00387426507558947,0.00434154077509227,0.0055239201376904,0.00277779101027126,0.00653716805547501
0.00290104148819712,0.000875340686907777,0.00570343855086135,0.00716231941014774,0.0069713736764436,0.00170432469958497,0.00307593069757871,0.00647276215742422,0.00902714966145272,0.00855600692400824,0.00265536147370216,0.00435388327583229,0.00308240862221982,0.00381386695963381,0.00766508898771133,0.00387655768759897,0.00434000359470802,0.00552291127043413,0.00277797445403796,0.00653381838384091
0.002904809148875,0.000875900560834817,0.00570249177704056,0.00716142147646105,0.00697849730916226,0.00170389629282272,0.00307613984741209,0.00648115709009913,0.00902737420769902,0.00856845802287252,0.00265417721739103,0.00436199132557081,0.0030824355768111,0.00381461303556179,0.00767215530855237,0.003876807269694,0.00434285396154168,0.00551779472865216,0.00277869364816508,0.00654444195681178
0.0029041895123756,0.000876556412292125,0.00570494009786835,0.00716465625634629,0.00698308378770594,0.00170686932442445,0.00308187511028988,0.00647981166401589,0.00903582105293963,0.00856343174862037,0.00265894630680584,0.00435730380797012,0.00308406199330575,0.00381567724802405,0.00767855555015939,0.00388205828308967,0.0043457036252182,0.00553110123639241,0.00278164337535009,0.0065423610592841
0.00290633105578765,0.00087609226327661,0.00570480918200954,0.00716195221568598,0.00697997521035157,0.00170575088983543,0.00307852199180415,0.00647842026710929,0.00902589319571046,0.00856116104600943,0.00265547656661275,0.00436148736055025,0.00308744926596993,0.00381545561680396,0.00767113599650943,0.00387864779268656,0.00434865146226626,0.00552102525263341,0.00277952903189768,0.00654879547256869
0.00290488390719925,0.00087652130899962,0.00570592738386142,0.00716376992755599,0.00698583916812468,0.00170625314937042,0.00308227545114425,0.00648029748336415,0.00903563507110503,0.00856579927974975,0.00265968848493475,0.00436122197332477,0.00308610232742368,0.00381706830862614,0.00767728401462818,0.003880587049537,0.00434691565479065,0.00552999469172517,0.00278230165439705,0.00654222445581801
0.00290362947454997,0.0008762611231539,0.00570146681048952,0.00716736952226525,0.00698349505218492,0.00170573557870614,0.00308275545108381,0.00647880382817199,0.00903488441590004,0.00856475819300638,0.00265815398346829,0.00435626346977627,0.00308429762008807,0.00381691371871354,0.00767861341344511,0.00387987308016037,0.00434608863005543,0.00552365089891601,0.00277948891926344,0.00654231918564319
0.00290321518832187,0.000875265421436709,0.00570091485343386,0.00716436526182784,0.00697400130528157,0.00170538172352405,0.00307971020376686,0.00647765052890898,0.00903330190651651,0.00855760530970657,0.0026573898222085,0.00435677109078265,0.00308315332837001,0.00381351920599609,0.00767359684309865,0.00387729961292675,0.00434215207521545,0.00552567953721734,0.00277915287976863,0.00653840012400246
0.00290517458847687,0.000876186234528873,0.00570204461315105,0.00716393625817472,0.0069776851902597,0.00170574367324478,0.00308990382215815,0.0064797946502494,0.0090340381623923,0.0085623966209787,0.00265792780292664,0.00435935069257734,0.003084597180281,0.00383542765665089,0.00768060567107213,0.00390160819673858,0.00434523655908342,0.00552600842785565,0.00278017674555806,0.00654294843927559
0.00290552655751322,0.000876852939424667,0.00570629012840642,0.00716737418687655,0.0069820119011674,0.00170471745618435,0.00308208707861583,0.00648100727484072,0.00903502704621152,0.00856715029028482,0.00265953216533244,0.00436044466858628,0.00308412339786622,0.00381783187277121,0.00767946814014614,0.00388218749123312,0.00435042522109865,0.00553037526861958,0.00278130706878968,0.00654239777860611
0.00290059189691548,0.000875962012713368,0.00570202701953482,0.00716023970182643,0.00697371748440241,0.00170382028491457,0.00307616742991829,0.00647288770599307,0.00902465482852958,0.00855924416276089,0.00265300211734694,0.00435662682352562,0.00308302379284266,0.00381285824289827,0.00766782832098316,0.00387569873610649,0.00434301399677216,0.0055172450056937,0.00277835478390866,0.00654008710562859
0.00290577225223011,0.000876611275607417,0.00570632271197301,0.00716490513408739,0.00698002229029262,0.0017051624845498,0.00308113407474031,0.00647764610859418,0.0090358502325697,0.00856581918949417,0.00265604091050983,0.00436117452146126,0.00308418811377044,0.0038158434401629,0.00767590662668283,0.00388127429609547,0.004349022798952,0.00552495500478318,0.00278068663849513,0.00654902283157386
0.00289833035260363,0.000874888455983701,0.00569607684052138,0.00715358608688779,0.00696984512836742,0.0017016178333605,0.00307247341533982,0.0064700001882415,0.00901451306658324,0.00855000066471446,0.0026504004231345,0.00435163539132278,0.00307846722101758,0.00380927572316925,0.0076635741896307,0.0038727228904947,0.00433710736464674,0.00551112430571555,0.00277554345936227,0.00653095300236438
0.00289803494386246,0.000874819109406051,0.00569789696668703,0.00715245912215407,0.00696763718597334,0.00170294798695198,0.00307287459606867,0.00646855042524162,0.00902316913453089,0.008547045954137,0.00265614507287827,0.00435124555028455,0.0030795948144107,0.00381360693998592,0.00766767789502579,0.00387691852960499,0.00434056886019051,0.00551424296228855,0.00277767588127305,0.00653321588635811
0.00290074678717975,0.00087558246789101,0.00569825527773271,0.00715550202883908,0.00697742894815228,0.00170275827269708,0.00307718205182402,0.00647265309773365,0.00902310626678393,0.00855859252778199,0.00265644110762495,0.0043568994885902,0.0030817367963632,0.0038151061662688,0.00767052310811057,0.00387878188185163,0.00433988243442195,0.00551615441013992,0.00277855256100468,0.00653870261921782
0.00290752157767739,0.000876778364808782,0.0057071974181419,0.00716767967187628,0.00698265921744992,0.00170451059047119,0.00308032632705386,0.00649113501077841,0.00903699252626316,0.00857706132781225,0.00265665227649339,0.00436142118142225,0.0030849712115814,0.00381707305800333,0.00768114990290229,0.00388577887765212,0.00435327721658081,0.00552258966484659,0.00278269820798463,0.00654749884663978
0.00290370393030552,0.000875131467811099,0.00569840247516586,0.00716327061389156,0.00698064043846846,0.00170723633320028,0.00308640091325872,0.00647219970789018,0.00903381271418579,0.00855476597959517,0.00265691626763078,0.00435759936650118,0.00308372123694388,0.00381459830353987,0.00767375628295989,0.0038792585403448,0.00434397463136744,0.00552026975972563,0.0027796650894353,0.00653653266837058
0.00290439350749699,0.000876560527062381,0.00570761247173105,0.00716922466225867,0.00697889984537332,0.00170738003954032,0.0030824418554655,0.00648380440382569,0.00903558157087535,0.00856799605466629,0.0026590810953436,0.00436141092567162,0.00308554347010758,0.0038168414465995,0.0076768681462538,0.00388151129694797,0.00435039683637325,0.00553167850163843,0.0027829340730771,0.00654470373604071
0.00290257381818422,0.000876498804133999,0.00570595829852961,0.00716640465678119,0.00698198295199742,0.00170525614717755,0.00308262152314097,0.00648320340607075,0.00903730058979003,0.00856390148324876,0.00265855655587786,0.00436030761528678,0.00308586335882816,0.00381964449918879,0.00767668736728742,0.0038803573366761,0.00434766803368269,0.00553240738066393,0.00278121965344361,0.00654454970486961
0.00290622319898792,0.000876996468917533,0.00571048598061031,0.00716777431722834,0.00698810081350754,0.00170554401169921,0.0030811733257438,0.00649063600907332,0.00904103535106245,0.00857009774829918,0.00265621740100492,0.00436210044040116,0.00308690978044885,0.00381877431249509,0.00768089823352896,0.00388212345477903,0.00434733130765358,0.00552926268891695,0.00278500799321794,0.00654307848284889
0.00290377242587217,0.000874733686510823,0.00569724869098474,0.0071610232410737,0.0069691752353969,0.0017036554510773,0.00307333033094132,0.00647830300650124,0.0090270266953397,0.00856303580567792,0.00265411829725576,0.00435357086450044,0.00308245781881107,0.00381853870662875,0.00767278372460489,0.00387769339424841,0.00434379427311917,0.0055192717590644,0.00278142136570283,0.00654427752587246
0.00290044773316793,0.000875522417188419,0.00570213898444202,0.00715521742280756,0.00697616541537448,0.00170327359541197,0.00307903497671123,0.00647470363397172,0.0090290313223152,0.00855930389500883,0.00265613364013146,0.00435582575974864,0.00308120466888706,0.00381408060166747,0.00767259751955166,0.00387654746053503,0.00434310658354049,0.00552212014349147,0.00277747702965604,0.00653461683106489
0.00290955984145921,0.000876376786197084,0.00570575366368058,0.00717215541088095,0.0069853333721528,0.00170511924442206,0.00308001247242169,0.00649330894196454,0.00903704346515147,0.00858154732572828,0.00265824560345573,0.00436235008741474,0.00308578139385402,0.0038211957084131,0.00769075974900425,0.00388632116604294,0.00434691789761403,0.00552476297475126,0.00278140498504515,0.00654492998506704
0.00290584691055181,0.000876116293238661,0.00570255464541723,0.0071657766122553,0.0069784614658782,0.00170587348380669,0.00308016794378212,0.0064787828290873,0.00903304070987855,0.00856802194890638,0.00265603906160041,0.00436204172966111,0.00308424703103443,0.00381672837166099,0.00767472551843793,0.00388320600681718,0.00434844174032949,0.00552596279659912,0.0027830128074585,0.00654597474290695
0.00290306606640047,0.000875596106604354,0.00570067598878893,0.00716144086761817,0.00697778058191326,0.0017037309558285,0.00307778809060841,0.00647148812308303,0.00903031519022673,0.00856055737644303,0.0026535840662258,0.00435434596159106,0.00308475664914577,0.00381533881267717,0.00767313448039854,0.00387594822429854,0.00434192952106116,0.00552166091708761,0.00278046933032022,0.00653841118880733
0.00290204358684376,0.000875664418677798,0.00570166734671189,0.00716327858037394,0.00697792840618298,0.00170442448966779,0.00307598358111092,0.00647747212936254,0.00903351806485913,0.00855580052313722,0.0026550499970928,0.00435424909003086,0.00308275237134484,0.00381464031562258,0.0076724169129275,0.00387617146003949,0.00434556788845518,0.00551865110325199,0.00277860493982772,0.00654146832646153
0.00290434095744261,0.000875121225819408,0.00569983689927205,0.00715784495426669,0.00697856158776569,0.00170256919286479,0.0030754149584565,0.00647413833589865,0.0090291589127406,0.00856098418504979,0.00265323269474901,0.0043549172301563,0.00308617395877533,0.00381278881291045,0.00766666745083209,0.00387862176919126,0.00434106116129329,0.00551623546433666,0.00278008496073456,0.00653620511764454
0.00290299475563428,0.00087639911348137,0.00570271511070895,0.00716637257591526,0.00698052808474336,0.00170651372709107,0.00307997312176671,0.00647900053927096,0.00904005026670362,0.00856217630249019,0.0026593698950904,0.00435762254084542,0.00308566841601092,0.00381781271719278,0.00767279171649363,0.00387860384743542,0.00434903913374349,0.00553008502704232,0.00277998113005084,0.00654152443845309
0.00290283006718925,0.000876536275136052,0.00570492609319396,0.00716196358195217,0.00698321431621789,0.00170527580704974,0.00308324194732167,0.0064790076135285,0.00903153141053572,0.00856613766442843,0.00265761975401435,0.00435897935591757,0.00308430535002039,0.00381741661024978,0.00767731504801974,0.00387927339449079,0.00434690716756765,0.00552489488795313,0.00278015109748134,0.00654472699695486
0.00290401233094981,0.00087570711803452,0.00570276959919546,0.007161661078413,0.00697479809585969,0.00170546324846347,0.00307895131101129,0.00647637030362001,0.00902795123837287,0.0085553309630352,0.00265508377541091,0.00435760907021627,0.00308230237801202,0.00381479620729959,0.00767072005082836,0.00387744161714807,0.0043451817464334,0.00552111264758024,0.00277861993945944,0.00653969190856365
0.00290472076509788,0.000876170682969762,0.00570631978733458,0.00716904935956429,0.00697810635786345,0.00170571309621005,0.00308174957045646,0.00648247352367709,0.00903494187514615,0.00856802434118189,0.00265897992206093,0.00435960771196223,0.00308460032105254,0.00381794854373921,0.00767681828083703,0.00388125416627594,0.00434642348257601,0.00553072589423513,0.00278130895044098,0.00654558434314296
0.00290797452116077,0.000875245604152678,0.00570070361312039,0.0071585396963401,0.00697260457248083,0.00170222893066444,0.00307415316028408,0.00647086026081016,0.00902575128634141,0.0085515045511235,0.00265623552696496,0.00435891004057739,0.00308563137045406,0.0038134975661593,0.00767823933396292,0.00387482341970256,0.00434695383992967,0.00552525527058281,0.00277749930233574,0.00653673020727939
0.00290583842038049,0.000876099767208647,0.00570480989901496,0.00716704884725302,0.0069818263413828,0.00170396717031311,0.00307847212941511,0.00648292625138773,0.00903522433251914,0.00856190317348637,0.00265798958790009,0.00435950353491957,0.00308326374449617,0.00381936564882731,0.00768244916780797,0.00387932050855229,0.00434501509968088,0.00552646491740117,0.0027794474485271,0.00654128392640434
0.00290229285561665,0.000875817882573493,0.00569730441889337,0.00716212963357008,0.00697182773056293,0.00170507869600978,0.0030781349165392,0.00647323663699478,0.00902919147440454,0.00855963613377844,0.00265593691945245,0.00435957917135216,0.00308357944969773,0.00382124742140869,0.00767034963177763,0.00387728491380394,0.00434389526758246,0.00552458562920506,0.00277932135593603,0.00653989286436203
0.00290195587831454,0.000875375017324145,0.00569805025872091,0.00716244039936056,0.00697757008077568,0.00170760425094434,0.00307854806347468,0.00647479363840344,0.00902759534494857,0.00855690089445213,0.00265767086764114,0.00435855421584458,0.00308387787294275,0.00381576095835926,0.00767088172242225,0.00387699153935086,0.00434532333684639,0.00552659543997807,0.00277976505111221,0.00653763760347191
0.00290467271030679,0.000876333828069575,0.00570187692859414,0.00716231640292042,0.00697661091605126,0.0017035068729596,0.0030779837145593,0.00647503104494324,0.00903358576576175,0.00856924746540131,0.00265931506225497,0.00435670430230178,0.00308751925445145,0.00381638973256125,0.00768146739649686,0.00387969943675007,0.00434456776237012,0.00552493866228647,0.0027810467440645,0.00654251435823697
0.00290162087815466,0.000876013528711902,0.00570247161763575,0.00716386890504307,0.00697607828707149,0.00170395210327161,0.00307649967093946,0.00647444381697706,0.00902690380099875,0.00856167497184147,0.00265336256899465,0.00435456566275425,0.00308428598326927,0.00381445139035038,0.00767230599170843,0.00387644672274822,0.00434227586195235,0.00551683057123858,0.00278021996721392,0.0065402109472016
0.00290562886469695,0.000876167629906746,0.00570247576175994,0.00716610352049238,0.00698246489839705,0.00170418912327251,0.00308085712650438,0.00647906108331772,0.00903092806207968,0.00857215339247085,0.00265547920334829,0.00435619971782489,0.00308705242208599,0.0038174996041115,0.00767240440715436,0.00387854398939966,0.00434557012063767,0.00552850308720014,0.00277911165948609,0.00654171832037213
0.00290432535654388,0.000875879901576848,0.00570268487614737,0.0071646302942898,0.00698013166868699,0.00170423129884566,0.00308040546460943,0.00648233173849427,0.00902949136943487,0.00856168590199942,0.00265737910848672,0.00435812109589228,0.00308246920002999,0.00381608552239501,0.00767160227193834,0.00387710348309015,0.00434328474150674,0.00552582396331288,0.00277907695741856,0.0065406726185995
0.00290609873064251,0.000876240437665109,0.00570515791652678,0.00716509172338499,0.0069821159381836,0.00170563408359196,0.00307851737087743,0.00648050485616307,0.00903282870331654,0.00856839698531399,0.00265564898917909,0.00435903428934126,0.0030836099083182,0.00381583925615585,0.0076745940518695,0.0038780538034486,0.00434473030479683,0.00552323488106639,0.00278083355537711,0.0065405075537035
0.0029055025253925,0.000876130566941556,0.00570139962548463,0.00716322632568049,0.00697880152027891,0.00170342715800386,0.00307610866981915,0.00648174729875736,0.00902949701110865,0.00855999299135816,0.00265432811176246,0.00435649262658205,0.00308586942301862,0.00381502278535046,0.00768404595472839,0.0038780320050789,0.00434407259341468,0.00551891611454044,0.00278260849506996,0.00654682403335392
0.00290368261471391,0.000875730377769496,0.00569919705632939,0.00716301006136972,0.00697446485385074,0.00170211393830098,0.00307799313891079,0.00647834684095061,0.00902801610844545,0.00855608757322005,0.00265281204326594,0.00435470628867037,0.00308005077458735,0.00381265044185661,0.00767003025629981,0.00387452767724865,0.00434030938985661,0.00551767137299664,0.00278846929348126,0.0065347975546296
0.00290698469104621,0.000876884505675589,0.00571235370874093,0.00717173262425656,0.00698840311747324,0.00170819900683102,0.00308355106096363,0.00647825280474366,0.00904064993169811,0.00857329746065136,0.00265399931484953,0.00436347319759332,0.00309110362521277,0.00382318579847618,0.00768312993708441,0.00388335747462469,0.00435203911810691,0.00552271861197831,0.00278212944805291,0.00654370906025904
0.00290284599744174,0.000875302683113417,0.00569751053782368,0.00715651785887826,0.00697615089558193,0.00170455118956802,0.00307716127454133,0.00647716585779204,0.00902644093415981,0.00855920614616812,0.00265717299466332,0.00435804767741419,0.0030828718769992,0.00381415355891714,0.00767265254029217,0.00387781393705371,0.00434545778750318,0.00552626505403985,0.00277834769560202,0.0065403519563629
0.00290375261449017,0.000876126527070466,0.00570263539169609,0.00716535531551223,0.00698225688069162,0.00170448082711904,0.00307758681719971,0.00647987596333124,0.00902826296344907,0.00856105730264256,0.00265864582455441,0.00435813942347561,0.00308384754344911,0.00381707446058132,0.00767489610319482,0.00387840227988056,0.0043439114996342,0.00552298142795518,0.0027799179959661,0.00654250940524605
0.00290258859342098,0.000875333833839048,0.00569918767995098,0.00716118617584461,0.00697406086835259,0.00170541529871578,0.00307530092119614,0.00647416652292893,0.00902873164362726,0.00855461093068128,0.00265270052143241,0.00435376516173306,0.00308203136628972,0.0038132087372242,0.00766784202130632,0.00387593592567813,0.00434219682288467,0.00552096307797785,0.00277870389774768,0.0065432969889418
0.00290413106030016,0.000876898131620768,0.00570773655359327,0.00716903255620927,0.0069828981487955,0.00170573343232466,0.00308419123199614,0.00648130943050439,0.00903645602435208,0.00856471635740507,0.00265957083205062,0.00436089981028301,0.00308494112962985,0.00381822263904568,0.00767941199309362,0.00388211061731584,0.0043466579565738,0.00553014650152758,0.00278350816509949,0.00654432673869659
0.00290028770006812,0.000876266269917162,0.00569955969767534,0.00716174675671896,0.00697197908439577,0.00170347872182706,0.00307707604345106,0.0064749003966313,0.00902729944615778,0.00855849775894879,0.00265422097339255,0.0043547200836558,0.00308335674893958,0.00381504796903994,0.00767250701774254,0.0038773440767993,0.00434273376181818,0.00552044650289198,0.00277876208574711,0.00654036536421003
0.00290746411384995,0.000880279230537542,0.00570454861904846,0.00715913253944559,0.00697635779290857,0.00170907769504107,0.00307599963895668,0.00650687383658913,0.00903140429855533,0.00855595989205897,0.00265605290189594,0.00435434429812485,0.00308277596029622,0.00381310720514744,0.00767697978933281,0.00387677247976438,0.00434131376757153,0.00551819921010468,0.00279347851964363,0.00653893447262512
0.00290729910542644,0.000876264091141418,0.00570410875373452,0.00717086925098505,0.00698093049014889,0.0017059173058055,0.00307897598256605,0.00648112426139221,0.00903458642945907,0.00856598915183049,0.0026572576306454,0.00435889261554182,0.0030907715859085,0.00381848595063674,0.007679147335283,0.00388033806625567,0.00434861466470122,0.00553041898658402,0.00278226235389858,0.00654530276671422
0.00290389195948936,0.000875902281649484,0.00570165859244275,0.00716520583181646,0.00698137976738824,0.00170445379954545,0.00308001516569195,0.00647800198761842,0.00903278308539994,0.00856229942844115,0.00265762497269238,0.00436217218075822,0.00308321441633274,0.00381989571314354,0.00767555137365642,0.00388247486402852,0.00434262667203683,0.00552425175476173,0.00277975221977702,0.00654503629770766
0.00290703997008168,0.000876059439768262,0.00570586790645212,0.00716595853740044,0.00697851139190879,0.00170603763140036,0.00307723041487819,0.00648396122259971,0.00903007635780637,0.00857175588739219,0.00265369945655924,0.00436126439912374,0.00308263336643893,0.00381937444916432,0.0076730000560787,0.00388350937585643,0.00434859815823764,0.00552676466392508,0.00278070399633968,0.00654301657562677
0.00290148153680927,0.000874887888266283,0.0056946595270133,0.00715540271374311,0.00696933510294056,0.00170878536865526,0.00307636831366359,0.00647701426373031,0.00902108228954807,0.00856008977234623,0.00266566615873626,0.0043550314913204,0.00307908762794133,0.00381197153664113,0.00766274590678801,0.00387472868955076,0.00434209975291395,0.00551144867446281,0.00277769899790643,0.00654657452700998
0.00290533139022259,0.000876031232020122,0.00570222350373337,0.00716464577484634,0.00697822743943477,0.00170422637635927,0.00307752083285381,0.00647676899190145,0.00902677732542493,0.00856706779520318,0.00265513938854972,0.00435677863504249,0.00308358045311703,0.00381833759278887,0.00767438958290945,0.00387767457924676,0.00434572510987792,0.00552037839064246,0.00278776436923914,0.00654079309440446
0.00290032809808408,0.000875388039406816,0.00569960185307792,0.00716073293953337,0.00697418936236396,0.00170322006553847,0.00307474647285649,0.00647219679225523,0.00902193506740606,0.00855886761127728,0.00265294835341627,0.00435232465249544,0.00308366430720418,0.00381179385556452,0.00766830206829064,0.00387536633274707,0.0043403893218525,0.00551537137196126,0.00277901393860336,0.00653542060084507
0.00290208978064548,0.000876035916451071,0.00570282876446225,0.00716276992255182,0.00697945585821456,0.00170452716812072,0.00307837407009912,0.00647612518417255,0.00903513137454188,0.00855947848601798,0.00265616014668008,0.00435941611854466,0.00308266377871717,0.00381324803532288,0.00767274939746542,0.00387789762981503,0.00434346024687056,0.00552560594354903,0.00277906438631976,0.00653912812190711
0.00290182522696563,0.000875686315709381,0.00569993140345328,0.00716284544415457,0.00697560916663909,0.00170401238398481,0.0030761256815044,0.00647129461237041,0.00903999355152077,0.00855410840855574,0.00265314092896755,0.00435261241580017,0.00308282470451947,0.00381149254928847,0.00767204096717059,0.00387657241039129,0.00434313904090552,0.00551797679179359,0.00277825538367365,0.00653587167461045
0.00290713493682724,0.000875915345731245,0.00570401112360947,0.00716300165285102,0.00697845196515116,0.00170486611371823,0.0030772436982059,0.00647527737759284,0.00902944116975053,0.00856254238642574,0.00265344182125843,0.00435784612408991,0.00308421925560005,0.00381538446295702,0.00767449162273511,0.0038767353969591,0.00434235075430851,0.00552049868715446,0.00278036040397351,0.00654286980594375
0.00290050257478618,0.000874920943773464,0.00569822638219605,0.00715721173167874,0.00697228161716954,0.00170240663506577,0.00307393532799714,0.00647227538300317,0.00902033317944012,0.00855334378104643,0.00265167220309377,0.00435168025904932,0.00308024751923137,0.00381119380008399,0.00766704514758124,0.00387435770503608,0.00434101279924032,0.00551469025690655,0.00277696496769731,0.0065343167115677
0.00290388786514904,0.000875859274393433,0.00570366609678659,0.00716256169759485,0.00697768514223389,0.0017096428600653,0.00307894166879019,0.00647689799380093,0.00903276286533739,0.00856064107520052,0.00265525218805424,0.00435794674597195,0.00308497833141551,0.00381453473475599,0.00767108968475404,0.00387775602009925,0.00434604374497389,0.00551953616382186,0.00277980018318347,0.00654412338708398
0.00290479707368567,0.000875646697469496,0.0057003737786762,0.00716093471166524,0.0069791277641825,0.0017041152604754,0.003075555327037,0.00647184647908765,0.0090277907354611,0.00856218798042618,0.002653738320098,0.0043551945789354,0.00308179237841688,0.00381757124691344,0.00766941351760683,0.00387671910423296,0.00434312166149942,0.00551761350102702,0.00278281653388952,0.00653819011117644
0.00290678812266385,0.000876073969332454,0.00570930274583948,0.00717159584545012,0.00697945314603063,0.00170468084446478,0.00307757839863365,0.00648775497223532,0.00903585894640186,0.00856921122546557,0.00265515779622548,0.00436018389320015,0.00308827648820773,0.00381722362199165,0.00767752809414866,0.00388045537341776,0.00434471799891129,0.00552444047419839,0.00278271484833129,0.00654265615969877
0.00290529757758406,0.00087614973702791,0.00569908673843227,0.00715677862897755,0.00697982831710318,0.00170338164181671,0.0030767171881647,0.00648031513579804,0.00902999075408983,0.00856190782196676,0.0026539194941553,0.00435905653098036,0.00308641081585376,0.00381607001763734,0.00766595516771107,0.00387785228473261,0.00434551186992021,0.00551664231735463,0.00277717525137334,0.00654614336608105
0.00290579741315965,0.000875970123082412,0.00570503360510028,0.00716326880140267,0.00698105056674934,0.0017045658438347,0.00307814921483962,0.00647849443300692,0.00903450246357239,0.00856908122498071,0.00265603095812449,0.00435759460058205,0.0030847023747646,0.00381493403761313,0.00767373409902728,0.00387818203853562,0.00434699164866073,0.00552238815516843,0.002781113107779,0.00654187137050743
0.00290502698658966,0.000876214653449976,0.00570235528585248,0.00716439434289618,0.00697451610644803,0.00170452477690077,0.00308437599783158,0.00648074864701812,0.00903704258253478,0.00856170719744711,0.00265703936101334,0.00435748695537316,0.00308404502507685,0.00381526085762019,0.00767249092568118,0.00387921462450464,0.00434463182218307,0.0055261552686418,0.0027813148479981,0.00654350406945477
0.00290377932168716,0.000875552116896251,0.00570100091614753,0.00716310328838887,0.00697429534931383,0.00170389131193828,0.00307705028171357,0.00647332595798829,0.00902362674059898,0.00856138978279856,0.00265383582270029,0.0043603148137535,0.00308469256944053,0.00381462426514008,0.00767142905489815,0.00387528977028264,0.00434616303953039,0.00551820909102114,0.00277855838547071,0.00653785148084959
0.00290408576311743,0.000876133230678089,0.0057018683539755,0.0071669510562086,0.00698146400236859,0.00170555095924717,0.00308154078306622,0.00647982930044464,0.00903321597226673,0.00856080583425152,0.00265732147556856,0.00436001554383393,0.00308423340532075,0.00381753263355252,0.00767444298450268,0.00387983244458588,0.00434573396759571,0.00552910481365182,0.00278219412191245,0.00654307620080869
0.00289850029983423,0.000875232968836699,0.00569918469021041,0.00715757273191254,0.00697041048353969,0.00170336015129544,0.00307478994655245,0.00646986773614042,0.00902204701485352,0.00855066819919519,0.00265373127589868,0.00435203905434936,0.00308105172470641,0.00381147900430346,0.00766253403074976,0.00387310932560262,0.0043401360852321,0.005515738806689,0.00277681087305436,0.00653298345055444
0.00290171616992851,0.000875730728716968,0.00570348510916693,0.00715954240073101,0.00697615945001123,0.00170386179921409,0.003077100364722,0.00647525298150628,0.00902379354877993,0.00856172748722853,0.00265393641741077,0.00435441441824662,0.00308282055420467,0.00381442560357506,0.00767277684402215,0.003877161497553,0.00434320616923732,0.00551918089490188,0.00277901359022037,0.00654192929967484
0.00290345307770716,0.000875562337369995,0.00569893207766433,0.00715817991082409,0.00697490344575052,0.00170622343463614,0.00308172628656226,0.00647177720860526,0.00902431031346539,0.00855977564493733,0.00265557532667195,0.00436114765476492,0.00309051685169257,0.00381576520404673,0.00767000678987374,0.00388209394300259,0.00434899756029739,0.00552123208657489,0.00278646116966083,0.00653526747606397
0.00290340993268321,0.000875767055411341,0.00570167778961783,0.00715906488018151,0.00697884860127981,0.00170454741297498,0.00307576190128678,0.00647241870802937,0.00902714434318548,0.00855842146764816,0.00265537167584207,0.00435857677098075,0.00308508560315085,0.00381359048945737,0.00767041760548034,0.00387608705039976,0.00434701675951514,0.00551776561336003,0.00278103494769397,0.00653984525384499
0.00290604437694489,0.000876460683312122,0.00570614629809922,0.00716721274037954,0.00698295545867648,0.00170531846128546,0.00308081639361314,0.006481178291825,0.00903395996912827,0.00856309311646764,0.00265789023791837,0.00435940973383028,0.00308415878134693,0.00381629886604193,0.00767634339927894,0.00387789118405144,0.00434674413472627,0.00552935816511206,0.00278087173559943,0.00654208367440687
0.00290216676872997,0.000875748197054907,0.00570096281928575,0.00716274207721218,0.00697868064420529,0.00170375647528456,0.00307725056571663,0.00647693171914466,0.00902388176812061,0.00855924439450261,0.00265469432320478,0.00435544931042564,0.00308306666187411,0.00381383408190437,0.00767152426370322,0.00387705786973013,0.00434218845018264,0.0055192075279396,0.00277893157612197,0.00653923152792188
0.00290451804787996,0.000876753490030765,0.00570400749022574,0.00716607204424049,0.00698202975215901,0.0017058263810295,0.00308250717063649,0.00648206241338363,0.00903876092241654,0.00856916468136906,0.00266049103591468,0.00436005479379414,0.00308503053006193,0.00381877407041872,0.00767777010048185,0.00388159423402269,0.00434844037092997,0.00553174974458201,0.00278390679262462,0.00654436107459265
0.00290434915072455,0.000876225772001564,0.00570075227999414,0.00716206994058295,0.00697694141134682,0.00171293295180002,0.00307836596385178,0.00647806829602803,0.00902918032695207,0.0085630496182711,0.00265595482193898,0.00435666039479057,0.00308437271487919,0.00381544182716601,0.00767555351032473,0.0038801947416861,0.00434593578354695,0.00551983776997118,0.00278470332446805,0.0065420855870716
0.00290652743123817,0.000875780006383096,0.00570616105327724,0.00716446318434325,0.00697716461502015,0.00170406426450615,0.0030818065573393,0.006484030094245,0.00902642908216163,0.00856387628225383,0.00265886983798115,0.00435835348874397,0.00308323660187084,0.00381564806962287,0.00767777599621881,0.00387940515246102,0.00434652622375759,0.00551762613538776,0.00277954399849784,0.00654720204589241
0.00289865384130746,0.000874938120931721,0.00569523611482086,0.00715072690753659,0.00697182909979532,0.00170190312179128,0.00307234757074865,0.00647534438615506,0.00901568618942394,0.00855089347715091,0.00265113297562417,0.0043503776982878,0.00307970648954778,0.00381026069915439,0.00766515214640189,0.00387163992755725,0.00433905404582575,0.00551212330793411,0.00277576976758311,0.00653400365081327
0.00290394630421444,0.000876502849540361,0.00570839380892978,0.00716182646790119,0.00698331670351744,0.001706259623451,0.0030807434730738,0.00647867658302737,0.00903424130234162,0.00856311549173264,0.00265839795418607,0.00436035854109611,0.0030842749746027,0.00381902148697884,0.00767611323700566,0.00388045350511728,0.00434541377225987,0.00552904394306211,0.0027823388957805,0.00654227042010669
0.00290650845768873,0.000875796040435959,0.00570602086893826,0.00716697584149945,0.00698114647761265,0.00170509924091708,0.0030803621505676,0.00648130988254518,0.00903266313535382,0.00856294153631684,0.00265744939782525,0.00435841086950705,0.00308398908326042,0.00381554087515129,0.00767632706300896,0.00387905466064308,0.00434646214340617,0.00552847077158859,0.00277991006723994,0.00654334469749085
0.00290241998492532,0.000875445984286072,0.00570278552946164,0.00716205859239045,0.00697728315725146,0.00170364059396976,0.00307738797558222,0.00647309163364445,0.00902919552714148,0.00855376174234634,0.00265612902440228,0.00435601967610358,0.00308270964801286,0.00381537633988547,0.00767082653068171,0.00387646885124353,0.00434086007072679,0.00552347322077386,0.00277825900111977,0.00653872688756363
0.00290341597626492,0.000876377382364703,0.00570604326371166,0.00716686083481091,0.00698060306303783,0.00170612255767002,0.00308057102249805,0.00647806443271293,0.00902987428159933,0.00856221437710324,0.00265889772512899,0.00435826235625842,0.00308396451675676,0.00381631445406695,0.00767582076586701,0.00387907032994605,0.00434569526220815,0.00553187721610561,0.00278099845158976,0.00654259841755251
0.00290354295539554,0.000875678514745133,0.00569830075523606,0.00716099792013268,0.00697587959997668,0.00170309583769065,0.00307608488592982,0.00647218048935067,0.00902510145252172,0.00855287479523409,0.00265275436568639,0.00435412750850436,0.00308113386846865,0.00381200891960178,0.00767170921157967,0.00388042558586235,0.00433995478304558,0.00552321006377046,0.00277976985952917,0.00653877927533569
0.00290541160780531,0.000876501468235252,0.00570597309612009,0.00716245870352745,0.00698378499432205,0.00170550328376235,0.00308418890904921,0.00647987423352247,0.00903361680967097,0.00856564634892111,0.00265820552604301,0.00435923902540573,0.00308457390043646,0.00381671288260406,0.00767699752255902,0.00388104270393283,0.00434787206830937,0.00552960660945758,0.00278094958636871,0.00654223609125307
0.0029026233680918,0.000876092049076081,0.00570023556102032,0.00715999822094342,0.00697861165019583,0.00170383877417763,0.00307520917555634,0.00647308251119371,0.00902278192033772,0.00855908664252277,0.00265274876954384,0.00435451164051392,0.00308247067357956,0.00381309311796851,0.00767242097199803,0.00387671869038167,0.00434216197087987,0.00551617457568959,0.002777988784377,0.00653978366754622
0.00290558854299166,0.00087596109968735,0.00570134845185942,0.00717046469224232,0.00698045737371561,0.00170424504752454,0.00307792249014921,0.00647815634699297,0.00903116496779803,0.00856520481596733,0.00265464437007208,0.00436111045583873,0.003084588514636,0.00381732416195014,0.00767735427289223,0.00387922602695743,0.00434687921287381,0.00552697272822596,0.00278011926058317,0.00654182707636938
0.00290529164251924,0.000876482540046814,0.00570504659616693,0.00716838518407819,0.00698000670983547,0.00170473053698237,0.00308013859996765,0.00647715268589598,0.00903440976531116,0.00856297048716653,0.0026596463304027,0.00435781660986443,0.00308497596383962,0.00381752339636285,0.00767875978069079,0.00388352580021418,0.00434738133550132,0.00552916803991007,0.00278096601343943,0.00654396169779185
0.00290539945764122,0.000875832168799219,0.00570515847444429,0.00716491715908744,0.00698028091088213,0.00170437455216863,0.00307719986442363,0.00647828076208102,0.00903541318436651,0.00856168042831245,0.00265607550276476,0.00435693599538374,0.00308345677701578,0.00381667717219052,0.00767747001880201,0.00387970140805785,0.0043494688443569,0.00552269364777284,0.00278930937654387,0.00654025187260258
0.00290422826332162,0.000875974366994919,0.00570662306777726,0.00716313242721926,0.00698174743392288,0.00170445787389172,0.00308354782812362,0.00647948681634768,0.00903401652735341,0.00856462167369709,0.00265839759088051,0.00435939868826698,0.0030850584647495,0.0038186907649942,0.00767669084863714,0.00388001576676381,0.00434489682144961,0.00552435405515277,0.0027803241295969,0.00654275962995441
0.00289992930234607,0.000875008878138762,0.00569663652016287,0.00715554285296584,0.00697095438546925,0.00170414299150615,0.00307928325623287,0.00647407798702683,0.0090281440658681,0.00855331285010913,0.00265457032512371,0.00435473865702361,0.00308095899054248,0.00381273188855013,0.00767151702982067,0.00387691423266014,0.00434165484030321,0.00552119805150933,0.00277961679351171,0.00653497033083242
0.00290219531175039,0.00087549858725446,0.00570026477123893,0.00716182067779853,0.00697489547535321,0.00170405222560512,0.00307960428256755,0.00647441460417674,0.00902738237206406,0.00855510336293298,0.00265601207458154,0.00435591730839936,0.00308153152675408,0.00381245674263258,0.00767075588553296,0.00387578167393352,0.0043422547060699,0.00552592197962017,0.00277985251088161,0.00653871759195558
0.00290285233198695,0.000876369721842537,0.00570316140892643,0.00716864649432918,0.00698187320273282,0.00170644424976795,0.00308059077920693,0.00648279704414565,0.00903235891867264,0.00856431981273164,0.00265786832292648,0.00435927819338587,0.00308428055755354,0.00381814933909561,0.00767917814603364,0.00388041989443989,0.00434476239525199,0.00552980852178981,0.00278132075027429,0.00654322407847729
0.00290725156809196,0.00087634897965014,0.00570452590456041,0.0071678893904319,0.00698284388899267,0.0017110029290003,0.00308193153109227,0.00647707193559523,0.00904471675551254,0.00857384039430796,0.00265752187202879,0.00435987438106662,0.00308766251180551,0.00381832764292848,0.00767831758392876,0.00387956965695042,0.0043468678724924,0.00552342397008629,0.00278329055063737,0.00654605553178878
0.00290214068730219,0.000876517117371289,0.00570671803213354,0.00716873918589608,0.00697942198222404,0.00170598645539592,0.00308232986875282,0.00648258469335656,0.00903654701792823,0.00856677559902562,0.00265899000528695,0.00436092241295534,0.00308530035533614,0.00381817177062514,0.00768130964476912,0.00388155797978919,0.00434758672498417,0.00552989859201016,0.00278238762315299,0.00654313337101165
0.00290775480896912,0.000875446534140825,0.00570528941050704,0.00715829622732674,0.00697599912890869,0.00170332988233776,0.0030776076735788,0.00647159006570843,0.00903518587761851,0.00857011009928477,0.00265725106872893,0.00435529292414158,0.00308290466340836,0.00381494728990662,0.0076738715603611,0.00387881968473455,0.00434840405293321,0.00551852556288985,0.00277966315913525,0.00654014477859889
0.0029085880269143,0.000876647886060175,0.0057080363928024,0.00717100121170257,0.00698315753112825,0.00170465215088392,0.00307981205675959,0.00648036241511867,0.00903355141039743,0.00857101278358184,0.00265583510603796,0.0043594191672344,0.00308978661872574,0.00381827373269452,0.00768813125678383,0.00388083259017829,0.0043520397253966,0.00553241996579678,0.0027816997436472,0.00654486239342559
0.00290467770629155,0.000875856142766964,0.00570077390292346,0.00716474998752016,0.00698040243189977,0.00170412425324946,0.00307617627000264,0.00648313751738602,0.00903404637575388,0.00856410140019663,0.00265628596333097,0.00435756947679593,0.00308180628141634,0.00381665039886971,0.00767129244772859,0.00387681717864278,0.00434450696491928,0.00551832440455761,0.00278181127648186,0.00653921761525967
0.00290324286543747,0.000875628526708876,0.00570175363194769,0.00715598497237652,0.00697215954252475,0.00170293097191656,0.00308070843647873,0.00647268923943123,0.00902758068583099,0.00855711648004478,0.00265623867976332,0.00435570662323941,0.0030821375228253,0.00381425143209618,0.00766928203124884,0.00387796162171047,0.00434509419585522,0.00552086143905685,0.00277838690973286,0.00653463830684782
0.00290179670266096,0.000875458903213449,0.00570205471479525,0.00716267902219545,0.00697552655151237,0.00170440710853811,0.00307679812491461,0.00647733967872567,0.00902634253332558,0.00855925544910836,0.00265469448507363,0.00435739501571077,0.00308352548307036,0.00381455111657326,0.00767437437365835,0.00387659341801642,0.00434264223586034,0.0055191557947936,0.00278033277415403,0.00654070422227818
0.00290359185770962,0.000876147181388786,0.00570432244777339,0.00716434134102806,0.0069831363191896,0.00170424776891719,0.00307728462958214,0.00647653004600751,0.00903206731703431,0.00856289798103036,0.00265568583312963,0.0043586200935531,0.00308374551071857,0.00381506378524875,0.00767365205293996,0.00387846401618694,0.00434383210535699,0.00552082663609245,0.00278012029311639,0.00654402482931925
0.00291032762957199,0.000875920129637628,0.00570810511906814,0.00716765985298541,0.0069842883047013,0.00170538153769379,0.0030800672217642,0.00648005983750808,0.00902965481658497,0.00856388909024495,0.0026595147383027,0.004361422709117,0.00308492217356254,0.00381941957793499,0.00767971435308794,0.00388041664345017,0.00434746536660364,0.00552786774978066,0.00278216090040622,0.00653929143227259
0.00290253378659308,0.000877245631977804,0.00570784808568098,0.00716400953214954,0.00697885848333854,0.00170451259533366,0.00307922928302401,0.00648110430775079,0.00903166314283632,0.00857082756516172,0.00265746405171533,0.00435989664909666,0.00308763147675522,0.00381768019523152,0.007675697119091,0.00387992979741655,0.00434881629713059,0.0055261979134414,0.00278084170250657,0.00654177260755354
0.00290817104697586,0.000876236785752864,0.00570676357035328,0.00716744476120052,0.00698120856759405,0.00170505611064459,0.00308160584432927,0.0064767562701374,0.00904451755867849,0.00856325862107996,0.00265892476850165,0.00435907810375793,0.00308419946826559,0.003816737732657,0.00767749260580496,0.00388006107204612,0.00434448951296926,0.00552079455908073,0.00278086657916843,0.00654357392849792
0.00290987514555402,0.00087601603724221,0.00570481963964934,0.00716417280883198,0.00697943380416355,0.00170534588621389,0.00307936316780925,0.00647939164435743,0.00904051068952107,0.00856245515749399,0.00265633871721381,0.00435780600038209,0.00308630224824228,0.00382307397326273,0.00767418431133408,0.0038777957428024,0.00434701883019691,0.00552049390296176,0.00277952400997275,0.0065497389132254
0.0029068702213712,0.000876580917324972,0.00570800398444799,0.00717017901381872,0.0069858650800096,0.00170627342228528,0.00307923703411478,0.00648612492909457,0.00904727416132061,0.00857892038435964,0.00267058935779316,0.00436080642231959,0.00308705741073819,0.00382215401603127,0.00768589195336272,0.00388160250632384,0.00435168522622247,0.0055295040292636,0.00278390136771619,0.00654678112515853
0.00290523541373769,0.000876189013883731,0.00570121234227664,0.00716819345986935,0.00697881302257486,0.00170559081606221,0.00308009272138622,0.00647804591514266,0.00903268996780442,0.00856167250326895,0.00265998931108151,0.00436215730365121,0.00308383684554206,0.0038178659038063,0.00767669192829758,0.00388290509964651,0.00434856537807925,0.00553186590094572,0.00278126933105954,0.00653989648534145
0.00290294348533058,0.000875923480103415,0.00570095595072941,0.00716478212732038,0.0069790989770412,0.00170459393034075,0.00307618574504008,0.00647493259414015,0.00902617004329878,0.00856010428235163,0.00265293631156339,0.00435776385256351,0.00308271230589658,0.00381733713797774,0.00767383613233276,0.00387884068677819,0.00434619834788318,0.00551890858670883,0.00277912927808523,0.00653820658508134
0.00289987713998421,0.000875245244935745,0.00569981871116462,0.00715935401093918,0.00697489121232476,0.0017028956408964,0.00307871326045763,0.00647145076892493,0.00902319870095484,0.00855615382713263,0.0026523513779856,0.00435527442127399,0.00308110975952465,0.00381282018272945,0.00766870443589899,0.00387516940294877,0.00434069537976167,0.00551500446236308,0.00277950364344163,0.00653632019828747
0.00290576745008328,0.000876046708961944,0.00570327506400372,0.00716586043366323,0.00697908557468647,0.00170440963372901,0.00308096008548995,0.00647694417408238,0.00903220164611102,0.00856293477791252,0.00265717610276487,0.00436043432752863,0.003085783152162,0.00381822460083755,0.00767339811235697,0.00387858167676938,0.00434745057889139,0.00552279147114883,0.00278321503964527,0.00654618591544201
0.00290102420834976,0.000875323304973284,0.00569935356941889,0.00716093229677542,0.00697366856795876,0.0017031532330262,0.00307474525055263,0.00647133123870176,0.00902302289593968,0.0085549766716205,0.00265331818630638,0.00435322799771542,0.00308080733856097,0.00381293283976984,0.00766764056916201,0.00387659342750483,0.00434134212887353,0.00551583803815205,0.00277749067668686,0.00653610202506272
0.00290458595206573,0.000876073265223871,0.00570546519969307,0.00716429536770183,0.0069810033031698,0.00170419268169934,0.00308020154249669,0.00647788843799851,0.00903026288534453,0.00857023116911095,0.00265669333566872,0.00435967156029892,0.00308279769756163,0.0038152388857313,0.00767176626056164,0.00388149838203629,0.00434653011113815,0.00552537570298703,0.00278083720952059,0.006546068951612
0.00290407178849167,0.000876308972712185,0.00570773310719689,0.00716703038288755,0.00698253954899274,0.00170642331116989,0.00308206036448144,0.00648299776157303,0.00903495716883768,0.00856624955711206,0.0026581388464386,0.0043608772954538,0.00308639418410206,0.00381852187279952,0.00767830000995867,0.00388035849854274,0.00434896254626348,0.00553066594400884,0.00278234970602897,0.00654296138846036
0.00290077144401342,0.00087484555448214,0.0056917108155834,0.0071537071374335,0.0069665814924471,0.00170382236482971,0.00307947177653822,0.00647180248680801,0.00902463971417018,0.00855081123765463,0.00265635872358271,0.0043549268765766,0.00307959652689881,0.00381289578604499,0.00766279781946652,0.00387584555670731,0.00434000588964479,0.00552270117498226,0.00277904546863217,0.00653183283912886
0.00290370013772261,0.000876006434302324,0.00570334883942286,0.0071609542955694,0.00698112434984114,0.00170337988804958,0.00307567731027772,0.00647724266237017,0.0090254746634854,0.00858145346171013,0.00265662833466958,0.00435790013538843,0.00308273069465831,0.00381488038662874,0.00767366653521242,0.00387909444070608,0.004347262311938,0.00551879170692987,0.00277966482683775,0.00653687510560718
0.00289947515639835,0.000875351500673392,0.00569780356505596,0.00715507478886184,0.00697483637054009,0.00170491343615502,0.00307725046019018,0.00647288389446819,0.00902440643616962,0.00855450024308498,0.00265744130218193,0.00435466737828632,0.0030818534078773,0.00381227206085132,0.00766817163896025,0.00387779508309526,0.00434105010168484,0.00552413353779329,0.00277803211991132,0.00653644216415578
0.00290855927265897,0.000876570328415453,0.00570703923865726,0.00717006858713755,0.00698301990442348,0.00170596183182393,0.00308083357659775,0.00648297507664761,0.00903792794042353,0.00856948666193484,0.00265762501294889,0.00436090648309638,0.00308480381922161,0.00381723529682001,0.00767853135913553,0.00388154834687188,0.0043466964092086,0.00553018675471374,0.00278135674289008,0.00654560199031324
0.00290412692331198,0.000875982345040895,0.00570554967528224,0.00716240470512462,0.00698130861666711,0.00170577510205849,0.00308161574532146,0.00647998593003326,0.009035106020383,0.00856073279700274,0.00265860473486545,0.00435886454851825,0.00308471881267246,0.00381695284856368,0.00767630342912775,0.00388209318763647,0.00434597345130134,0.00553127537555088,0.00278027678625506,0.00654167164389828
0.00290591307103039,0.000875554684078068,0.00569812391826517,0.00716210731915133,0.0069781746021956,0.00170325280672987,0.00307509768818556,0.00647283043667161,0.00903516921820855,0.00855511145110242,0.00265365118159683,0.00436117951142675,0.00308270854074556,0.00381299402476469,0.00766954526896147,0.00387670419686909,0.00434065845984224,0.00551532935276911,0.00277852462850129,0.00653825361909548
0.00290064529648643,0.00087634344267096,0.00570048945588943,0.00715833172020141,0.00697721586589417,0.00170316403145362,0.00307751826716765,0.00647441936716938,0.00903330943683252,0.00855536330042724,0.0026550872641963,0.00435528447248373,0.00308211010463894,0.00381750538228975,0.00767266357400035,0.00387741695961427,0.0043418804368244,0.00551912505475831,0.00277769837631695,0.00654448633158617
0.00290753983386809,0.000876245664602946,0.0057065067775861,0.00716708928919182,0.00698074832657344,0.00170458248451989,0.00307863156534993,0.00647690939176226,0.00903097932524853,0.00855935196571319,0.00265459783394106,0.00435759201440289,0.0030842077141426,0.0038162479793003,0.0076734013315786,0.00387992881989846,0.00434503814198331,0.00552022588058834,0.00277942977598595,0.00654223150297855
0.00290607222238633,0.000876084356095865,0.00570208831998831,0.00716745169458242,0.00697762436259564,0.00170465996022464,0.00307848161713083,0.00648869826575777,0.00903079900186879,0.00856126618387013,0.00265550381830928,0.00436375677917374,0.00308570171753965,0.00382210188270857,0.00767604372436162,0.003881425716719,0.00435035602772318,0.00552492857064837,0.00278600010487389,0.00655223916883216
0.00290937524575622,0.000876978418370448,0.00570733821732205,0.00716876711364756,0.00698586364227085,0.00171789797451321,0.00310166297133722,0.00648127339583382,0.00903489809799758,0.00856773880839501,0.00266106833749752,0.00439172408724267,0.00310929257271952,0.0038424739208862,0.0076934613026348,0.00390364361028135,0.00434734102636827,0.00552370087398801,0.00280195906357405,0.00655608225993313
0.00290073378531691,0.000875357654167676,0.00569899290861681,0.00715894507344634,0.00697586260521777,0.00170249296040804,0.00307618744747361,0.00647156489899796,0.00901978285035413,0.00855443002690194,0.00265163617093695,0.00435545212776245,0.00308181566472821,0.00381308922552798,0.00766969779852057,0.00387704603268934,0.00434980248400548,0.00551540742673381,0.00277724722190135,0.00653591812491364
0.00290266079368389,0.000875778721855039,0.00570222410310739,0.00716679932361113,0.00697936817291351,0.00170627624587172,0.00308032950165791,0.00648213343372817,0.00904218047885073,0.0085646660514728,0.00265866918793733,0.00436060000436029,0.00308476514511445,0.00381821449883187,0.00767356704235405,0.00388139155246004,0.00434624438128982,0.00553069891006753,0.00278156010822318,0.00654303330012188
0.0029016781423974,0.000875473143613975,0.00570013089059524,0.00715547838785517,0.00696379557909017,0.00170227828956313,0.00307482695596018,0.00647977128555702,0.00902033001095858,0.00854597824309867,0.00265251299947224,0.00435826323195287,0.00308041298815731,0.00381661370615759,0.00766454610336397,0.00388052619120383,0.00433896745342125,0.00551369949626039,0.00277572466803303,0.00653717218851565
0.00290630564572675,0.000875915635810144,0.00570510567759851,0.00716490214869675,0.00698017208727204,0.00171054286337228,0.00308060227331441,0.00648731360568725,0.00903107745583817,0.00856067437620142,0.00265476509464837,0.00436086622671969,0.00309557569632808,0.00382076249488041,0.00768050028867949,0.00387835571446733,0.00434825400886795,0.00552238593692702,0.00279297448684565,0.00653944250080317
0.00290135106781691,0.00087585791088128,0.00570239805640876,0.00715929665443414,0.00697706606012539,0.00170451450189639,0.00307931142842569,0.00647726321189754,0.00902497795429478,0.0085562600633453,0.00265725547885,0.0043562478205344,0.00308159125277622,0.00381465362318717,0.00766912825929525,0.00387682116016094,0.00434262159705655,0.00552586600987688,0.00277913950899694,0.00653570845420292
0.00290218802302682,0.000876019910466788,0.00570267677234498,0.00716380004886598,0.00697806249697008,0.00170488957329318,0.00307627136429962,0.00647580230232996,0.0090281132687039,0.00856674893330454,0.00265381868913556,0.00435669516091482,0.00308234953932491,0.00381454953700787,0.00767216829704768,0.00387723384118383,0.00434329845947657,0.00551850884077669,0.00277931198343561,0.00653998995505435
0.00290556217869782,0.000876025503235123,0.00570459161535229,0.00716444762337979,0.006978350637406,0.00170404725972452,0.00307686172902792,0.00647766472628451,0.00902706464813796,0.00855630887210031,0.00265707646832569,0.00435990351382643,0.00308178070547853,0.0038131111009006,0.0076700377722871,0.00387915646624499,0.00434224215526623,0.00551663535587194,0.00277941358584949,0.00654207480512457
0.0029006147115362,0.000875313677921631,0.00569762264713033,0.00715973308871931,0.00697321519009965,0.00170242804666282,0.00307489814560764,0.00646967624143017,0.0090179454536181,0.00855248627354935,0.00265175833879665,0.00435671709753918,0.00308024593106903,0.00381227857220058,0.00766767884648458,0.00387906706976756,0.00433905203471398,0.005513551304473,0.00277737358663421,0.00653601589960894
0.00290340642505356,0.000875897840027258,0.00570264803123085,0.00716511324982649,0.00697786738137198,0.00170473025554497,0.00308113037499443,0.00647739569224564,0.00903081014940037,0.00856121708144526,0.00265619058628647,0.00435799547427863,0.00308490724533602,0.00381439977973182,0.00767753934368548,0.0038773744656311,0.00434337877719661,0.0055231435639887,0.00278351000084561,0.00654232216125001
0.00290458690730128,0.000875227213075541,0.00569976134703721,0.00716327816351614,0.00697647370241472,0.00170231647288206,0.00307452497590961,0.00647367046894304,0.00903699451554025,0.00856996553716858,0.00265676186895115,0.00435615295878035,0.00308246333900361,0.00381230055584647,0.00766751525092373,0.00387906415196721,0.00433843543549297,0.00551359198532308,0.00277957155998462,0.00654932645070751
0.00290655506331872,0.000875964494483973,0.00570351121578061,0.00716321605548199,0.00697818945734687,0.00170479806741043,0.00308147322987278,0.00647651733586418,0.00902858041274516,0.00856230809201479,0.00265578358676473,0.00435865500498336,0.00308359094489992,0.00381736444961408,0.00767497553260338,0.003883839725478,0.00434347408410867,0.0055199854357933,0.00278007409286903,0.00654254720497678
0.00290553869423953,0.000876263040584209,0.00570414259198257,0.00716347011816097,0.00698105906088185,0.00170459033946714,0.00307639155256503,0.00647575248369655,0.00903030602609347,0.00855829030109014,0.00265691613529275,0.0043579534074648,0.00308310373361638,0.00381897999115582,0.00767356345470603,0.0038774788804469,0.00434402259319332,0.00552700005105639,0.00278112280726976,0.00654059978158214
0.00290207067722027,0.00087531076677131,0.00570525412830413,0.00715538874638562,0.00697528337190049,0.00170308807147661,0.00307407666166345,0.0064765201363908,0.00904311816429321,0.00857176450126036,0.00265122597131559,0.00435381842395048,0.00308063319441111,0.00380971933635563,0.00767033355573886,0.0038779578122086,0.00434194405894559,0.00551562293503047,0.00277854288576197,0.00653970606067616
0.00290633428303462,0.00087574228822778,0.00570328491779298,0.00716414733447864,0.00697672941353081,0.0017034137119333,0.00307694952317707,0.00647693678719087,0.00903780853460645,0.0085565466218216,0.00265352598915135,0.00435527841355422,0.00308339145070311,0.00381546751413489,0.00767430817046201,0.00387813305504106,0.00434288682624876,0.00552600686578548,0.00278318331662892,0.00653812432356371
0.0029039081459287,0.000875151646530644,0.00569733861581913,0.00715468208972157,0.00697739562906932,0.00170431260156347,0.0030740584659935,0.00646719477022548,0.00901573534995509,0.00855059136322311,0.00265400876111804,0.00435939414740654,0.00307976160904091,0.00381666651376261,0.0076675816523628,0.0038747396650753,0.00434551730477014,0.00551344749595609,0.00277635208737887,0.00654091079965734
0.00290303738252225,0.000876638729981212,0.00570356211056699,0.00716795277327318,0.00698589404350563,0.00170528937420451,0.00308157594894874,0.00647915254028892,0.00903365993745825,0.00856224348255209,0.00265771141628088,0.00435950079068608,0.00308384099764394,0.00381672839058356,0.00767617631281382,0.00388146128735776,0.00434573613777262,0.00553171510579725,0.00278032804047249,0.00654271179002137
0.00290354670860358,0.000876135957580029,0.00570499710336654,0.00716517854090582,0.00698217908627641,0.00170523218793698,0.0030813443470604,0.00648073429498136,0.00903278152728992,0.00856242453884204,0.0026585456842642,0.00435903134995186,0.00308392514692397,0.00381614795157555,0.00767665136589273,0.00387890164263171,0.00434676986783356,0.00552838470891802,0.00278075886515493,0.00654168725533333
0.00290311624944754,0.000876268442993779,0.0057047678222624,0.00716696635478995,0.00698386085842493,0.00170706257976884,0.00308163981541912,0.00648236073336988,0.00903370919282299,0.00856362068044903,0.00265937040576922,0.00436007237336023,0.00308444548998648,0.00381868947250785,0.00767664493295372,0.00388125438777038,0.00434855752292588,0.00553000186674037,0.00278152490366239,0.00654227527496907
0.00290331625565293,0.000875827490539877,0.00570611971804455,0.00716593509713879,0.00698155229537056,0.00171071360022248,0.00307782634933518,0.00648008539004642,0.00903112173196665,0.00856150306181394,0.00266539325424042,0.0043735127070781,0.0030940936840458,0.00381518875689835,0.00767811864062412,0.00389357036510238,0.00434465347011318,0.00553203619406491,0.00279116784826121,0.00654320414094434
0.00290029507163045,0.000875275182155147,0.00570161580509949,0.00716085261541256,0.0069747590133951,0.0017034738658839,0.00307512103842328,0.00647299276770945,0.00902405278452516,0.00855608238916203,0.00265340097004524,0.00435348189787867,0.00308216637308739,0.00381301907941575,0.00767037741826134,0.00387650570097866,0.00434191085396227,0.00551723578650746,0.00277804026365191,0.00654011393297999
0.00290197671377851,0.000875975810500186,0.00570083153115373,0.00716058594189095,0.00697761310018857,0.00170433286859048,0.00307632291532525,0.00647465419007701,0.00902581305993802,0.00855749098198673,0.00265339873659,0.00435536736848755,0.00308255533641421,0.00381493111188253,0.00766943691651455,0.00387925059277599,0.00434253821920351,0.00551606306082748,0.00278040034656399,0.00653903304270351
0.00290615745956028,0.000876033061063707,0.0057009233258831,0.00716261030093553,0.00697808049257874,0.00170402223459021,0.00307714786913817,0.00647575395254465,0.00903556109300566,0.00856138159322683,0.00265375384015175,0.00435663552847549,0.00308712066543087,0.00381586787257077,0.00767310825011264,0.00387822760626302,0.0043451932785761,0.00552588408370689,0.0027804397944375,0.00654017572323657
0.00290300520630296,0.00087635845966515,0.00570159234491285,0.00716280664490323,0.0069769025891671,0.00170417889364838,0.00308325388302321,0.00647571417389054,0.00903191277786179,0.00856187383545401,0.00265761512079161,0.00435833688304502,0.00308462855723343,0.00381512805109186,0.00767706948535159,0.00387757304317306,0.00434538874505221,0.00552119029190259,0.00278205139135452,0.00654451951905422
0.00289949979268726,0.000874735810738972,0.00569981220780423,0.00715793042964238,0.0070101753805452,0.00170337074512093,0.0030794546890637,0.00647402190857337,0.00902484026092232,0.00855380898944929,0.00265425058924123,0.00435298835083036,0.00307954029964592,0.00381186833645441,0.00766667621696266,0.00387204382071903,0.00434013443627444,0.00552080776714819,0.00278219847443567,0.00653401130014544
0.00290038950955632,0.000875302303685462,0.00569902852538522,0.00715928419970193,0.00697895936274224,0.00170347159273169,0.00307523811117477,0.00647295810134596,0.00902079445824269,0.00855593625785974,0.00265232353885003,0.00435382190598745,0.00308136403677814,0.00381305758985114,0.0076690690590808,0.00387619407128902,0.00434179109511206,0.00551784453806179,0.00277895824418987,0.00653641438308475
0.00290339138543391,0.000875669557579561,0.00569325508929239,0.00716062908135909,0.00697575957246959,0.00170286359352624,0.00307291507254866,0.00647626100858674,0.00901875398309146,0.00855954162652029,0.00265130366101234,0.0043573653371107,0.003084226709155,0.0038114848954165,0.00767223224575395,0.00387403370466137,0.0043434143982556,0.00551903089044198,0.00277585883218675,0.00653754589948127
0.00290289628420225,0.000875469113753767,0.00570383407151891,0.00716401865181597,0.0069812175243361,0.0017043468981692,0.00307927595287498,0.00647525981677098,0.00903479097822156,0.00856072454420787,0.00265603586195362,0.00435788164245892,0.00308411742531702,0.00381504494911313,0.00767905381498828,0.00387729630067691,0.00434301561633994,0.00552376021696538,0.00277935881253861,0.00653852586895141
0.00290290006487687,0.000875480757402485,0.00570273152887429,0.0071644562242131,0.00697921538022947,0.00170370288199472,0.00307649357151806,0.00647650721575318,0.00902673385800467,0.00855974521516304,0.0026535848080647,0.00435641900295746,0.00308317378041584,0.00381431429523194,0.0076730972254369,0.00387710631623301,0.00434377722462429,0.00551874308777118,0.00277935042805164,0.00654156505731824
0.00290247635157514,0.000874676328671102,0.00569455513150834,0.00715768043393265,0.00697375164928173,0.00170240938362407,0.00307377677340754,0.00647087160499065,0.00902539513009221,0.00855252026525047,0.00265098169040668,0.00435143469577533,0.00308050452605123,0.00381037437260444,0.00766840146290367,0.00387450704263785,0.00434184118919899,0.0055182631672888,0.00277669121701658,0.00653412831440746
0.00290170520528497,0.000875157181297725,0.00569939029763221,0.00715538200532973,0.00697308159979253,0.00170283300154017,0.00307677463729335,0.00647613025364112,0.00902254978184755,0.00855104323319533,0.0026525961452688,0.00435323761014265,0.00308019571905407,0.00381339773215283,0.00766609150578045,0.00387701510868397,0.00434192152000076,0.00551727196093921,0.00277629477728109,0.00653560824424094
0.00290068545268716,0.000875365709627269,0.00569944498143703,0.00716167000883008,0.0069765900036794,0.00170574610524508,0.00307662727341236,0.00647219542217098,0.00902529581934864,0.00855341497109823,0.00265322918024618,0.0043544597936205,0.00308148099381608,0.00381272188289799,0.00767003965694843,0.00387727155981927,0.00434174895844748,0.00551811216566017,0.00277800847328501,0.00653771428131953
0.00290500585509441,0.00087604274108521,0.00570384380220294,0.00716398446361117,0.00697874421400654,0.00170349586981734,0.0030769357675572,0.0064762249861922,0.00903036392668127,0.00856709375462499,0.00266004814780434,0.00435772194783116,0.00308847176614375,0.00381530463091257,0.00767586384017107,0.00387913517237013,0.0043451936090035,0.00551935944800057,0.0027812712127861,0.00654080205089461
0.00289830846935937,0.000875180557683347,0.00569894774391083,0.00715815546264503,0.0069708603179864,0.00170526567054817,0.0030802731002213,0.00647014810357094,0.00901988628702104,0.00856707769673427,0.00265695407655598,0.00436030179996436,0.00308068519066907,0.00381126925792644,0.00768181260263803,0.00387471300165542,0.00433909835544257,0.00551537185185701,0.00277605347000691,0.0065349844010709
0.0029054520097679,0.000876236898284673,0.00570253395161754,0.00716730638953746,0.00697976693316969,0.00170579347200822,0.00308089775569924,0.00647722316566231,0.00903373873363275,0.0085639134912355,0.00265703957797249,0.00436032821853185,0.00308428651716246,0.00381620552814756,0.00767333623863958,0.00387835770537215,0.00434667979061785,0.00552670281647874,0.00278274714669575,0.0065412285629789
0.00290332032248736,0.00087523804642519,0.00569776362269093,0.00715661865415202,0.00697285271892682,0.00170257384915542,0.00307638453540645,0.00647074160915316,0.00902381819554286,0.00856170181926048,0.00266317586099497,0.00435214849061428,0.003080771868187,0.00381176815554842,0.00766813498501582,0.00387563168237978,0.00434377825035199,0.00552106071438775,0.00277787045985828,0.0065429029094583
0.00290168496999553,0.000875486532868286,0.0057007068208709,0.00715834023778017,0.00697356172166652,0.00170287959730067,0.00307501392270777,0.00647405890225077,0.00902092313645504,0.00855832398640474,0.00265254207079782,0.00435480600389254,0.00308123925315365,0.00381328354798925,0.00766820338792065,0.00387530191545041,0.00434133379348008,0.00551433932104774,0.00277828934652781,0.00653480937295667
0.00290540716771031,0.000875362358628718,0.00569995523938383,0.00716647007784921,0.00698062134535926,0.00170503147106203,0.00308200164055954,0.00647878165060829,0.00903483099300305,0.00856219577463543,0.00265903840174428,0.00435867730579654,0.00308285752509652,0.00381489580093381,0.00767421111713655,0.00387927718895342,0.0043446825093977,0.00552948359357688,0.00278017939666958,0.00654022466477957
0.00290241441842852,0.000875270888140757,0.00569882461856989,0.0071608108059951,0.00697571913562662,0.00170481131154311,0.0030798773767552,0.00647327250404274,0.00902692421213838,0.00855797416845537,0.00265751608548598,0.00435563969854701,0.00308245864892612,0.00381387638175399,0.00767295824450728,0.0038771253627573,0.00434246033816522,0.00552161713805912,0.00278116716396387,0.00653780125549432
0.00290526402203821,0.000875269383542335,0.0056992455064562,0.00715928114965996,0.00697366364293902,0.00170637916841557,0.00308192187037368,0.00647181334094441,0.0090359276675225,0.00855825281182125,0.00265727666065842,0.00435531007827557,0.00308816170812614,0.00381726305653614,0.00767081228647037,0.00388283972308234,0.00434847160561006,0.00551900913960326,0.00277903268652304,0.00653770806097258
0.00290493434861218,0.000875583838223983,0.00569989228798276,0.00716457726966472,0.00697977753685956,0.0017035197445693,0.00307904005385774,0.00647487037498212,0.00902817025889044,0.00855557861015855,0.00265532175241359,0.0043577912538016,0.00308357219896775,0.00381772489352644,0.00767196088372043,0.00387825913060094,0.00434267809590221,0.00552627978961368,0.00277962342139984,0.00653903327164534
0.0029060328484115,0.000876433540478637,0.00570578740557112,0.00717049469180307,0.00698499037009394,0.00170858715585966,0.0030818971953006,0.00648349783494219,0.0090380417678882,0.00856105063648879,0.00265915464953659,0.004361028901357,0.00308584078539133,0.0038181973309639,0.00767935100019862,0.00388187543815515,0.00434824262502056,0.00553104108052027,0.00278265070196678,0.00654472888601504
0.00290570051727154,0.000876579038310323,0.00570334608863193,0.00716307681237015,0.0069798913580162,0.00170593478422652,0.00307942210387016,0.00647805775382551,0.00903238747916316,0.00856894785533999,0.00265826351352239,0.00436201072535973,0.00308526991839514,0.00381826143547848,0.00767777396199685,0.00387905699874375,0.00434683824123831,0.00552318949266781,0.00279177317256977,0.00654547305213407
0.00290857156018547,0.000876069432803802,0.00570352175154793,0.00716400148200832,0.00697925228076612,0.001707276338895,0.00308269321188426,0.00647891748469263,0.00903171748211455,0.00856447949783449,0.00265959524215865,0.00436047000527392,0.00308705025438764,0.00381950360630075,0.00767889372301028,0.00388610232451777,0.00434659972043211,0.00552469003261384,0.00278473550381672,0.00655222752838166
0.00289982765648187,0.000875032155509211,0.00569869557117634,0.00715643373851875,0.00697968479520083,0.00170272849527766,0.00307524017411224,0.00647430462151429,0.00902665895080001,0.00855711488671429,0.00265366051462511,0.0043541662376053,0.00308154366790741,0.00381306402634792,0.00766952877288292,0.00387417810840222,0.00434294906828304,0.0055151319025866,0.00277814515203108,0.00653590311864939
0.00290524445458276,0.000876645612345472,0.00570455355022736,0.00716586320259204,0.00698198156348131,0.00170615992007281,0.00307818996198749,0.00647863557792167,0.00904172351532298,0.00856246125320611,0.00265771806372015,0.00436014179625252,0.0030847472910685,0.00381570303197919,0.00767527950062685,0.00387947479635016,0.00434600312180085,0.00552135824807792,0.00278109010321129,0.00654238578962344
0.00290386632687257,0.000876010707681597,0.00569954125734915,0.00716237400331177,0.00697818408890425,0.0017038454803764,0.00308347181031356,0.0065126924951455,0.00902887679324106,0.00855894463955644,0.00265691000498217,0.00435680085724981,0.00308455483809697,0.00381488581446771,0.00767195924286884,0.00387788589578167,0.00434462663116348,0.00552395634807618,0.0027791222736436,0.00654075729804735
0.00290600353702738,0.000876527367102339,0.0057048660849448,0.00716563233294046,0.00697964089187446,0.00170479725677195,0.00308031668421857,0.00647880478943417,0.00903101347387941,0.00857342366061462,0.00265464940554664,0.00436020229109411,0.0030835645581126,0.00381581157638936,0.00767167111898829,0.00387845453142088,0.00434278627769125,0.00552302807749988,0.00277988938452228,0.00654772752837395
0.00290492070316265,0.000876310497503389,0.00570479588638901,0.00716917371407648,0.0069830942812593,0.00170611152278044,0.0030810594094907,0.00648029145115551,0.00903614401020031,0.00856333521057142,0.00265712400814476,0.00436128831723833,0.00308758864416511,0.00381846208350659,0.00767766414070067,0.00388007137808813,0.0043486091461007,0.0055291016190286,0.00278159317656076,0.00654533063429292
0.00290240419967357,0.000875776984316052,0.00570341668583413,0.00716642025527957,0.006977972868998,0.0017036693335751,0.00307654987927062,0.0064750364884745,0.00902669770085116,0.00856321866492366,0.00265389951065619,0.00435529407893486,0.00308310522441982,0.00381395304658293,0.00767129074804811,0.00387680467472281,0.00434271348503758,0.00552050902663101,0.00277890212970609,0.00653995451341042
0.00290493464262141,0.00087651412650519,0.0057062896927787,0.00716602926997908,0.00697856542973161,0.00170583357817418,0.00308128077284383,0.00648393234335673,0.00903327346260917,0.00856272929052199,0.00265863908042779,0.00436000944218322,0.00308571793823557,0.00381814940132257,0.00767559083443433,0.00388072217166374,0.00434628855832017,0.00553077334052723,0.00278085871467365,0.00654248627224981
0.00290694075068886,0.000876068270391128,0.00570418624001783,0.00716133849753915,0.00697705693224939,0.00170515477712139,0.00308028779554611,0.00647663698045313,0.00903692331571881,0.00856457398227788,0.00265554173274097,0.00435922113175189,0.00308297795606302,0.00381722979084655,0.0076733588538496,0.00387765215657618,0.00434562855471518,0.00552241117257213,0.00277995419913493,0.00654040746866452
0.00290407685153301,0.000875230285688668,0.00569837594820808,0.00716361692096983,0.00697278456582707,0.00170494554156147,0.00307979570618654,0.0064821115690233,0.0090260327651668,0.0085578513775956,0.00265380774662601,0.00435392475999554,0.00308068801313322,0.00381491717591004,0.0076667421639262,0.003877350493686,0.00434264585769174,0.00552533155161544,0.00278157215308958,0.00653877542716169
0.00290530072989397,0.000875811612787745,0.00570108446336778,0.00716283680338543,0.00697925951707624,0.00170438888653996,0.0030764579458063,0.00648368484000119,0.00903476728784675,0.00855664845983885,0.00265699453119005,0.00435852972190563,0.00308540561232364,0.00381467012693507,0.00767288136888448,0.00387706305856787,0.00434313101064696,0.00552242024541856,0.00277935830694642,0.00653970384085339
0.00290549876784012,0.000876514338135793,0.00570361020774166,0.00716605831338657,0.00698162801385088,0.00170629911794756,0.00308437350337855,0.00648007113723303,0.00904104520708956,0.00855855603436948,0.00265825113434311,0.00435780393939403,0.00308469689835371,0.00381640534264641,0.00768126483310318,0.00388082039629783,0.00434642977443859,0.00552740563238874,0.00278340690615047,0.00655018501924008
0.00289932675623201,0.000875304478870702,0.00569526721629612,0.00715581285681322,0.00697273443642866,0.00170404177608344,0.0030783449424264,0.00647285697103968,0.00902321468253916,0.00855193566952421,0.00265564365374298,0.00435564885574024,0.00308061157150391,0.00381381158667365,0.00766961885038221,0.00387464581566755,0.0043473756691916,0.00551990269921183,0.00277879758270231,0.00653283936611487
0.00290273351499219,0.000874963365768481,0.00569469775552793,0.00715559891368199,0.00697163219626406,0.00170138854634393,0.0030729455755727,0.00647398063115251,0.00901958896384808,0.008550257963988,0.00265022254609711,0.00434991187802261,0.00308006672793539,0.00380976401500416,0.0076620838165156,0.00387260481199061,0.00433691534913893,0.00551771837075196,0.00277864494526827,0.00653296229613006
0.00290336633469596,0.000876353669901895,0.00570368770720807,0.00716985639137232,0.00698191014787209,0.00170539501247913,0.00308309182691766,0.0064825227053191,0.00903436002315753,0.00856780719038428,0.00265869315257972,0.00436132619245657,0.00308558361845864,0.00381844329634468,0.00767398791184194,0.00388025118701512,0.00434716633025695,0.00552678739774988,0.00278128626129395,0.00654329547445684
0.00290467312679618,0.000875129569089087,0.00570168883979935,0.00715815395954188,0.00697335836140437,0.00170481260579188,0.00307970249960182,0.00647767607136137,0.00902744343101641,0.00856415057915141,0.0026564575690038,0.00435447621031788,0.00308210804338718,0.00381583513864783,0.0076708953086008,0.00387707036713377,0.00434313438308575,0.00552356201059295,0.00277984999375975,0.00653683126471421
0.00290334869933475,0.000875454803629467,0.005701328152658,0.00716266764348391,0.00697352213851683,0.00170475264450752,0.00307678482072272,0.00647004467920407,0.00902999837814924,0.00855880327338631,0.002654037693631,0.00435406892717309,0.00308007912724129,0.00381219234979247,0.00766773139547029,0.00387369008359298,0.00434062899846147,0.00551495894539166,0.00277741221699497,0.00653750174537587
0.00290594274978222,0.000875970450157253,0.00571151545636046,0.00716646364395876,0.00697318519127011,0.00170375256712058,0.00307798305693435,0.00647606878170329,0.00902823495261225,0.00856152828794458,0.00265392712988474,0.00435998177268392,0.00308345505616109,0.00381907230487626,0.00767158750530881,0.0038822252429055,0.00434242529748688,0.00551296975202875,0.00278150595552821,0.00654045249678199
0.00290834532247456,0.000876460304669492,0.00570603881806327,0.00716853980122504,0.0069868420451425,0.00170543070061244,0.00307937117885443,0.0064791907598655,0.0090354334576697,0.00856452008542337,0.00265681565517808,0.00436107599360413,0.00308734815744103,0.00381782819032057,0.0076869953209349,0.00387950119393711,0.00434709623831546,0.00552583345901374,0.00278529979465711,0.00654451675616031
0.00290612712575958,0.000875851351957052,0.00570201243152265,0.00716312539765564,0.00697614299695237,0.00170350579049542,0.00308288595621342,0.00647958084887913,0.00902619493964982,0.00857139920821678,0.00265761953537369,0.00435670132146575,0.00308203952014677,0.00381460770720987,0.00767930627179224,0.0038774650030826,0.00435148901862863,0.00551679044510915,0.00278474754569755,0.00653936409740622
0.00290386108590551,0.000875041870335863,0.00569503021121427,0.0071548688178334,0.00697443115957873,0.00170242023064012,0.00307332923686294,0.00647917476621375,0.0090215074421585,0.00854838322195248,0.00265137611708676,0.00435289842738514,0.0030804936680293,0.00381159268800309,0.00766503595831623,0.0038740015082879,0.0043380986680005,0.005514663447237,0.00277592004174092,0.00653489690354982
0.00290036753980189,0.000875458755384339,0.00569886977149443,0.00716051225897725,0.00697446091009217,0.0017021105952755,0.00307482677269752,0.00647338910472661,0.00901985207949596,0.00855646710907615,0.0026528211017073,0.00435316395021682,0.00308045811942484,0.00381087330737922,0.00766782843819898,0.00387520061563018,0.00433947494261194,0.00551539230622842,0.0027788145117119,0.00653697358203892
0.00290890842666794,0.000876443607183785,0.00570683996367573,0.00716823423092274,0.00698057926623764,0.00170480329331436,0.00307981118926101,0.00648000120496811,0.00903323767689793,0.00856884707372312,0.00265599803648608,0.00435939338843877,0.0030870792122181,0.00381853696527899,0.00767833582926115,0.00388085645270425,0.00434534596458096,0.0055219357567279,0.0027814655171327,0.00654371178733408
0.00290142528588597,0.000875430430847088,0.00570194905612307,0.00716253751221589,0.00697650254268859,0.00170430351598042,0.00307937778454688,0.00647767832134313,0.00902897549250948,0.00855704117005242,0.00265570077212622,0.00435495122805027,0.00308294605814969,0.00381364448521997,0.00767276710338285,0.00387696964778915,0.00434296794072161,0.00552517866951588,0.00277914921233601,0.00653661107291257
0.00290208110902783,0.000876060431470131,0.00570247618304036,0.0071606230311835,0.00697562532862602,0.00170289531593406,0.00307660483223243,0.00647919065884467,0.00902751501627216,0.00855447404002883,0.00265301092289998,0.00435832162391562,0.00308234096466202,0.00381243292032705,0.00767140767825794,0.00389435079841366,0.00434369855440802,0.00551637188281655,0.00278008624103387,0.00653677082727586
0.00290740554663789,0.000875944616627557,0.00570432332923091,0.00716399975888074,0.00697906790985287,0.00170748251241633,0.00308303254376277,0.0064788243760854,0.00902992511241967,0.00856516774035159,0.00265784976092824,0.00435715609536926,0.0030871647625412,0.00381983817839533,0.00767657893281841,0.0038842065795297,0.00434486541512451,0.005525180480378,0.00278057350104313,0.00654213056626123
0.00290154253555686,0.000875742281310393,0.00570282601032966,0.00716095471176172,0.0069763656199194,0.00170381795889337,0.00307554499034303,0.00647332435506327,0.00902603417926656,0.00855955204161112,0.00265372713756092,0.00435691684777912,0.00308428125467361,0.00381447820324646,0.00766967940919287,0.00387742687878408,0.00434231177056506,0.00552001980565068,0.00277991619123945,0.00653808890135993
0.00290245226643885,0.000875423214776131,0.00569890482097614,0.00715873051263682,0.00697451189229982,0.00170329339183587,0.00307508623154596,0.00647690564656605,0.0090254045849963,0.00855902017006709,0.00265448003445654,0.00435376894712788,0.00308077417374587,0.0038159075994376,0.00767548496569803,0.00387496110992729,0.00434110535443903,0.00551818200224659,0.00277858224533361,0.00653616026165855
0.0029071085602851,0.000875345986064477,0.00570437832538034,0.00715874685729244,0.00697541718776642,0.00170432058791072,0.00307580525021294,0.00647250367296746,0.00903020458097569,0.00856834011409669,0.00265155555190711,0.00435798138766371,0.00308635105530995,0.00381544472623308,0.00766814194882266,0.00387915060975244,0.00434858339213709,0.00551734575198392,0.00278023578985558,0.0065373980437279
0.00290457998509474,0.000875340293779027,0.00570222647577716,0.00716391900662595,0.00697684829076992,0.0017052902751765,0.00307687752074831,0.00647359383437452,0.00902729231589127,0.00855689852255472,0.00265714866809302,0.0043563947313337,0.00308499810354046,0.00381477555531115,0.00767590685511473,0.00387722558100314,0.00434496488504466,0.00551678031818259,0.00277990428404416,0.006547394153273
0.00290413135622786,0.000875206969380553,0.00569668231475265,0.00715501671164795,0.00697041912619012,0.00170412248897649,0.00307389633385446,0.0064695728309857,0.00902065034545758,0.00855300588245719,0.00265179920072504,0.00435151775755158,0.00308095437598151,0.00381151299240056,0.00767599089922077,0.0038752907612177,0.0043469616053012,0.00551365616205094,0.00278100013027944,0.00654564742199966
0.00290402084294754,0.000875681871663426,0.00570174163444907,0.00716381088840301,0.00697706269757413,0.00170466889106482,0.00307968522454019,0.00647816812476284,0.00903201825095789,0.00855804544325002,0.00265664931884176,0.00435796782011458,0.00308417844797516,0.00381563053962428,0.00767489106150724,0.00387727918962686,0.00434503925897504,0.00552487978254231,0.00277927573566484,0.00653853660561272
0.00291079008597229,0.000876496656524027,0.00570685520690399,0.00717037414737785,0.00698335509131017,0.00170655616032568,0.00308009940632721,0.0064785943815926,0.00903383730605324,0.00856102010730788,0.00265620769408974,0.00435842833115734,0.00308429115383648,0.0038168210893213,0.00767633087455872,0.0038830670351065,0.00434538908338326,0.00552188523133705,0.00278266943908539,0.00654778747261977
0.00290402438669445,0.000875774188887784,0.00570009241979562,0.00716068059442539,0.0069775690608631,0.00170347774690022,0.00307603782651693,0.00647688910895625,0.00902927758459029,0.00856074890878575,0.00265435301414624,0.00435987086992588,0.00308148993797641,0.00381346276706172,0.00767575767860158,0.00387738623720296,0.00434500095487372,0.0055235557925597,0.00277882352496587,0.00653569138455761
0.0029036129314673,0.000876186302746175,0.00570085083565805,0.0071613670987048,0.00697514326923617,0.0017044241492623,0.00307687245247989,0.00647838689265107,0.00903021141807364,0.00856301200729869,0.00265639776455777,0.00435618904570111,0.00308428884661921,0.00381360122082553,0.00767615049401317,0.00387779345867192,0.0043420419070776,0.00552444673694173,0.00278024989267299,0.00653836830664872
0.00290466312302172,0.000875228088472143,0.00570083244835729,0.00716222283440272,0.00697635161281076,0.00170550661028641,0.00307700038961093,0.00647980850026823,0.00902879227924956,0.00855878008007713,0.00265811916841457,0.00435684589802952,0.00308309062788934,0.00381754366784128,0.00767651622601642,0.00387699565880028,0.0043425116637993,0.00551785138478654,0.00278005027175303,0.00653845465526144
0.00290077153656916,0.000875968187321114,0.00570171867179916,0.00716281157811271,0.00697676193018229,0.00170403319826143,0.00307623436751536,0.00647456957004726,0.00902658428671843,0.0085556441888042,0.00265417723859578,0.00435520269969706,0.00308230720388058,0.00381407865894859,0.00767256383809527,0.00387712775518881,0.00434146249082169,0.00551493723916004,0.00277912733969041,0.00653847303050769
0.00290170941087362,0.000875715068970014,0.00569986347452318,0.00716164771443882,0.00697521551391484,0.00170437033649838,0.00308002532182509,0.00647001450181414,0.00902401321473148,0.00855778356344337,0.00265636692729066,0.00435592177485008,0.00308153402204028,0.00381233488097716,0.00767068767277876,0.00387354613249371,0.00434245753365607,0.00552265770556674,0.00278032985198728,0.00653602364270103
0.00290416086492139,0.000876435774379374,0.00570271283881602,0.00716581824919446,0.00697827682852869,0.00170484023177354,0.00308024774476217,0.00647969831841984,0.00903147281194507,0.00856265439579203,0.00265782643012565,0.00436106197640111,0.00308400048007557,0.00381457657637494,0.00767709804696648,0.00387964539401726,0.00434656495113126,0.00553179983459119,0.00278105002076589,0.00654269713249366
0.00290603151383424,0.000876687600153628,0.00570721593431125,0.00717256807421918,0.00698326275551741,0.00170340796941364,0.00307922840559498,0.00647960252451824,0.00903950564754887,0.00856270175849341,0.0026557650325675,0.00435956753152199,0.00308579342225277,0.00381781438165332,0.00768045708142123,0.00388151371686758,0.00434420392253306,0.00552990771829632,0.00278146679138226,0.00654600026199454
0.00290424635553625,0.000875467228147505,0.00570336926249696,0.00716715709704506,0.00697776579606995,0.00170554708298668,0.00308142787985271,0.00647656351357904,0.00902986749638758,0.00856195028951484,0.0026548661504744,0.0043554967777374,0.00308433121617146,0.00381522660542653,0.00767417504584783,0.00387808108003461,0.00434233377542794,0.0055178755796592,0.00277958205097355,0.00653923160352059
0.00290630687623761,0.000874766600532348,0.00569715856341053,0.00715534342113128,0.00697098377501867,0.001703080160139,0.00307569826874224,0.00648066569416577,0.00902362063292609,0.00855707512551226,0.00265342832538841,0.00435502731018401,0.00308278213729075,0.00381500302173917,0.00768257223958977,0.00387879300907593,0.00434876963718489,0.00551722838861128,0.00277806241623243,0.00653900582108
0.00290513602333291,0.000875833987727947,0.00570244920021859,0.00716100059166307,0.00697798137816432,0.00170438738042392,0.0030772635964667,0.00648092617022843,0.00903446937470278,0.00855743341009025,0.00265542710457223,0.00436118030517432,0.00308738962476022,0.00382030770497412,0.00768058859306817,0.00387909944420698,0.00434531730742093,0.00552301849796892,0.00278349778401716,0.00653848133769639
0.00290125596030648,0.000875496441621543,0.00570111284740344,0.00716007893283836,0.00697309041049835,0.00170397734286692,0.00307546764660937,0.00647414665093236,0.00902577221704276,0.00855655353518751,0.0026530090302735,0.0043534096857059,0.00308245503900418,0.00381419403317241,0.0076714262132269,0.00387723083227859,0.0043423349651187,0.00551853559463287,0.00277754048388954,0.00653752473507239
0.00290198408659139,0.000875768497295915,0.00570260672258604,0.00715969243968092,0.0069720586061166,0.0017037306531358,0.00308061800642418,0.00647036655235625,0.00902875136588156,0.00855851953093162,0.00265539463255744,0.00435683951480153,0.00308230605583717,0.00381514317056796,0.00767062770922256,0.00387695065156167,0.00434249350453933,0.00552599179127161,0.00277902815809127,0.00653308283706595
0.00290083965848575,0.000880252834564542,0.00570041499386827,0.00720332741222275,0.00701429108633164,0.00170381725732691,0.00309386746830479,0.00650867572624623,0.00902847943644793,0.00856389870047436,0.00265439211581199,0.00435662190679868,0.00308516101686818,0.00383468236598312,0.0077123697350218,0.00389924715044766,0.00434563636255847,0.00554997532819302,0.00278027535423263,0.00654137856618827
0.00290075950699421,0.00087566532390459,0.00570056886596909,0.00716246856205719,0.00697450869083371,0.00170412367012222,0.00307576984572251,0.0064740672772239,0.00902550397915692,0.00855852947668905,0.00265978898525692,0.00435577243133884,0.00308244083308582,0.00381408114871859,0.0076715599517266,0.00387646323539431,0.00434230638921517,0.00551795570574553,0.00277880114195172,0.00653773078704472
0.00290400228990384,0.000875772780552519,0.00570535004425908,0.00715685500832633,0.00697917779951659,0.00170263905659352,0.00307415075993652,0.00647515902710427,0.00902790496912331,0.00855867037496723,0.00265158079349747,0.00435769856739322,0.00308275738457912,0.00380997891646326,0.00766575679629067,0.00387426201352324,0.00433805396841635,0.00551825245568136,0.00277930530882042,0.00653798221947357
0.0029056442814721,0.000875926766574752,0.005701339486522,0.0071597957926791,0.00697791350789682,0.00170290840901213,0.0030761724700697,0.00647350546599654,0.00902562327666262,0.00856782123679509,0.00265398429978439,0.00436330156319049,0.0030852075081363,0.0038190868141272,0.00767433828535143,0.0038847628067448,0.00434279602681998,0.00551831993199533,0.00278190515837574,0.00654480277500691
0.00290082902794786,0.000875664903132645,0.00570201108845623,0.00716182522165026,0.00697499116240577,0.00170507698462214,0.00307992157693258,0.00647578515622762,0.00902778756239414,0.00855668742614671,0.00265730521299682,0.00435762574237586,0.00308214614814396,0.003815901191616,0.00767096228522919,0.00387737287092973,0.00434482900649398,0.00552521605234261,0.00277889949178864,0.00653803056999145
0.00290419979634901,0.000876537202089459,0.00570688993119928,0.00716580104544105,0.00697989183519056,0.00170565726403694,0.00308126209493301,0.00648105103720851,0.00903455404419216,0.00856316700433572,0.00265931214450068,0.00435850716654101,0.00308403152649117,0.00381751989840342,0.00767645881037232,0.0038786884363146,0.00434670415494728,0.00552924360926482,0.00278163786486443,0.0065425680290149
0.00290269619067788,0.00087493182476474,0.00569825768105166,0.00715711128355514,0.00697317863307085,0.00170208542169688,0.00307483339788232,0.00646965241466329,0.00902356962964964,0.00855218371778976,0.0026516851925059,0.00435271475578275,0.00308068554943937,0.00381251498382644,0.00767315273392351,0.00387465414647679,0.00434009611071581,0.00551527561639788,0.0027772884157515,0.00653472082976955
0.00290170595433639,0.00087576209432708,0.00570072884527436,0.00716050996120805,0.00697677529644476,0.00170298826549919,0.00307638704683513,0.00647242139274311,0.00902312152951302,0.00856149312762097,0.00265312244426041,0.00435518236494234,0.00308196803530097,0.00381355583053628,0.00767353980051811,0.00387590550079876,0.00434320324960634,0.00551641078721057,0.00277956920298481,0.00653984468897827
0.00290734777403108,0.000876500001807982,0.00570730151417429,0.00716794021765404,0.00698294259469838,0.00170541198402627,0.00308015875862244,0.00647963226494509,0.00903605385745436,0.00857204702619025,0.00265654996589083,0.00436309135454705,0.00308466277178217,0.00381805763061228,0.00767674224794132,0.00388057884725895,0.00434674136970878,0.00552481863240548,0.00278371632417535,0.00654442773620664
0.00290347444615025,0.000876256216808948,0.00570373730204895,0.00716579463000373,0.00698090208763992,0.0017064115830017,0.00308121905824177,0.00647870944537089,0.00903264379280182,0.00856537029098813,0.00265962605624608,0.00435959162554109,0.00308384522894474,0.00381842326205027,0.00767335291619904,0.00387992424092908,0.00435089595512891,0.00552696714620604,0.00278199863318074,0.00654011291169544
0.00290641819170692,0.000876444652419564,0.00570349763284437,0.00716526820796766,0.00697898210422214,0.00170405613470146,0.00308030753785065,0.00647704298331309,0.00902654465548317,0.00856015284365661,0.00265587789449516,0.00435901014486664,0.00308343732246233,0.00381432824831035,0.00767439211507071,0.00387798359522472,0.00434953786596609,0.00552549231798283,0.00278002793842512,0.00654179390646282
0.00290009180213169,0.000875155687003068,0.00569783489861896,0.00715717222204423,0.00697259702586364,0.00170322626133361,0.0030767756875046,0.00647044548221665,0.00902304232193731,0.00855249102883866,0.00265449357703601,0.00435273315484885,0.00308000198475208,0.00381071467746067,0.00766524009192284,0.00387427334794202,0.00434032571804364,0.00552560962880726,0.00277932246214412,0.00653158599166145
0.00290499659041146,0.000876035008317563,0.00570242747900103,0.00716276269495261,0.00697830926289164,0.00170487508386979,0.00307838648586135,0.0064831062156287,0.00903649904198731,0.00855881088729929,0.0026539828638352,0.00436177889053694,0.00309091544161998,0.00381987005819494,0.00767228234329015,0.00388567091452903,0.00434411902345898,0.00552571031099602,0.0027807562368831,0.00654207690637142
0.00290310178890977,0.000875845308619711,0.00570046097243939,0.0071591538771217,0.00697442452999979,0.00170361260334916,0.00308071030601919,0.00647061783314675,0.00902507195439028,0.00855899377942377,0.00265563132965929,0.00435632301633205,0.00308222873365311,0.00381190130432517,0.00767129019241176,0.0038772846068104,0.00434244640246798,0.00552132701377871,0.00277829464277267,0.00653420721040308
0.00290295696065459,0.000875059201796178,0.00569700051637833,0.00715652540592201,0.00697882014209234,0.0017033483969476,0.00307384697853717,0.0064716125141837,0.00902138273956414,0.00855456783885896,0.00265479125920787,0.00435429305651272,0.00308101106406639,0.00381271534281596,0.00767514185792577,0.00387842853321412,0.00434552554372797,0.00551722031716718,0.00277859051233737,0.00654217950577439
0.00290288900193346,0.000875228819294992,0.00569807745818333,0.00715927098710837,0.00697530613475945,0.00170309953243322,0.00307670248655388,0.00647085254108379,0.00902538751088594,0.00855535710672287,0.00265585571251035,0.00435458220851249,0.00308126548005571,0.00381630619627338,0.00767223852887674,0.00387495410058473,0.00434183410461851,0.00551603535846154,0.00277985269802505,0.00653454155991982
0.00290401690731328,0.000875988087015155,0.00570486234864142,0.00716133268365467,0.00697877418199135,0.00170478810650431,0.00307899952930406,0.0064777781550835,0.00903610030711777,0.00856298723291599,0.00265632745951106,0.00435895235303053,0.00308391869095168,0.00381450649265657,0.00767550431353168,0.00387972316694698,0.00434616150764155,0.0055283749477749,0.00278067707812716,0.00654013203977574
0.00290561850693404,0.000876283297065511,0.00570377027290233,0.0071639424764992,0.00697907758973042,0.00170607047395629,0.00307754243207422,0.00647672229575565,0.00903917857499239,0.00856926403505293,0.00265610924728437,0.00435613923451257,0.00308300142629086,0.00381640521544374,0.00767086040720194,0.00387669988760651,0.0043446283584888,0.00551879816333536,0.00278042995435237,0.0065378515946415
0.00290461159465914,0.000875830605333171,0.00570512133504447,0.00716610503747786,0.00697707615699833,0.0017059917856084,0.00308219507781341,0.00647931913579278,0.00903475846066741,0.00856082319038731,0.00265919242625555,0.004358678623952,0.00308377049893699,0.00381572921730084,0.00767242329829018,0.00387912204105108,0.00434490916783196,0.00552918523486163,0.00278049828791196,0.00653933540604388
0.00290211568895033,0.000875541507558422,0.00570415210470012,0.00716488698320156,0.00697922943994274,0.0017037175832761,0.00307857874944501,0.00647525206114751,0.00902407159964826,0.00855716362109003,0.00265397498832588,0.00435851846843843,0.00308210961966761,0.0038157364425158,0.0076707425548856,0.00387930400279854,0.00434172363336053,0.00551745095316712,0.00278093725905581,0.00654151458411071
0.00290824789159054,0.000875388535782561,0.00569979416418922,0.0071607799767903,0.00697584141096987,0.00170743840097222,0.00308135298005563,0.00647443518948147,0.00903731436811036,0.00855853566151371,0.00265365092307627,0.00435517972456672,0.00308222915169574,0.00381487120295598,0.00768263111931927,0.00388325989648492,0.00434916027329602,0.00552590171294567,0.00278474146526347,0.00653851609994379
0.00291016518415605,0.000876229520626001,0.00570696392378459,0.00716706950627131,0.0069825465770392,0.00170583712822085,0.00307942269768709,0.00647945681635297,0.00903524304434016,0.00856580574289748,0.0026597876047223,0.00436179042930076,0.00308484613972596,0.00381783554697309,0.00768209914544721,0.0038794671705681,0.00434630811633268,0.00552667470783924,0.00278288151517061,0.00654643058451253
0.0029018103481215,0.000875863954886179,0.00570175809132669,0.00716119612988641,0.00697426295174674,0.00170398269936805,0.00307589453950285,0.00647447218441223,0.0090296466299389,0.00855837025254409,0.00265428578026862,0.00435677032514359,0.00308297555052748,0.00381411590933013,0.00767448092363274,0.00387658335855933,0.0043420469550904,0.00551579311743057,0.00277867821484662,0.00653767835125444
0.00290817346316766,0.000876499512393869,0.00570422044799925,0.0071647209055751,0.00698157371699689,0.00170398532885789,0.00307849210292614,0.00647551612972239,0.00903605571813814,0.00856050537134992,0.00265734499073641,0.00435735461078279,0.00308389801441916,0.00381529248345304,0.00767391261136771,0.00387760400196653,0.00434628155657771,0.00552257382389752,0.00277987503056213,0.00654380277094584
0.00290064264468322,0.00087546874610626,0.00570122744492968,0.00716006930243223,0.00697288465192659,0.00170202987041916,0.00307566897651619,0.00647203078451813,0.00901771072858215,0.00855506806742786,0.00265426557891328,0.00435362026735283,0.00308258253988457,0.00381581497733587,0.00767322845324506,0.00387766754954954,0.00435962089615212,0.00551775407137242,0.00277981191219567,0.00654040217333741
0.00290449842516723,0.000875562805674754,0.00569685797228288,0.0071570235449685,0.00696954892584641,0.00170312453484792,0.00307657219478619,0.00647099628012904,0.00902185364106182,0.00855641839223003,0.0026549104695658,0.00435610586754463,0.00307996479403986,0.00381247202567738,0.0076673148336581,0.00387511353558754,0.00434026270350301,0.00552215211113512,0.00277726766361508,0.00653528026710929
0.00290698267837631,0.000876404218950919,0.00570811780186636,0.00716822316943532,0.00698478484350415,0.00170449228109197,0.00308067758155246,0.00647966530884016,0.00903717277311688,0.00856696937464836,0.00266010905424411,0.00435977307984407,0.00308756794208911,0.00382136241416323,0.00768021718996387,0.00388185945811536,0.00434635916296656,0.00552766999334146,0.00278194531695937,0.00654980137494049
0.00290736871366827,0.000876140417152943,0.00570351480445503,0.00716703513444582,0.00697264505026451,0.00170420173869804,0.00307705127602649,0.00647770107018441,0.00903009694035306,0.00856571312325838,0.002655238567083,0.00436241790660364,0.00308324242392329,0.00381497681122764,0.00767516761898369,0.00388537311168454,0.00434502031202168,0.00552777227843888,0.00278099850429596,0.00654325154643728
0.00290873149670637,0.000876277250076616,0.00570673482845198,0.00716454266150816,0.00697730819234586,0.0017039737473613,0.00307845199049649,0.00648589643216647,0.00904280624764824,0.00857177935665814,0.00265566120437577,0.00435580071552141,0.00308469637936923,0.0038167390770617,0.00767591590060992,0.0038800404081374,0.00434479522405296,0.00552096913926937,0.00278116225828039,0.00654448761316668
0.00290297971789951,0.000876288634333447,0.00570542387328779,0.0071675159919625,0.00698161718995482,0.00170556596115185,0.0030814854764957,0.00648083067402811,0.00903412101574529,0.00856422561809264,0.00265795327189842,0.00435948999248004,0.003085917004297,0.00381648125231545,0.00767634782399338,0.00387893332902929,0.00434616822542837,0.00552908815340444,0.00278136945859434,0.00654443354342372
0.00290726864753853,0.000876206329130788,0.00570501043564125,0.00716315819747327,0.00698479673995438,0.00170320821014693,0.00308325385461608,0.00647738149017295,0.00902777331602703,0.00856708559991925,0.00265292897666156,0.00436349053092643,0.0030837835426896,0.00381733858916428,0.00767211375246354,0.00387740232645166,0.00434377209938365,0.00551646905186966,0.00277977995060647,0.00655122619028913
0.00290289050762839,0.0008756406574622,0.00570476003605234,0.00716588267750866,0.00697919278147273,0.00170452390590501,0.00308088163112969,0.00647834774855892,0.00903109443310864,0.00855946540333668,0.00265899492761489,0.0043569244692544,0.00308291454574448,0.00381626108041254,0.00767235363198086,0.00387840228925279,0.00434626574386845,0.00553171373746825,0.00277921590976005,0.00654189709579652
0.00290421562666713,0.000875513618095565,0.00569999873248487,0.00716013202970914,0.00697767714168239,0.00170240919395218,0.00307474100654454,0.00647651483888,0.00902666569554793,0.00855272575838836,0.00265584703585675,0.00435572183995453,0.00308102132911824,0.00381623140322986,0.00766800125517511,0.00387871263137273,0.00434458735288257,0.00551874638237452,0.00277958668224376,0.00654106378010257
0.00290446466937821,0.000877055415808736,0.00570585258764761,0.0071679620237178,0.00698380573154169,0.0017055964641929,0.00308114739392698,0.00648166306062988,0.00903543694541769,0.00856548935262223,0.00265847960208612,0.00435934716331901,0.00308600021730678,0.00381671827632956,0.00767637640734772,0.00388034311167949,0.00434657959656177,0.00553127405524138,0.002781387932708,0.00654320389487167
0.00289983686057423,0.000875450069671808,0.0057002024628876,0.00715813075920464,0.0069732833736606,0.00170142345642385,0.00308233812230723,0.00646992311898054,0.00902079061445844,0.00855839616128601,0.00265125490566037,0.00435293601408777,0.00307983186762581,0.00381191749957431,0.00767223805914352,0.00387574233168639,0.00434324985909382,0.00551491255445201,0.00277816722109878,0.00653643390762247
0.00290324906686115,0.000875639829763902,0.00569883493734035,0.00715717733333956,0.00697507763831618,0.00170375442755425,0.00307518798275318,0.00647324855970585,0.0090234036938994,0.00855805917640739,0.00265372050620484,0.0043551252748972,0.00308256933383209,0.00381218419825711,0.00767112574318423,0.00387489848220172,0.00434121369152035,0.0055217157395071,0.00278025276597542,0.00653646973909636
0.00290032832188707,0.000875640961905213,0.00569919726782226,0.00716285510916054,0.00697680979440132,0.00170386285342157,0.00307757651761159,0.00647389460607922,0.00902756283101281,0.00856104492675048,0.00265237694352108,0.00435548167592325,0.0030837003412547,0.00381487551308126,0.00767313482177035,0.00387511671487539,0.00434287340845588,0.00551704521484521,0.00277903243221564,0.00653684130739016
0.0029092427072555,0.000876219235957727,0.00570490588061366,0.00716805881539318,0.00698201842414301,0.00170504406571003,0.00307892813671803,0.0064791634114353,0.0090491258379489,0.00856290093177653,0.00266053313416039,0.00436094001149502,0.00308362803387715,0.00381987653852027,0.00767701902667883,0.00388123114611236,0.00434789856980705,0.00553111565178542,0.00278668073155818,0.00654373748082799
0.00290395541645322,0.000875201653491206,0.00569615257456056,0.00715578667581586,0.00697061503209595,0.00170140139062562,0.00307437102758253,0.0064714877275325,0.00902716173388887,0.00856173948987852,0.00265424074454542,0.00435077166363154,0.0030812728945865,0.00381730685412844,0.00767991879246872,0.00387522727327312,0.00434034948952281,0.00551515038392388,0.00277691931463369,0.00653889430237486
0.00290602384172859,0.000876608713500578,0.00570635375254658,0.00716937182541383,0.00698214055475615,0.00170542027441785,0.00308070704615481,0.00648271255846953,0.00903591331738384,0.00856634851161194,0.0026573668195408,0.00435944292707168,0.0030838868225178,0.00381644869160674,0.00767753934772917,0.00388044074137291,0.00434658439712895,0.0055284127990662,0.00278071187145567,0.0065436699500813
0.00289912164194533,0.000874882278135943,0.00569865466082499,0.00715598702773034,0.0069703157095826,0.00170438790231462,0.00307430542592298,0.00647238071856327,0.00901992985043471,0.0085510624181994,0.00265467382640153,0.00435888748266603,0.00308139866720294,0.00381418999431633,0.00766622641583337,0.00387633128109191,0.00434380502371278,0.00551885888825173,0.00277805412796537,0.00653238916989802
0.00290203627708509,0.000875539084937653,0.00569876745980838,0.00715816932312623,0.00697472785035457,0.00170316747882035,0.00307965263708752,0.00647240104968798,0.00902491535622835,0.00856337376901927,0.00265658063373869,0.00435656345615746,0.0030823406826463,0.00381432553467762,0.00767707178413108,0.00388094813656077,0.00434290543674625,0.00552246719151786,0.00277670139671533,0.00654018749502644
0.00290279843799351,0.000876569212042615,0.00570587133447931,0.00716613170295755,0.00698625493915524,0.00170599595699325,0.00307858668490644,0.00647876086003072,0.00903350353693461,0.00856426029603092,0.00265566371786977,0.00435805146209016,0.00308523506262,0.00381769145569651,0.0076775599846818,0.00387907584839136,0.00434767232167601,0.00552925650663164,0.00278166001653979,0.00654254777012297
0.002908211401013,0.000876451916552361,0.00570485124420202,0.00716750534162999,0.00698493765760267,0.00170740594973583,0.00308557582142129,0.00647885969923884,0.00903309588343402,0.00856545455179523,0.00266047929837531,0.00436532456966528,0.00308921145806874,0.00382195450239405,0.00767581850686649,0.00388656761500047,0.00434564271233949,0.005524317859232,0.00278504482732552,0.00654565263162649
0.00290319164735646,0.000875035672831063,0.00570088774975489,0.00715542395948574,0.00697436552347695,0.00170253918498711,0.00309398563117284,0.00647755385784138,0.00902230455244829,0.00855732544374291,0.00265459890414104,0.00437641740732127,0.00307992759120714,0.00381272860926779,0.00766637385508749,0.00387840822178656,0.00436309287626136,0.00551442231025173,0.00279217120391928,0.00653526684318578
0.00290271748963237,0.000875068556268091,0.00570124351219752,0.00716678185271244,0.00697641980504551,0.00170153433240862,0.0030772689825025,0.00646913093776106,0.00901645798970563,0.00857232137584321,0.00265548355279435,0.00435643573066721,0.00307983471616758,0.0038148294052929,0.00766700090785835,0.00387609511421571,0.00433942708911585,0.00551840194092015,0.00277834025188512,0.00653718155753574
0.00290366164698554,0.000876139424192792,0.00570449443964331,0.00716012865950418,0.00698027303164911,0.00170467613534922,0.00307926024473729,0.006477680185124,0.00903169938155803,0.0085606482990698,0.00265637082350936,0.0043599904897134,0.0030848364336641,0.00381692719547648,0.00767550883277006,0.00387884467101228,0.00434456438812776,0.00552906340095287,0.00277994814768295,0.00654067294168495
0.00290574736609031,0.000876628416368889,0.00570644411958313,0.00716840615302003,0.00698202575505543,0.00170374542900205,0.00307756265381736,0.00647913894934618,0.00903473599075057,0.00856826235780843,0.00265965002749311,0.00436264391408638,0.00308703366203879,0.00381982016331984,0.00768198284142048,0.00387989055538632,0.00435043208917998,0.00552668643017275,0.00278055923103533,0.00654907128692529
0.0029005491903977,0.000874586220290705,0.00569769929219283,0.0071565636085639,0.00696885944862577,0.00170342294871575,0.00307607518572964,0.00647042279920013,0.0090215337553726,0.00855137003794118,0.00265390849086848,0.00435612289285393,0.00307988071379874,0.00381083657646231,0.00766432195135782,0.00387395860908263,0.00434010614850705,0.00552313297450525,0.00277869852557738,0.00653466180157781
0.00289960960726339,0.000875295250434584,0.00569367048094502,0.0071513670628888,0.00696721976293605,0.00170772310539637,0.0030765561099285,0.00647291464174325,0.00902576226212348,0.00855244108511984,0.00265630195670486,0.0043569498417425,0.00308068080955453,0.0038114181144344,0.00766686914902251,0.0038785354845152,0.00434311634344835,0.00552400174689013,0.0027788585663793,0.00653552972479556
0.00290407291224688,0.000876598595448777,0.00570514414236506,0.00716587373374744,0.00698405779548798,0.00170562742163342,0.00308201063086198,0.00647881083007081,0.00904163932919206,0.00856521403010699,0.002658671836989,0.0043583994216696,0.00308317300437783,0.00381612914941615,0.00767766081523336,0.00388131772797235,0.00434566939319592,0.00553034355077142,0.0027811619918482,0.00654252576421161
0.00290206703028217,0.000875749973263774,0.00570047270586677,0.00716247231382068,0.00698067022270373,0.00170603859358389,0.00308309505661684,0.00647921593358443,0.00903295877247711,0.00856175422881334,0.0026596571631587,0.004359495967821,0.00308414118210154,0.00381541408350601,0.00767276899937066,0.00387832521785422,0.00434471566268,0.00552999839280885,0.00278009437080262,0.00654187265540745
0.00290373586727019,0.000875877198597851,0.00570088878950931,0.00716469776153193,0.00697938684620606,0.00170475122030932,0.003081630286631,0.00648006694987985,0.00903341063436624,0.00856025814980623,0.00265728085599924,0.00435783663881568,0.00308384954568979,0.00381582229777087,0.00767438140144912,0.00387906002405463,0.00434610856491358,0.00552722534717406,0.0027804270294455,0.0065409463244189
0.0029001130129592,0.000875178178824612,0.00569560884628698,0.00715468956050848,0.00697251214438364,0.00170292586024605,0.00307583445444939,0.00647084785418254,0.00902087674877563,0.00855197003405333,0.00265279490639647,0.00435381801586984,0.00308086237445522,0.00381060361471742,0.00766384170127592,0.00387395995362813,0.00434191114677971,0.00551423001028178,0.0027768948170471,0.00653325781519891
0.00290529457118881,0.000875573017537434,0.00570059599467243,0.00715489692244404,0.00697692711330616,0.001703790373905,0.00307805647053404,0.00647517005383349,0.00902586997497789,0.00855555332944609,0.00265575573278695,0.00435519661940361,0.0030814473715796,0.00381266387509895,0.00766886500751052,0.00387580978752865,0.00434152100496685,0.00552518281237004,0.00277866227425481,0.00653570632799222
0.0029040730417799,0.000876238744393651,0.00570766318892559,0.00716370494954455,0.00697750312579443,0.00170674269507431,0.00308320421611698,0.00647798509753839,0.00903551923637742,0.00856365783035876,0.00265773492901776,0.00436110745458008,0.00308555810261951,0.00381560676761704,0.00767789713582835,0.00387858061234914,0.0043457955561003,0.00553125799118486,0.0027815525064215,0.00654295544675991
0.00290796494475474,0.000876373115104189,0.00570767986614292,0.00716768460741814,0.00698297249291837,0.00170688255867525,0.00307967570703673,0.00648197304017193,0.00903400403320022,0.00856764446179543,0.00265915545323681,0.00435966226087008,0.00308552915865364,0.003818698172834,0.00767889880766007,0.00387961857335559,0.0043470590605545,0.00552389182970435,0.00278131782462151,0.00655172346874788
0.00290459193171079,0.000876232987141774,0.00570686203745018,0.00716772836339866,0.00698176579117832,0.00170594502152965,0.00308159213289658,0.00647963511968504,0.00903656161157554,0.00856533789920593,0.00265948446740567,0.00436102515502369,0.00308371092699121,0.00381766798481315,0.00767873931897647,0.00388079356751161,0.00434598201733854,0.00552989125598761,0.00278229617041426,0.00654352408023268
0.00290196915319364,0.000875259674656029,0.00569395811860576,0.00715363831567592,0.00697509027038024,0.00170261962847558,0.00307659465866505,0.00646656190440686,0.0090227107918899,0.00855831499525289,0.00265262219970468,0.00435189931171775,0.00307960040062368,0.00381557164300536,0.00766658481712233,0.00387540372755453,0.00433661181716972,0.00551347950660533,0.00277773877651026,0.00653216791104425
0.00290559968533213,0.000876034843141333,0.00570438257470484,0.00716890186867879,0.00697911896458815,0.00170755763701698,0.00307642848608106,0.00648235557977383,0.00903988946444374,0.00856221764971171,0.00266176944439835,0.00436363501821726,0.00308492731916389,0.00382091996437613,0.00767188942930001,0.00388012292755171,0.00435162192263397,0.00552493888132515,0.00277886372981972,0.00653784091460291
0.00290143647741803,0.000875940496788006,0.00569719022623172,0.00716150029071078,0.00697217608501741,0.00170478930774551,0.00307886438582879,0.0064753455046397,0.00902672431686363,0.00855183206974535,0.00265629637970348,0.00435542234339695,0.00308164833322875,0.00381302694169339,0.00766971627042778,0.00387652016539011,0.00434240891941199,0.00552458879745086,0.00277934809522816,0.00653715563198353
0.00290204268894195,0.00087638625246843,0.00570393725103509,0.00716264251149358,0.00697419990883604,0.00170557856871754,0.00308160378878011,0.00647875131521869,0.00903260951128426,0.00856053751651957,0.00265759843036685,0.00435963722578434,0.00308425447534317,0.00381399159229681,0.00767334572124853,0.00387828953374373,0.00434344999251105,0.00552777252210947,0.0027807706268498,0.0065403651934287
0.0029078095721061,0.000876085436839766,0.00570652597586789,0.00716566710886709,0.00697985104300195,0.00170540323834021,0.00307946234515393,0.00647873450846224,0.00903527172570491,0.00856186013793445,0.00265776723837493,0.00436027903965528,0.00308313602909346,0.00381669978941414,0.00767731554643079,0.00387640098056818,0.00434730153175243,0.00552419813421234,0.0027812478253644,0.00654371015681942
0.00290173919566887,0.000875232591602953,0.00570267515145355,0.00715520447082101,0.00697411740150574,0.00170298172399956,0.0030756640951658,0.00647120485952996,0.00902331047164386,0.00855878197091625,0.00265270347404248,0.00435643387383694,0.00308279617346915,0.00381224370057726,0.00766747729143597,0.00387755464328164,0.00433913227613214,0.00552076278873846,0.00277742798459356,0.00653368238092851
0.00290445293246604,0.000875805301408289,0.00570198313908213,0.00716139735339005,0.00697894699062353,0.00170420484168487,0.00308085268386416,0.00648087510732202,0.00902974082298589,0.00856151876540986,0.00266620640670516,0.00435680875923992,0.00308300165867135,0.00381592080341162,0.00767763977456927,0.00388195258895067,0.00434742685507407,0.00552000587727807,0.00277988259893032,0.00654068562568254
0.00290537396248635,0.000875734551164088,0.00570325913943462,0.00716312550623237,0.00697852953381473,0.00170581542639895,0.00307763802108574,0.00647783046151384,0.0090443065103508,0.00856978708686161,0.00265806054860966,0.00435755048065592,0.00308372382791591,0.00381530574892854,0.00768134555810704,0.00388030250208156,0.00434363951655674,0.00552388250572347,0.00278341346322834,0.00654478481392559
0.00289995957123333,0.000875501741111891,0.00570091904529919,0.00715861248614,0.0069747742047136,0.00170354872804491,0.00307655933783384,0.0064716167686411,0.0090234258664445,0.00855793503412986,0.00265526853510918,0.0043545262963677,0.00308314708667313,0.00381553559637864,0.00766997939293816,0.00387395987534491,0.00434177275852215,0.00552470147862773,0.00277892940375652,0.00653484291677145
0.00290601864964169,0.000876075742872916,0.00570429928929387,0.0071645151911879,0.00697806957790628,0.00171018997638364,0.00307816164794066,0.00647739862440736,0.00903526526975221,0.0085656762663642,0.00265799777624763,0.00436006085065977,0.00308353480556136,0.00381598152623937,0.00767414366546573,0.00387824482541085,0.00434538817893452,0.0055216094981949,0.00278023242501264,0.00654336015117712
0.00290659494801824,0.000875988603726922,0.00570162213551238,0.0071626853167254,0.00697811336077718,0.00170553675376842,0.00308067644969339,0.00647643750734959,0.00902963313730716,0.00857027316666191,0.00265438198580472,0.00435733931118509,0.00308440984029031,0.00382038602939672,0.00768264375646429,0.00387821259003728,0.00434518837799036,0.00551968651316914,0.00278277078125277,0.00654180642994058
0.00290420098507273,0.000875508306667105,0.00570028633730744,0.00716255606820532,0.00697904530749919,0.00170306216317483,0.00307676334803793,0.00647529179681817,0.00902864877467529,0.00856683736890958,0.00265332426540828,0.00435922323702689,0.00308194350021894,0.00381404874183078,0.00767761198008856,0.00388253388361528,0.00434297960412455,0.00551928547740547,0.00278101352482987,0.00653992978287928
0.00290265890102059,0.00087595220001686,0.00570295780415801,0.00716277770790048,0.00697773145788921,0.00170442681698108,0.00307883049096367,0.00647680708993141,0.00902582327848434,0.00855800979599947,0.00265625906992259,0.00435861996226083,0.00308484348473494,0.0038162012780961,0.00767365586067892,0.0038774677604583,0.00435016482547687,0.00552458150956337,0.00277980329639541,0.00653951328197321
0.00290423826063485,0.000875303579600521,0.0056996694609886,0.00716482926043241,0.0069787052338134,0.00170392932845724,0.00308272271543688,0.00648540382590083,0.00903483189999414,0.00856883557365788,0.00265755295339485,0.00436137495387324,0.00308392002704905,0.00381540747140932,0.00767486162078241,0.00387636275075571,0.00434858668548656,0.00551581461816244,0.00279443541545191,0.00654284079462156
0.00290022804740868,0.000874293379338976,0.00569440299186009,0.00715249492103453,0.00697018818382648,0.00170445432908781,0.00307748342559947,0.00646955046670335,0.00902041191162594,0.00854756282807123,0.00265639479254976,0.00435533891438313,0.00308044025334879,0.00381336965923354,0.00766295893934208,0.00387635893672281,0.00434232518342172,0.00552107188887598,0.00277829468025613,0.00653034732328055
0.00289944042679642,0.000875611919407016,0.00569805433441027,0.00715988784805984,0.00697027473552092,0.00170409414282191,0.00307750384581454,0.00646980453669717,0.00902787784881555,0.00855273918270288,0.00265673796427695,0.00435611754717754,0.00308314101849448,0.00381256599868442,0.00767010276785218,0.00387768101262934,0.00434202506989151,0.00552975784512934,0.00278005439877116,0.00653616887201329
0.00289994950001977,0.000875366622410851,0.00569682436601216,0.00715791947920018,0.00697146581161124,0.00170199544721612,0.00307627159822446,0.00647059971536962,0.00901594373580458,0.00856026453624881,0.00265491618483632,0.00435400861550679,0.00308066099793336,0.00381136634626954,0.00766565177152724,0.00387411956783152,0.0043387504734443,0.00552067499218065,0.00277810315877868,0.00652967371442166
0.00290564403648193,0.000876559933579129,0.00569981102475318,0.00715797160964571,0.00697516016469055,0.00170585843596893,0.00307889361138931,0.00647332326718737,0.00902235101235681,0.00855095895463549,0.00265341710444794,0.00435512304172211,0.00308123082992074,0.00381818467813011,0.00766745067187205,0.00388131254161781,0.00434141366890985,0.00551473940322766,0.00277833793002604,0.00653838836883171
0.00290676548263917,0.00087561277463541,0.0057007985592612,0.00716030869044176,0.00697434668732939,0.00170266879405426,0.0030758841998109,0.0064770513019602,0.00902280929122473,0.0085711795894751,0.00265532470565578,0.00435758668285693,0.00308205135740091,0.00381407456156403,0.00767180615553984,0.00388238198831206,0.0043413967102511,0.00551837441853133,0.0027778034503133,0.00653643361285377
0.00290106743489216,0.000875546289695114,0.00569870250006368,0.00716117082647454,0.00697477167651456,0.00170372259420125,0.00307400568003902,0.00647513469851148,0.00902043847742574,0.00855793847818486,0.00265261504987403,0.00435318343411272,0.00308150188368139,0.00381294439499179,0.00766781234901319,0.00387577129705218,0.00433956677529801,0.00551440380644228,0.00277771870805382,0.00653722800743443
0.00290494366166921,0.00087611696769579,0.00570192097968501,0.00716232877815426,0.0069848133133321,0.00170691415402484,0.00307712732902238,0.00648173926974713,0.00902969624437008,0.00855683301194828,0.0026571713259875,0.00435859437469626,0.00308185667385008,0.00381750320118062,0.00767146082263664,0.00387709546102809,0.00434460358658152,0.00552096907329055,0.00277983059801749,0.00654120682449996
0.00290376023133742,0.000875972403125586,0.00570659816065406,0.00716852337146685,0.00697673482959579,0.00170696458164367,0.00308246034621046,0.00647846954078041,0.00903510707779207,0.00856805022311073,0.00265718478593561,0.00436166232797689,0.00308397131486886,0.00381722353091793,0.00767812539230268,0.00387998889715563,0.00434501582900194,0.00553056866995317,0.00278052527217019,0.0065424689862903
0.00290039631311324,0.00087581770169285,0.00570250898620983,0.0071611505623234,0.00697707669125082,0.00171317616650334,0.00307600264312154,0.00650570127917555,0.00907134726348258,0.00856168202482176,0.00266805498614461,0.00435463738818582,0.00309859397869094,0.00383164221757369,0.00771188274850917,0.0038989932676478,0.00434397380415553,0.00554674888235432,0.00277816518859249,0.00653645515842874
0.00290051024915798,0.000875009519206379,0.00569651608344816,0.00715898561319937,0.0069742054735215,0.0017026787364502,0.00307573812371415,0.00647369265782823,0.00901711221736992,0.0085699622574863,0.00265502847373013,0.00435592900782289,0.00308241334212066,0.00381266678468202,0.00767002247320965,0.00387586102676054,0.00434164229166164,0.00551595625552716,0.00277830471941832,0.00653624128439519
0.00290399502359895,0.0008755290592924,0.00569995894207639,0.00716469550435253,0.00697739614796252,0.00170538580058412,0.0030794253284719,0.00647693807895435,0.00902575786069933,0.008561130234666,0.00265488169137806,0.00435604597848937,0.00308551202513211,0.00381479440785539,0.00767175698739308,0.00387783016601149,0.00434959480931238,0.00551943513828224,0.00277921180733246,0.00653973385388009
0.00290109150005677,0.000874968651441038,0.00570058907149654,0.00715613472404215,0.00697096875190802,0.00170415289182249,0.00307378153965903,0.00647143675324395,0.00902167782041175,0.00855737488181029,0.00265182972105533,0.00435659922507825,0.00308141240030775,0.00381334562020507,0.00766879181549097,0.00387591145950799,0.0043423896814407,0.00551658557522041,0.00277887596140752,0.00653674115415345
0.00290208574893189,0.000875578651735038,0.0057016356398797,0.00716257549228409,0.00697792554606618,0.00170388406663745,0.00307792818484269,0.00647297579388554,0.00902269759676367,0.00855743128774257,0.00265941361464577,0.00435866448051249,0.00308290906758371,0.00381538030679923,0.00767057894774125,0.00387786362405185,0.00434514527902777,0.00551860860406717,0.00277938942912653,0.00653682249068765
0.00290170797514155,0.000875863211916918,0.00570189922332699,0.00715782772502235,0.00697647553537924,0.00170359101492306,0.00307877027666198,0.00647603493809444,0.00902424197040329,0.00855712506701176,0.00265511727540517,0.00435421165074745,0.00308206891774789,0.00381377251378293,0.00766674090309735,0.00387715945112661,0.00434343929411326,0.00552503551751074,0.00278036600715501,0.00653655365316224
0.0029030501271227,0.000875934482533745,0.00570416265804771,0.0071640016474837,0.00697975274848717,0.00170559705809304,0.00308204802314238,0.00647835137922804,0.00903033629372073,0.00855742641997069,0.00265779538573617,0.00435842890310763,0.00308329686194283,0.00381878497122671,0.00767219057056267,0.00387781892912677,0.00434620260939135,0.00552897503069241,0.00278082140473532,0.00653978081027441
0.00290389422106972,0.000876587436719595,0.00570492308148009,0.00716505467059609,0.00698252055281889,0.00170736714844409,0.00308230985689961,0.00648104270729326,0.00903575828510747,0.00856593968529928,0.0026584857307082,0.00435990118480272,0.00308515241313009,0.00381799227752801,0.00767785762865483,0.00388099680656255,0.00434537799846783,0.00553062904651211,0.00278400399317826,0.0065447113685323
0.00290539248750895,0.000875885059883925,0.00570416362332598,0.00716096604368039,0.00697903080905418,0.00170420205149929,0.00307749443578225,0.00647752891669629,0.00903300230992878,0.00856009105643464,0.00265595634580661,0.00435798711376864,0.00308345362028323,0.00381819648803207,0.00768015225306282,0.003877649283994,0.00434776206960874,0.00552096247549758,0.00277925953753828,0.00654011520397995
0.00290429982900708,0.00087674545589585,0.00570665396182576,0.00716875671906342,0.00698384604659905,0.00170610557392913,0.00308141809675275,0.00648202565056954,0.00903253655395791,0.00856513598387815,0.00265833143112554,0.00435953716815618,0.00308482273797314,0.0038181009259905,0.00767655102300342,0.00388085280110164,0.00434905213424042,0.00553051797797794,0.00278165125681711,0.00654296785218808
0.00290672452050677,0.00087645895578405,0.00570537863325354,0.00717072481099602,0.00698433902142861,0.00170630012383973,0.00308255137714556,0.00647699465632469,0.00904363976982509,0.00856479911156068,0.00266570071786631,0.00435784867571008,0.00308763966464707,0.00382110004796349,0.00767786642620523,0.00388014440435221,0.00434729810644003,0.00552374445805202,0.00278048452928618,0.00654960234270492
0.00290442007111771,0.000875661750708495,0.00570212286986466,0.00716130224301538,0.00697728129339692,0.00170465744015369,0.00307924686053505,0.00647451490826627,0.00903708977552131,0.00855943661000205,0.0026546019811482,0.00435987230367109,0.00308257365876097,0.00381378493465058,0.00767595663495511,0.00387844067114952,0.00434514680835245,0.00552292336533388,0.00278262875214645,0.00654110644678462
0.00290036686925433,0.000875447941194466,0.00569905009670787,0.00715878223115069,0.00697671644264509,0.00170333004456302,0.00307510450320968,0.00647268055174352,0.00902318448061801,0.00855588213433493,0.00265276762446041,0.00435359823562701,0.00308207642258577,0.00381251322325627,0.007670039055264,0.00387567835540709,0.00434176698741785,0.00551628618534445,0.00277727905502899,0.00653801655480357
0.00290216085223846,0.000875849671069934,0.00570421637635965,0.00716299714373762,0.00697878800748131,0.00170423744170344,0.00307621143310471,0.00647606504129297,0.00903005688084582,0.00856071405199116,0.00265360266745433,0.0043555974779148,0.00308305138768178,0.00381431232117519,0.00767224384676061,0.00387694977222972,0.00434296612169931,0.00551896531548948,0.00277908293486159,0.00653975249016305
0.00290055727889285,0.000875380702980429,0.0056987023242106,0.00715911847626429,0.00697364668681283,0.00170368341419753,0.00308214148010525,0.00647047261948361,0.00902241660744593,0.00855545605760308,0.00265858674049888,0.00436299817986796,0.00308699328353117,0.0038119270359228,0.00768239935902443,0.00388480592757808,0.00435115776845173,0.00551582918364669,0.00277836972084759,0.00653569132430987
0.00290437096032501,0.000875947605860022,0.00570371829509268,0.00716523182439986,0.00698386247995509,0.00170547284646705,0.0030806715196247,0.00647950010723047,0.00903418657585889,0.00856502967457411,0.00265841302875006,0.00435818914848945,0.00308449595218131,0.00381599443630926,0.0076767373142565,0.00387964105934183,0.00435032489688727,0.00552947725043909,0.00278137016220204,0.00654415230876967
0.00290401658681974,0.000874963104523785,0.0056978551546067,0.00715911447409627,0.0069741588600253,0.00170452530348174,0.00307641304079591,0.00647250158799052,0.00902740741507857,0.0085519154450717,0.00265441612646928,0.00435420660829374,0.0030795278107063,0.0038116667107929,0.00767109017074577,0.00387298579360104,0.00434117789898483,0.00552344943699893,0.00277610558358774,0.00653505329733237
0.00290366216732597,0.000876420432221132,0.00570543956622686,0.00716491415209256,0.00697919174659927,0.00170692706650797,0.00308295021434552,0.00647644866340534,0.00903090443223227,0.00856123742725797,0.00266020346215723,0.00436091140762064,0.00308326253906573,0.00381471516018407,0.00767666254464777,0.00388169232382229,0.00434759480296314,0.00552792275349868,0.00278197790095997,0.00654012931651038
0.00290187548952333,0.000875827701373088,0.00570355626699142,0.00716321192254503,0.00697706485430207,0.0017046978572458,0.00308422301473321,0.00647867091498307,0.00902780736286522,0.00855856224904638,0.00265412552896931,0.00435730582689125,0.00308284034642865,0.00381427707580569,0.00767223165670281,0.00387978447504191,0.00434221706462427,0.00551868297115282,0.00278078498900072,0.00653949161092748
0.00290295379257156,0.000876143449528543,0.00570367103796274,0.0071613573524069,0.0069829413799414,0.00170406413432305,0.00307728302736745,0.00648004702520078,0.00902913740644626,0.00856222254433675,0.00265600130860999,0.0043621632861741,0.00308587815928402,0.00381843643230706,0.00767607060273468,0.00388352080407517,0.00434592974336477,0.0055199980468958,0.00278145289221839,0.0065476249810991
0.00290527106767604,0.000875711027514733,0.00569752400439211,0.00715884827869997,0.00697586113496326,0.00170519531145026,0.0030761916381762,0.00647603020371571,0.00902715578204513,0.00855608338461618,0.00265820651363057,0.00435673901323377,0.00308661587705275,0.00381317099616661,0.00767245306123232,0.0038773888330167,0.00434193946035003,0.00551775082974416,0.00278258504929786,0.00653673419576755
0.0029024200785128,0.000876135896777798,0.00570481729432325,0.00716468339195113,0.00697982950227189,0.00170413958620835,0.00307791589777489,0.0064767395264304,0.00902871240128402,0.0085613428415596,0.00265447030134735,0.00435662483391658,0.0030833668585426,0.00381464129151763,0.0076737387344108,0.00387844130260286,0.0043444441325748,0.00551899932827157,0.00278011878805516,0.00654062067130667
0.00290198451100933,0.000875866345873243,0.00569733573400876,0.00716407181958914,0.00697778650494474,0.00170338135609184,0.00307471056617777,0.00647097785080289,0.0090234552806812,0.00855993849590191,0.00265513335817027,0.00435622802979303,0.00308490540252255,0.00381413944800856,0.00767133143176708,0.00387481575828697,0.00433824052085039,0.0055166050628025,0.0027807783274593,0.00653657996376684
0.00290628137043325,0.000876038512214715,0.00570620261093043,0.00716002465532508,0.00697488977904388,0.0017038700910355,0.00308305945813183,0.006474944343075,0.00902690047909941,0.0085667870500364,0.0026576310152571,0.00435855144669167,0.00308347080902362,0.00381562821213408,0.00767631011559849,0.00388272566029861,0.00434911193414284,0.00552533760884087,0.00278270425255832,0.00654067500198968
0.00290128639358039,0.000875427763169539,0.00570022478447874,0.00716070093568377,0.00697457605243568,0.00170344491700255,0.00307783757263634,0.0064736155298852,0.00902521131184838,0.00855843056720924,0.00265424822423086,0.00435518833478955,0.00308205280397757,0.00381443731667144,0.00767264533539872,0.00387905656106077,0.00434450979188932,0.00551851842296692,0.00277934113266684,0.00654002213836266
0.00290676275783768,0.000876153334642477,0.00570557745920789,0.00716651778348046,0.006976230626887,0.00170559451601611,0.00308014628095792,0.00648168331122376,0.0090371255018094,0.00856194929693653,0.00265878808747773,0.00435849381277607,0.00308534231589987,0.00381527397141597,0.00767785669042222,0.00387920567525006,0.00434622159568751,0.00553199847871392,0.00278211961004378,0.00654196411572718
0.00290300949103195,0.000875348339947838,0.00569892637222432,0.00715770431369528,0.00697300506704909,0.00170210337968995,0.00307696650680409,0.00647550285771857,0.00903586476033723,0.00855309193368869,0.0026515626211339,0.00435812974404092,0.00308068670345294,0.00381197432811852,0.00766997566436342,0.0038739759490901,0.00434400006587998,0.00551291262768593,0.00277764056425902,0.00653624799905393
0.00290556247847473,0.000875005207392022,0.00569600409506889,0.00716383310112213,0.00697362637170548,0.00170338041050869,0.00307511258594183,0.00647191697517662,0.00902363052783352,0.00855472326561995,0.00265424590995436,0.00436086810233903,0.00308305099308364,0.003814054944616,0.00767931354360025,0.00387524633476902,0.00434326342743086,0.00551672815282768,0.00278148082226593,0.00653760021364891
0.00290562299095854,0.000875842141889605,0.00570475921253399,0.00716133254218774,0.00697831423233344,0.00170404143744751,0.00307714182573615,0.00647841552241955,0.00904259768104015,0.00855860211854683,0.00265492689596828,0.0043618112186315,0.00308226622422203,0.0038146861869669,0.00767856482364641,0.00387755278239153,0.00434294094012914,0.00551945304078987,0.00277948823828895,0.00654680259271849
0.00290612927657417,0.00087650093706365,0.00570754804668413,0.00716827141005667,0.00698330345684562,0.0017098335585281,0.00308165238723903,0.00647928319334742,0.00903804504784534,0.00856187543273997,0.00265776173457161,0.00435794450584727,0.00308565292027463,0.00381572056471151,0.00767888350757866,0.00388247337155992,0.00434434961619715,0.00552131101676699,0.00278212750718888,0.00654785991584776
0.0029047251611099,0.000875696260539246,0.00570112658487733,0.00715862887900304,0.00697466494968238,0.00170473836098599,0.00307959152404862,0.00648123547673621,0.00903103802605479,0.00856690387678495,0.00265634094432359,0.00435475597875884,0.00308542979890572,0.0038176683995927,0.0076697416833706,0.00387814721135221,0.00434457421825658,0.00551756983807366,0.00278138155570165,0.00653907051999371
0.00290208311119661,0.000876022131751396,0.00570346820177273,0.00716371752387655,0.00697610761941934,0.00170501115577565,0.00307919682503416,0.00648086116773351,0.00902713890284307,0.00856366485415315,0.00265817948227738,0.00435996295183597,0.00308217930892577,0.00381778921389558,0.00767503391189898,0.00387915859812088,0.00434494727158592,0.00552820451604902,0.00277978545570446,0.00653985945084411
0.00290376583148438,0.000876412112376533,0.00570712337661374,0.0071659852898621,0.00698166940926047,0.00170569373154679,0.00308297659263714,0.0064815252216464,0.00903298493720891,0.00856495537892109,0.00266021520450466,0.00435953160187702,0.00308376828193711,0.00381655727628735,0.00767556440215529,0.003880184985452,0.00434446638718857,0.00552847763601989,0.00278407220201653,0.00654231841041476
0.00290446460442587,0.000876784272867802,0.00570222134007802,0.00716051934994548,0.0069748026306568,0.00170398241101632,0.00307694315031552,0.00647513484347917,0.00903408593926708,0.00856165398389841,0.00265308816557855,0.00435675689260483,0.00308454357371472,0.00381869726747039,0.00767958541917343,0.00387911956265037,0.00435223276904511,0.00552181939840178,0.00278052994199498,0.00654517357425769
0.00290066100203643,0.000875241358892672,0.0056991082080308,0.00715655622232444,0.00697192716192336,0.00170562246191838,0.00307830716662519,0.00647219302749815,0.00902460868777618,0.00855351995745747,0.00265522482629707,0.00435339894396966,0.0030806329762008,0.00381441111297802,0.00766466494748406,0.00387476658091856,0.00434123695746204,0.00552489900587343,0.00277885299585236,0.00653289958675064
0.00290305562090581,0.000875698075461805,0.00570419720826289,0.00716186468270139,0.00697765319177467,0.00170558935275995,0.00307762854090441,0.00647985323323081,0.00902882035989467,0.00856204948248677,0.0026544416365729,0.0043568977035208,0.00308396139885443,0.00381524288956195,0.00767598712672711,0.00387975253781503,0.00434226212459459,0.00553192483309253,0.0027799708417471,0.00654109062639078
0.00290514485727215,0.000876303052696631,0.00570563729704897,0.00716384482911429,0.00698466003560512,0.00170467975020955,0.00308084813098715,0.00647781136894869,0.00903310661382148,0.00857102565635521,0.00265618889148514,0.00436256185374395,0.00308413423065651,0.00381558878030969,0.00767633235898626,0.00387930879534363,0.00434487297333335,0.00552233803366638,0.00278018349220848,0.00654236054877739
0.00290566333019007,0.000875023643067663,0.00569861549257398,0.00715532227357921,0.00697829395989359,0.00170201551519926,0.00307842755216415,0.00647567514338787,0.00903035164309981,0.00856380418267807,0.00265242808723503,0.00435592895468472,0.0030812259434774,0.00381085078663613,0.00766357599266941,0.00388261837557869,0.00434860250489738,0.00552101270803345,0.00277751661357533,0.00654105514169484
0.00290454095882458,0.000875066257196398,0.00569807857623503,0.00715732414523272,0.00697432109920377,0.0017021277330071,0.00307380657590935,0.0064770588458014,0.00903663172725875,0.00855660486145684,0.00265170552066843,0.00435282089599767,0.00308389495344212,0.0038132221149117,0.00767062181641256,0.00387533222265143,0.00434133525750641,0.00551493919324352,0.00277741742807562,0.00653675672281049
0.00290564196334918,0.000876127920305328,0.00570436936211776,0.00716480494744989,0.00698263010909772,0.00170418821545912,0.00308098616796963,0.00651773825724781,0.00903849402841155,0.00856877995310299,0.00265557496411118,0.00435830585143871,0.00308579892436448,0.00382002820363981,0.0076776664133903,0.00388062587839425,0.0043497478526619,0.00552852901638417,0.00278124805794628,0.00654730055651468
0.00290214141605627,0.000875067620884247,0.00569600666848953,0.00715709063498764,0.00697530472747054,0.00170173474633573,0.00307235653696749,0.00646914180359735,0.00902886099273069,0.00855930157743632,0.00265143665323238,0.00435667653677483,0.00307999392478405,0.00381412283261082,0.00766506068424835,0.00387381548060137,0.00434278004400996,0.00551227358690829,0.00277849742792202,0.00654056823757382
0.00290354718362937,0.000876581961702906,0.00570768406265221,0.00716750920204715,0.0069827111597429,0.00170610211872601,0.00308175158088516,0.00648098179118736,0.00904060236734169,0.00856623508404348,0.00266138901514521,0.0043603744856291,0.00308524049863517,0.00381706163518187,0.00768014336861637,0.00388243355344934,0.00434646056430468,0.00553103619877191,0.00278177847349065,0.00654605283583839
0.002904527900571,0.000875713905444783,0.00570092775711316,0.00716331802759018,0.00697563647446207,0.00170529531818005,0.00308091847596098,0.00648248324543222,0.00903662008279483,0.00856809813663196,0.00265820476143752,0.00436153163248618,0.00308538253231559,0.00381892967545752,0.00767515221835676,0.00387872353290427,0.00434365677767458,0.00552410866087904,0.00278225291720872,0.00654631637847883
0.00290432035783209,0.000876271235215458,0.00570628279737527,0.00716707059007084,0.00697910939531346,0.00170738125821151,0.00308222619826901,0.00648013213377788,0.0090349794131718,0.0085645859846781,0.00266051226289197,0.00436116553589115,0.00308535653969831,0.00381797665216979,0.00767886675937005,0.00388093678522498,0.0043471934915655,0.00553197704184299,0.00278196804870319,0.0065443479183065
0.00290121307064958,0.000875659523720855,0.00569830495375358,0.0071622385166665,0.00697619628008958,0.0017040971501597,0.00307651052313711,0.0064736991597682,0.00902442264330871,0.00855912402259429,0.00265294999838995,0.00435524537568852,0.00308240699305669,0.00381365486874777,0.00767026583334168,0.00387715989824336,0.00434348099277193,0.00552131389735972,0.00277882348656459,0.00653772317749376
0.0029093412274086,0.000876654919140518,0.00570610686059269,0.00716600265207939,0.00698376899878377,0.00170639914384615,0.00307786951884798,0.00648548944889956,0.00903478532756591,0.00856180655134395,0.00265525621780062,0.00435945579086908,0.00308851496547566,0.00381845839214977,0.00768698338529021,0.00388137530984322,0.00434611145848579,0.00552335952247397,0.00278133773752219,0.00654304248332619
0.00290468774432946,0.000876537264313998,0.0057089816123323,0.00716978709500251,0.00698669122165064,0.00170626530065212,0.00308668724756862,0.00648293767438654,0.00903974739819386,0.00857047809231225,0.00265800701727128,0.00436345183975624,0.00308573581758312,0.0038199902255455,0.00768470114663266,0.00388287789464216,0.00434790163561704,0.00552699958441252,0.00278268515734084,0.00654489111615502
0.00290431126461769,0.000876554921636435,0.00570696464997806,0.00716396148388692,0.00698385260161655,0.00170592066324939,0.00308087386782287,0.00648089499247033,0.00903634786882881,0.00856364581824993,0.00265915241551099,0.00436092440588651,0.00308495309763128,0.00381785704275054,0.0076768769905193,0.00387998403944712,0.00434771321877334,0.00553017751474705,0.00278270558657492,0.00654433184104702
0.00290471943102149,0.000875971752121801,0.00570820573061622,0.00716656406959875,0.00697895098199346,0.00170618389039133,0.00308169478334953,0.00648168338304161,0.00903626278849825,0.00856498352298399,0.00265917054852643,0.00436123861247863,0.00308598451549375,0.00381781185002984,0.00767782892745661,0.00387946948197285,0.00434832473477025,0.00553105479085534,0.00278201605331202,0.00654272329956591
0.00289874110472805,0.00087456701230559,0.00569597041257223,0.00715505368816982,0.00697498800366388,0.00170453965251662,0.00307263736241276,0.00646892674135005,0.00902454692234014,0.00855656112060331,0.00265152993704349,0.0043509353346606,0.00308228229924141,0.00381196424724611,0.0076673841385324,0.00387447447264691,0.00433790023853698,0.0055093813658892,0.00277845592922098,0.00653777522328697
0.00290445863498032,0.000876975587998461,0.00570658251305299,0.00716212614115955,0.00698326630786783,0.00170561934271688,0.00308301103441582,0.00648040833019848,0.00903652710926481,0.0085652915301612,0.00265747944832307,0.00435641031863353,0.0030873713242369,0.0038159151438172,0.00767005499582632,0.00387590152166963,0.00434899193795498,0.00553132721805055,0.0027819347851625,0.00654605675307664
0.00290439745063069,0.000874871792766395,0.00569792960484353,0.00715708326323121,0.00697163858374072,0.00170385168246808,0.00307600880275829,0.0064706271437204,0.00902618335564156,0.00855100869833243,0.00265390057806187,0.00435389923051389,0.00308000729223902,0.00381085634815355,0.00766543355589766,0.0038738045209699,0.00433985366074058,0.00552150556133648,0.00277700570241783,0.00653343947583748
0.00290383448390708,0.000875921138436678,0.005701601045232,0.00716146717069108,0.00698267292930944,0.00170412932484394,0.0030776726209347,0.00647251646531777,0.00903213839615135,0.00855602729440777,0.00265567279739718,0.00435567266570673,0.00308400199540486,0.00381861188956583,0.00767356552274832,0.00387878216684473,0.0043415433545502,0.00551789519786878,0.00277808170626643,0.00654031254343403
0.00290298823541518,0.000875091613505089,0.00569615338893575,0.00715680722575467,0.00697023013894485,0.00170185557841973,0.00307363807848548,0.00647032453955774,0.00901707722080196,0.00855110090233036,0.00265266359829688,0.00435155714331125,0.00307817635189306,0.00381206950474104,0.00766439893695106,0.00387465119640596,0.00433864547551564,0.00551247963712142,0.00277787743148582,0.00653293704233495
0.00290409097118926,0.000876547176100477,0.00570371086766836,0.00716864137386705,0.00698167964603162,0.00170570805409907,0.00308254152226618,0.00648016780483294,0.0090379192899511,0.00856326426487754,0.00265817184414544,0.00435984161992158,0.00308553214321555,0.0038170806872358,0.00767638418792334,0.00388105259740767,0.00435061763909491,0.00552930555682836,0.00278113298156137,0.00654344337302373
0.0029031102196231,0.000874645860237613,0.00569362046319257,0.00716013318150352,0.00697485385757451,0.00170412755910143,0.00307482383048059,0.00647089712460045,0.00901681318017272,0.00855224505471653,0.00265299844375686,0.00435650517450389,0.00308199574672056,0.00381305153204928,0.0076733184338996,0.00387398543912162,0.00434193847032539,0.00551303023464028,0.00277982306329573,0.00653688033520918
0.002903134848967,0.000875186011885945,0.00569808720109041,0.00715721498013373,0.0069733972271845,0.00170423460789024,0.00308064675433973,0.00647091766810694,0.00903027958186813,0.00855705588693061,0.00265641176301703,0.0043563755823406,0.00308264770140221,0.00381288012303962,0.00767124098668832,0.00387770069019756,0.00434293996150407,0.00552258834528552,0.00277854519418397,0.00653627035608338
0.00290366505535874,0.000875591441618167,0.00570472836537936,0.00715733916193744,0.00697823181846333,0.00170416993581009,0.00307479752178623,0.0064867970061329,0.00903391251769232,0.00855814019988786,0.00265645029186816,0.00435547903224145,0.00308437910208394,0.00381523254733013,0.00767130647717145,0.00387930529313179,0.00434465365247994,0.00551674820037486,0.00278178278648183,0.00654464236017221
0.00290388260075487,0.000875435484397082,0.00570063351131982,0.00715913973963108,0.00697041272527361,0.00170305425109273,0.00307474051559553,0.00647056590613559,0.00902131811930808,0.00856591606724235,0.00265280381486672,0.00435752740323902,0.00308128020072484,0.00381729905355308,0.00767595989503743,0.00387504018649675,0.00434123059904614,0.0055208452237846,0.00278021795898507,0.00653470259918344
0.00290524247000788,0.000876824200926633,0.00570637348461387,0.00716666592053917,0.00698683691751598,0.00170566499877172,0.00308101985980937,0.00648231150208388,0.00903245326274978,0.00856407897002821,0.0026594726214968,0.00436137340765281,0.00308628812980139,0.00381916673979585,0.0076782750017496,0.00388166013954291,0.00435052449355471,0.00553203493461972,0.00278164015987712,0.00654501416027054
0.00290643795635423,0.000876283150173401,0.00570439926171858,0.00716536029179254,0.00698406906461931,0.00170405012097618,0.00307886264661773,0.00647722746109072,0.00903609994597422,0.00856082052693992,0.0026551318238553,0.00435682695943686,0.00308453284535885,0.00381763192264865,0.00767949703411303,0.0038785896715085,0.00434683220879893,0.00552001279682755,0.00278330212377211,0.00654129792350032
0.00289916337361891,0.000875105102827955,0.00569791240071515,0.00716026028874859,0.00697060737494253,0.00170306179719372,0.00307384012381058,0.00646996123401739,0.00901987032910277,0.00855655904559573,0.00265131035406534,0.00435245274469104,0.00307948414446151,0.00381283453228864,0.00766425596098706,0.0038748601852185,0.00434063308462292,0.00551482629955425,0.00277671217318732,0.00653534728854482
0.00290159753662951,0.000876010043145161,0.00570283594745006,0.00716326707175549,0.00697625080974687,0.00170349809459807,0.00307677100649748,0.00647602046042892,0.00902556581297538,0.00856055126834246,0.00265354191455977,0.0043564887430476,0.00308355622306503,0.00381554112400391,0.00766514386970014,0.00387905286335223,0.00434469911156689,0.00551850599766752,0.00277900498050494,0.00654079120830968
0.00290079881264682,0.000875044814305359,0.00569724480413642,0.00715737880740845,0.00697628237352969,0.00170716763453181,0.00308021149533148,0.00647432183096736,0.00902730802933419,0.00855873579693766,0.00265481646749447,0.00435621704063628,0.00308142095234551,0.00381254547620326,0.00767366407255608,0.00387801714077503,0.00434167108590988,0.00552194475255015,0.00277849296014015,0.00653671072951345
0.00290201802671676,0.000876063494302384,0.00570015464991708,0.00716178483021446,0.00697639488400918,0.00170471717170753,0.0030806811722651,0.00647677071796641,0.00903261846561825,0.00855852460265853,0.00265857763233122,0.00435931006354075,0.00308307917533172,0.00381667667224636,0.00767251133794922,0.00387969974373643,0.00434342338752866,0.00552628677138704,0.002780758464312,0.00654029591924487
0.00290125082768731,0.000875552073356042,0.00570125678306109,0.00716061367740129,0.00697541242834793,0.0017031687638082,0.00307497709955205,0.00647306967377322,0.00902174240292428,0.00855714215758636,0.00265242060022846,0.00435361890834447,0.00308156470609462,0.00381364446906016,0.0076683637237413,0.0038756551092453,0.00434175231240905,0.00551611841870532,0.00277739300975333,0.00653667890669765
0.00290204676993217,0.000876070698334144,0.00570356328042263,0.00716382517762513,0.00698209235566025,0.0017037012747148,0.00307754057837508,0.00647621425490465,0.00902843844619751,0.00856261667251343,0.00265372640360155,0.00435550280821317,0.00308316485563673,0.00381478144815964,0.00767358312784392,0.00387757396944518,0.00434387387607188,0.00551826761648311,0.00277909132926475,0.00654121201570753
0.00290361286257864,0.000876202563656853,0.00570479315273583,0.00716368155574919,0.00698049682003602,0.00170489569778647,0.00308054752263028,0.00647889815923344,0.00903353659816897,0.00856276573900221,0.00265879540268879,0.00435746623218367,0.00308461379552145,0.00381703849726817,0.00767773413340229,0.0038807087554159,0.0043461860903995,0.00553045422321779,0.00278127133412969,0.00654229144414234
0.00290582265159616,0.00087585964377255,0.00569994657193396,0.00716059696301357,0.00697743648524853,0.00170549584665967,0.00307665737063384,0.00647440943310274,0.00902412074441273,0.00856601216728707,0.00265388172022421,0.00436124372996655,0.00308246728114229,0.00381434178593803,0.00767022405227977,0.00388011753365089,0.0043424507717579,0.0055231784620948,0.00277858261618563,0.00653521406307623
0.00290245901375764,0.000876832878787147,0.00570505365748792,0.00716597583585221,0.00698081994434178,0.00170521708922188,0.00308075274953309,0.00648131443947826,0.00903395321040773,0.00856395245824475,0.00265841054039089,0.00435920523577402,0.00308416804442931,0.00381599308457407,0.00767643652615344,0.00387935136181594,0.00434535990203725,0.00552986035993034,0.00278093595706669,0.00654265429640179
0.00290152858776054,0.000876124265866385,0.00569524249734442,0.00716131718366547,0.00697751025138362,0.00170376266520746,0.00307724721930818,0.00647915086946091,0.00902347058618523,0.00857182070980644,0.0026551567799606,0.00435609841338591,0.0030816988497872,0.00381526536070224,0.00767372696338614,0.0038801085399486,0.00434132883678814,0.0055160972422592,0.00277878016462064,0.00653955136882068
0.00290362563683313,0.000876419511566512,0.00570599849117114,0.0071683112548706,0.0069830916839025,0.00170676410058673,0.00308371024210906,0.0064805033114793,0.00903659861349703,0.00856324550972015,0.00266034549140339,0.00436223743498857,0.0030864306485132,0.00381867151329182,0.0076768222271035,0.00388336394473416,0.00434928627039505,0.0055306521128679,0.00278099734777945,0.00654278896067002
0.00290157714656292,0.000875710015708606,0.00569746424689657,0.00715828331696429,0.00697442701657142,0.00170351604397949,0.00308001042456922,0.00647234394323246,0.00902400153911537,0.0085556980109765,0.00265457516708174,0.00435297112412107,0.00308294091467883,0.00381160190213391,0.00766730497187091,0.00387433077922018,0.00434311930195789,0.00551994113359813,0.00277680740676148,0.00653719802906171
0.00290889054300464,0.000876565189787556,0.00570581305597134,0.00716906571641942,0.00698272768375908,0.00170577897227788,0.00307998375917602,0.00648164891274738,0.00903800357995905,0.00856502552990923,0.00265816297525473,0.00435916040627609,0.00308517525327872,0.00381760919073946,0.00767797561416202,0.00387920032530648,0.00434678000235384,0.00552295883077172,0.0027835955335308,0.00654577214411818
0.00290296307468187,0.000875345548242216,0.00570025377401073,0.00716168423020091,0.00697172529599347,0.00171636592874945,0.00308843578733776,0.00647624898509494,0.00903178266639539,0.00855400347912715,0.00266120346804877,0.00437310885327849,0.00309173391173527,0.00382625410200005,0.00766465503817301,0.00387446467601216,0.00435691474703616,0.00551423846222845,0.00277969820851568,0.00654050683375309
0.00290845877660198,0.000876165093109209,0.0057051825420711,0.00716620570612556,0.00698166937045632,0.00170490585873495,0.00307766559963874,0.0064800279816747,0.00903377037898929,0.00856472938915724,0.00265611312294052,0.00436219693997661,0.00308575618511856,0.00381842638054531,0.00768234727360077,0.00387977936109999,0.0043436973703112,0.00552302075634824,0.00278499194651523,0.00654451612301239
0.00290072146988995,0.000874948744494373,0.00569672192126326,0.00715844023533823,0.00697474385352834,0.00170368420665167,0.00307934100795586,0.00647401313346013,0.009024707426946,0.00855492927372294,0.00265470692636023,0.00435302062103219,0.00308060577871857,0.0038106417614165,0.00766718099083308,0.00387575735146114,0.00433962183675413,0.00551969842203398,0.00277685956821754,0.00653557405809906
0.00290755392430322,0.00087647711905553,0.00570616455970606,0.00716605261833766,0.00698289171522085,0.00170432356131327,0.00307869943668198,0.00648863994569573,0.00902747368764922,0.00857273704996552,0.00265615628164065,0.0043590718557187,0.00308808735145379,0.0038173737435035,0.00767948014987661,0.0038787665807876,0.00435185431350318,0.00552970909612448,0.00278052397019773,0.0065486538334085
0.00290444338593194,0.000876934983169414,0.00570621400549392,0.00717011352190829,0.00698352568937399,0.00170620991087133,0.00308198517894476,0.00648321038195788,0.00903886295230128,0.00856884215100112,0.00265972594098332,0.00435938955134014,0.00308504125369208,0.00381818860498192,0.00767689815793261,0.00388085875238145,0.00434712411981407,0.00553178406322696,0.0027813460493031,0.00654397272652952
0.00290198405496844,0.000875820156187059,0.00570042588709394,0.00716288952725298,0.00697786411167353,0.00170411604812959,0.00307688779339758,0.00647371541630334,0.00903142050127909,0.00855772390555278,0.0026560970681707,0.00435371768867891,0.00308528382170465,0.0038137010918172,0.00767367315488877,0.00387728622439035,0.00434620433803168,0.00551718856349689,0.00277883041936114,0.00654106809604465
0.00289869688807901,0.000875130272122186,0.00569870002297631,0.00715782653959011,0.0069695449741555,0.00170252692128208,0.00307398573275264,0.00646879753006465,0.00901905301935938,0.00855158469611767,0.00265170821013062,0.00435166580677611,0.00308000507587163,0.00381153893558886,0.00766918140385228,0.00387366123854968,0.00433880339360562,0.00551493288146418,0.0027763368712043,0.00653398991045263
0.00290752961953463,0.000875843803406588,0.00570362560397932,0.00716252826087209,0.00698076006744951,0.00170376224132179,0.00307680986585914,0.00647423226500212,0.0090351971740586,0.00856126656701177,0.00265825476913628,0.00435598515995945,0.0030829911430255,0.00381514669576077,0.00767168260622989,0.00387790240048344,0.00434277831945931,0.00552609962223274,0.00277849438169622,0.00653941080682212
0.0029021230913101,0.000875820483884139,0.0056995141570157,0.00715921479855668,0.00697247041176435,0.00170323383704159,0.00307751557276181,0.00647437511034483,0.00902166090475917,0.00855882251453704,0.00265250905876535,0.00435481138572569,0.00308212823753979,0.00381280115591802,0.00767179148529175,0.00387663464643575,0.00434115281043346,0.00551620623086021,0.00278080715346843,0.00653697669887852
0.0029018991837641,0.000875509790096382,0.00570190011060776,0.00715666830613935,0.00697573715461792,0.00170296646331517,0.00307903872129601,0.00647566409583331,0.00903077887139106,0.00855452828669861,0.00265308162570238,0.0043533363136466,0.00308212319181001,0.0038182795456156,0.00767219689678057,0.00388037237079683,0.00434427335657307,0.00552298677376089,0.00277838639387786,0.00654793091894619
0.00290277777602927,0.000875133177083139,0.00569760832683912,0.00715651031432774,0.00697487066761897,0.00170275840384181,0.00307776684646435,0.0064704957688798,0.0090209226131884,0.0085570720173216,0.00265658865138551,0.00435688489330062,0.00308087162165144,0.00381344968300879,0.00767057810104755,0.00387607389323963,0.00434048233797197,0.00552269384609199,0.00277848586942896,0.00654434140938144
0.00290605491566933,0.00087621241891162,0.00570388281154621,0.0071653022418227,0.00698282814111261,0.001703962708348,0.00308303261303415,0.0064767641066723,0.00902560453985526,0.00855970959754467,0.00265692333649249,0.00436267543256756,0.00308386084805778,0.0038177643064224,0.00767431288896169,0.00387938078060098,0.00435151300152715,0.00552309042904685,0.00278296694158071,0.00654345909797698
0.00290586976759678,0.000876186694009245,0.00570390309552326,0.00716527881011601,0.00698155574053579,0.00170519136621443,0.00307874413511002,0.00647962608952227,0.00902943864259873,0.00856681869207281,0.00265766720101393,0.00435579499858892,0.00308294078094283,0.00381785039592697,0.00767199631144715,0.003882138562508,0.00434540630873202,0.0055189577011559,0.00279190283936137,0.00654849408075425
0.00290451155128007,0.000875898674096957,0.0057053022118244,0.00715966439229408,0.00697614748962814,0.00170341414534301,0.00307890547531227,0.00647536321587825,0.00902864701008515,0.00855858080111463,0.00265297800205907,0.00436153418318269,0.00308189361716961,0.00381360031627435,0.00767684076035276,0.00387678619067531,0.00434486608410227,0.00551621702447991,0.00279182500756405,0.00654377341999904
0.002904060660822,0.000875718734659849,0.00570848652417648,0.00716398766058206,0.00698021378732895,0.00170573263056417,0.00308129204810262,0.0064762554001169,0.00903564967263776,0.00856263865784571,0.00265832887793727,0.00435693886601977,0.00308349548106517,0.00381618226388803,0.00767215858887778,0.00387969366663838,0.00434671470505752,0.00552788609561176,0.00278032535043592,0.00654015450731971
0.00290365136824893,0.000876287344678951,0.00570260035964578,0.00716354441427128,0.00698124352726078,0.00170531166695247,0.00308107906754851,0.00647978253381594,0.00903417793237835,0.00856403140575166,0.00265760445574759,0.00436003769378417,0.00308383920239008,0.00381791645116516,0.0076740652009898,0.00387965580844245,0.00434745466628623,0.00552900340203626,0.00278181693878807,0.00654372274598393
0.00289737548234874,0.000874415354552483,0.00568779931098686,0.00715583682434071,0.00697161747697977,0.00170026953307855,0.00307277043164765,0.00651506166927261,0.00900332940770168,0.00854879817062981,0.00265554055310167,0.0043496626828149,0.00307997228961429,0.00381136553456226,0.00766868338638235,0.00387157894008803,0.00433623611562944,0.00551091443738173,0.00277455715632065,0.00652472547675578
0.00290202728143131,0.000875119262942727,0.00569990080894941,0.00715885487659448,0.00697882131287985,0.00170734704231202,0.00308791169905584,0.00647546328943158,0.00902433825022662,0.00855958534203177,0.00265520386975011,0.00435700265963535,0.00308224762293299,0.00381322920186496,0.00766818884420857,0.00387529714983914,0.00434238184083232,0.00552478119914572,0.0027786249083268,0.0065376140121259
0.00290043561359482,0.00087550885277737,0.00570107226998019,0.00716151819962557,0.00697542273224286,0.00170351162584017,0.00307924259782951,0.00647251933330826,0.0090250324641619,0.00855865389761294,0.00265539923290738,0.00435502014363242,0.00308265382330179,0.00381347191647601,0.00767270038456533,0.00387686204438741,0.00434136173570446,0.0055171167733394,0.00278207039825332,0.00653936701342581
0.00290390381271571,0.000875463517980364,0.0056996146657821,0.00716063540422791,0.00697905095799323,0.00170300656903793,0.00307635940717917,0.00647270173102777,0.00902149032464537,0.00855715788356641,0.00265343306174364,0.00435823716386291,0.00308173422811305,0.00381353968535338,0.00766809943366635,0.00387505255015135,0.00434144761948928,0.00551587936427716,0.00277762677561999,0.00654006993316578
0.0029061746925423,0.000875722282208727,0.00570041050403801,0.00716112225530862,0.00697780503390461,0.001705157427056,0.00307924798939831,0.00648042869025028,0.00902763136339748,0.00856211637769249,0.00265406151794325,0.00435842618205162,0.00308108726226048,0.0038148130206118,0.00767888491954771,0.00388038961501564,0.00434213992715901,0.00551672799392284,0.00278032278093422,0.00654058372714975
0.0029052431725943,0.000875526767804895,0.00569847641895125,0.00715887761433624,0.00697422353139584,0.00170362308619518,0.00307926663155617,0.00647371975524458,0.00902376664177533,0.00855654323657661,0.00265721174909103,0.00435375618731418,0.00308567950451183,0.00381380988607217,0.00767761600464955,0.00387739650716954,0.00434677236915092,0.00551709931155294,0.00277894901869078,0.00653621385249527
0.00290385090775339,0.000875880138712834,0.00570143152296589,0.00716358646882338,0.00697929545078796,0.00170300794418383,0.00307997381189059,0.00648461789027799,0.00903107656475242,0.00856985515531881,0.00265628226149123,0.0043567104499029,0.00308705232183877,0.00381550843269429,0.00767333854024817,0.00388012594020216,0.00434325292091655,0.00551792259639234,0.00277957232802569,0.00653875793830106
0.00290392208780108,0.000875929546190196,0.00570378146510846,0.00716193834256577,0.00698243658348693,0.00170459703158676,0.00307793193799827,0.00647691921837552,0.00902920569320403,0.00855971933928697,0.00265525348636572,0.00435796209166978,0.00308434034191549,0.00381628069096222,0.00767531679461815,0.00387818855818039,0.00434281134528524,0.0055269241511012,0.00277996315275844,0.00654134417571475
0.00290527215484226,0.000875728972320602,0.00569985773811404,0.00716020237818581,0.00697987863501095,0.00170290133406958,0.00307725998351635,0.00647531551438203,0.00902147514976161,0.0085560736427747,0.00265316475467898,0.00435781589703793,0.00308117031670424,0.00381419903099848,0.00766909570226808,0.00387747145698499,0.0043427965232176,0.0055186594277275,0.00277884997734818,0.00654029203420736
0.00289932890722342,0.000875150049190128,0.00570083646126546,0.00715732609742542,0.00697155579489145,0.0017035504487348,0.00307296428384812,0.00647316874529981,0.00902150922589521,0.00855761902820407,0.00265330903035737,0.0043506157595676,0.00307794147210086,0.00380911595634054,0.00766855984287674,0.00387413609106618,0.0043375989306906,0.00551345121437142,0.00277613415947263,0.00652632506492346
0.00290120302913031,0.000875106690297303,0.00569647212667722,0.00715403827815069,0.00697412121398991,0.00170254705460749,0.00307352925416201,0.00647075507435943,0.00902994526649433,0.00855236773442127,0.00265492772837867,0.00435168987611067,0.00308000506452468,0.00381094400209896,0.00767218869098697,0.00387457837522559,0.00433894587018495,0.00551247729644643,0.00277963441614049,0.00653418619105037
0.00290481609928795,0.000876385110434043,0.00570280098436514,0.00716614051777207,0.00697875529293519,0.00170586262996212,0.00308188643451033,0.0064826447823859,0.00903451979630717,0.00856293175770063,0.00265786691282885,0.0043616344415166,0.00308552750118881,0.00381723794106662,0.0076765795555651,0.00388116025757038,0.00434650679942352,0.00553093695955062,0.00278216553629862,0.00654265026778473
0.00290035978132329,0.000875214866031018,0.00570075002581351,0.00715977184315667,0.00697551039179647,0.00170236423963025,0.00307561016900082,0.00647201446534336,0.00902222107046641,0.00855305027762271,0.00265470312783944,0.00435448656010657,0.0030815959521206,0.00381309639210822,0.00766878910558188,0.00387553350379436,0.00434169508615617,0.00551638248111243,0.00277893653355007,0.00653688591470581
0.00290061928007771,0.000875362818280876,0.0057015474213772,0.00716207377935591,0.00697480676479083,0.001702755854271,0.00307448309695334,0.00647191948480762,0.00902530696596242,0.0085537685591872,0.0026538236231507,0.00435374516022197,0.00308151925394796,0.00381273057112172,0.00767023513372513,0.00387617503570422,0.00434105334617791,0.00551797449733888,0.00277741006550534,0.00653669408997136
0.00290261590228942,0.000876407851131655,0.00570247972079253,0.00716763041392696,0.0069772505463809,0.00170644635434128,0.00308272042285385,0.00648150843878548,0.00903539622444238,0.00856447650820998,0.00265985779695157,0.00435953976578971,0.00308600248139714,0.00381622841029129,0.00767693395117632,0.00388260313679418,0.00434807895855835,0.00552960738776545,0.0027823851332379,0.00654287788017663
0.00290498740474656,0.000875699456358105,0.00571702940343827,0.00716162520107775,0.00697674206883961,0.0017060970020775,0.00308204872970403,0.00647702645887439,0.0090462322670282,0.00856158601326157,0.00265771410969678,0.00435857103638503,0.00308465089322397,0.00381615817115307,0.00767490778182501,0.00388066240413962,0.00434256237663775,0.00551914262345323,0.00278481772444947,0.00654235123571417
0.00290187432939017,0.000875849072176708,0.00570465049741237,0.00716286280707874,0.00697977872468248,0.00170475952015745,0.00307808819339863,0.00647673812342305,0.00903094947142262,0.00856215299209485,0.00265541314156645,0.00435683782366793,0.00308491487418071,0.00381698404046175,0.00767608023863429,0.00387801430553496,0.00434311466319297,0.0055201896051168,0.00278161898855784,0.00654236717361352
0.00290308984828323,0.000875686862061346,0.00569567313690842,0.00715820616000827,0.00697106841402593,0.00170218379662506,0.00307492724191995,0.00647419621761421,0.00902775230279862,0.00856137438058559,0.00265370799135221,0.00435155946634922,0.0030852523938696,0.00381235315892143,0.00766750333997947,0.00387512864013279,0.00434671981621287,0.00551261829840123,0.00277627071895929,0.00653477759370621
0.00290425297248138,0.000876525375193979,0.00570482317001545,0.00716704672539158,0.00698292156405804,0.00170609441633141,0.00308042220164417,0.00648021389457722,0.0090328085301567,0.00856251826333015,0.00265655787910986,0.00435770404518858,0.00308421540445191,0.00381655965700021,0.00767401321303647,0.00388132380571779,0.00434756794695234,0.00555885811020474,0.00278096607483101,0.00654169423636038
0.00290414098835263,0.000876395109463909,0.00570161003524477,0.00716697560341865,0.00698162997815803,0.0017061384886873,0.00307967999810974,0.00647995734561088,0.00903396707320696,0.00856272015380977,0.00265760407069861,0.00436114420051765,0.00308553828884399,0.00381551923514735,0.00767630862946548,0.00387933681764619,0.00434860029484578,0.00552892642763704,0.00277995942428695,0.00654247813380338
0.00290973428477709,0.000876082332305945,0.00570430487037106,0.00716160667889871,0.00697920244605692,0.00170459444658144,0.00307683298333033,0.00648690964232169,0.00904690567449807,0.00857237552832153,0.00265973210708089,0.00435647231903031,0.00308400125335806,0.0038154725553415,0.00767305322943125,0.00387905405724101,0.00434935059566955,0.00551884844590073,0.00278000709029033,0.00654186883580624
0.00289875114146631,0.00087488612728843,0.00569851420409966,0.00715503827111947,0.00697044937182957,0.0017019306319019,0.00307386794965569,0.00646931405129134,0.00902173726878237,0.00855008852108306,0.00265063019886537,0.00435100042415368,0.00307905340692231,0.00381083062846124,0.00766284257755969,0.00387282729413542,0.00433781590533749,0.00551199078018936,0.00277574969749234,0.00653209063047047
0.00290405892813494,0.000875674564715766,0.00570607484891688,0.00716682816032723,0.00697863484066466,0.00170777113876744,0.00308863760237829,0.00647495471453831,0.00904134371219975,0.00856086879710144,0.0026566367114525,0.00435580671288794,0.00309515691181076,0.00381131356880563,0.00767869690261469,0.00387520339550187,0.0043456074716464,0.00551852060756187,0.00278601139095783,0.00653732373461912
0.00290051112908785,0.000875470362816431,0.00569469340344976,0.00716161925718209,0.00697744076649852,0.00170255992318396,0.0030756440660374,0.00647442320524401,0.00902436064973512,0.00857081779605572,0.00265485176101962,0.00435551590357102,0.0030813464690116,0.00381302842270995,0.00766817390524571,0.00387506044149409,0.00434444458757199,0.00551960932481521,0.00277760172781693,0.00653553012337611
0.00290702633059782,0.000876234488448422,0.00569972997306528,0.00715825455023837,0.00697357609116568,0.0017036059600325,0.00307713326255638,0.00647799220682296,0.00903163389484354,0.00856020067206665,0.00265446195917804,0.00435582511558294,0.00308558259522918,0.00381986558276469,0.00766941389964149,0.00387549314002016,0.00434119548574669,0.00552475347821793,0.00277926168240584,0.0065448567875189
0.00290475713306552,0.00087521363432081,0.00569888545014057,0.00715680211807111,0.00697548266373671,0.00170206696896299,0.00307498219409048,0.00647016729184057,0.00901998785386166,0.00855110166730398,0.00265212833630153,0.00435534325489252,0.00308102674936606,0.00381377418817367,0.00766852433482348,0.00387436908721464,0.00433941355121524,0.00552425299359063,0.00277673003539976,0.00653550697218446
0.0029046083436252,0.000875672322741316,0.0057030046352503,0.00716100251270312,0.00698139701177665,0.00170369846996532,0.00307721667802505,0.00647752976808671,0.00902532024564428,0.00855709224422392,0.00265407261125984,0.00436057251534315,0.00308623276035043,0.00381878486526285,0.00767306428535521,0.00388036192890303,0.00434827698998439,0.0055182422909722,0.00277930721063612,0.00654078722089514
0.00290604413233744,0.00087601768192068,0.00570301616744717,0.00716459683263054,0.00698007530177275,0.00170562311856838,0.0030784001437741,0.00647816759814308,0.00903498464406716,0.00856335089177633,0.00265800637868955,0.00435854719782339,0.00308315836340145,0.00382183676540263,0.00767711525185552,0.00388243552379322,0.00434716694388915,0.00552161667917566,0.00278330159054262,0.00654820081224087
0.00290505710422188,0.000876544789716285,0.00570537772174371,0.00716836984999977,0.00698097196097911,0.00170871362484171,0.00308020307672019,0.00648069236113864,0.00903362054758905,0.00856031901729901,0.00265771121231669,0.00435920073310614,0.0030848313522211,0.00381581829705177,0.00767577155357196,0.00387993599815092,0.00434669110585222,0.00552721162624745,0.00278140501697308,0.00654361758221595
0.00290329739479876,0.000876313521297191,0.00570160546542639,0.00716555113234438,0.00697830054342434,0.0017076035334896,0.00308346011088352,0.00648034661111222,0.00903366498198032,0.00856447643216006,0.0026569555008864,0.00435857133586179,0.00308542680921177,0.00381455484220667,0.00767372312640774,0.00388015539870764,0.00434595151556762,0.00552447781586474,0.00278116061966294,0.00654033588741279
0.00290518150688329,0.000876529362988287,0.00570573788805636,0.00716333752359115,0.00697915522970774,0.00170570945957614,0.00308073456004578,0.0064829120657619,0.00903450147768165,0.00856382576536224,0.00265797602563199,0.00435750494182302,0.00308467026671297,0.00381723853205663,0.00767100501000806,0.00387993527645209,0.00434655764389762,0.0055306574693975,0.00278120771230332,0.00654485741577752
0.00290246324284346,0.000876335166613427,0.00570193977431598,0.0071662200401801,0.00697654082571958,0.00170596853927938,0.00308207601355128,0.00648084065327984,0.00903621082609624,0.00856418031156925,0.00265747069055862,0.00435719712244061,0.00308515887155529,0.00381712261339672,0.00767669262678048,0.00388177527058938,0.00434607310349069,0.00552567937371773,0.00277965078955182,0.00654194309050195
0.00290601028179872,0.000875809117301094,0.00570395322708882,0.00716213980831789,0.00697937384773555,0.00170389077386481,0.00307674070492265,0.00647583994223299,0.00903598547997302,0.00856693589651995,0.00265403133819984,0.00436135057700737,0.00308228763456673,0.00381939160732612,0.00767603502223175,0.00388077779542824,0.00434944720377716,0.00552662943345517,0.00278270295451981,0.00654632606431621
0.00290089613781653,0.000875481282292958,0.0057004000744968,0.00716002596259962,0.00697832295906927,0.00170363962081381,0.00307632436101219,0.00647873091353153,0.00902831333312277,0.00855918941261002,0.00265667294328655,0.00435549198872963,0.00308166702234329,0.00381292696462241,0.00767321112553195,0.00387621554995716,0.00434448808423954,0.00551754949148321,0.00277855929797751,0.00654126338499241
0.00290322342925158,0.000876017152135458,0.00570846873859696,0.00717278171959695,0.00698414305870179,0.00170584010121887,0.00308172861988907,0.00648121549705115,0.00904107915247734,0.00856622442223875,0.00265836923304071,0.00435948786152513,0.00308614385597181,0.00381687970655042,0.00768016884995431,0.0038803285362969,0.00434640166696085,0.00553273855188218,0.00278157793785526,0.00654513544692969
0.0029053070963505,0.000875866734546505,0.00570615054573179,0.00716754386288639,0.00698295877737561,0.001706970441381,0.00308384540458327,0.00647885271992122,0.00903307661454656,0.00856231161522969,0.00266130799581811,0.00435936497301582,0.00308291721496565,0.00381971239284309,0.00768143468299092,0.00387976636513059,0.00434378482768144,0.00552829350115028,0.00278219091369082,0.00654305905123926
0.00289874276760096,0.000875201061608477,0.00570225092860675,0.00715908803027138,0.00697603398830593,0.00170320894868566,0.0030742588498991,0.00652375489755307,0.00902101786333244,0.00855723244417481,0.00265731792395701,0.00435206260082541,0.00308169880395529,0.003811478925795,0.00766769659292447,0.0038769705026494,0.00434003566507369,0.00551525567421431,0.00277962056349429,0.00654177500421136
0.00290707140059341,0.000875811801720689,0.00570320418234515,0.0071636203480323,0.00697645285345123,0.00170529481228918,0.00307697608544317,0.0064742784655012,0.00902985808887904,0.00856017740917217,0.00265444693008965,0.00435507492921193,0.00308449193865543,0.00381495292724777,0.00767578946155603,0.00387646082992559,0.00434225958650761,0.00552136170673086,0.00278127890999498,0.00653786140351644
0.00290279451680659,0.000875294492116007,0.00569787079684357,0.00716065161291006,0.00697461093878939,0.00170492133562046,0.00307758535179211,0.00647418601300186,0.00903547626395653,0.00855234076248852,0.00265319426623737,0.00435708309828549,0.00308059561799558,0.00381682550242026,0.00767269199121338,0.0038772588809282,0.00433904492484188,0.00551375407480482,0.0027764600985476,0.00654024408310427
0.00290055216909438,0.000875427817668319,0.00569948994362515,0.0071598516478516,0.00697594975237887,0.00170648655663858,0.00307506579820967,0.00647254937929749,0.00902455860263326,0.00857512347842484,0.00265470602427761,0.00436416826739298,0.00308169145736791,0.00381288494773713,0.00768755697424816,0.00388409175403214,0.00435187965156409,0.00551756220933261,0.00277931321629599,0.00653823598505966
0.00290619945805006,0.000876512307140075,0.00570451007763973,0.00716566132421107,0.00698495842745173,0.00170754493291176,0.00307965637178,0.00647983954273643,0.00903453772255526,0.00857075729765996,0.0026566858046843,0.00436413999487543,0.00308804442989592,0.00382278903442765,0.0076883608992182,0.00388152595088339,0.00434957143388531,0.00552880436784135,0.00278164542713428,0.00654594427444593
0.00290135415554147,0.000875530868917659,0.00570000448784872,0.00715597044371615,0.00697415443685613,0.00170274904887165,0.00307491520480243,0.00647425746772503,0.00902848152660805,0.00855448031485997,0.00265216244082427,0.00435303899434058,0.00308193578701895,0.00381421261738405,0.00766828888435689,0.00387699721408587,0.00434356671533262,0.00551494595868601,0.00278097817475319,0.00653511137422532
0.00290078131609212,0.00087469222420893,0.00569157534814939,0.00715678703422537,0.00696883649753547,0.00170282946177291,0.00307414104235155,0.00651830780640248,0.00901212900031772,0.008551763561321,0.0026563443958062,0.0043504108143414,0.00308053723935312,0.00381224369538583,0.00766586756162392,0.00387259431702298,0.00433721804754871,0.00551815772919406,0.00277766203401972,0.00653499665783208
0.00290435529391834,0.000876320960888419,0.00570500958940865,0.00716735293852833,0.00698059826760256,0.00170594367943666,0.00308095777218117,0.00647936822557906,0.009034514197143,0.00856198949402614,0.00265863940742486,0.00435765296839265,0.00308349839392604,0.00381637144306558,0.00767504545375331,0.00388089581460158,0.0043466375317864,0.00553063998212918,0.00278171299729887,0.00654426369960084
0.00290823227582016,0.000876501342179604,0.00570629236367369,0.00716642497064007,0.00698130017685546,0.00170436337243571,0.00307999383290906,0.00648051615610423,0.00903126024400856,0.00856801122686541,0.00265775859275482,0.00436026473126906,0.00308422535265423,0.00381732179094898,0.00769003050220481,0.0038811870540043,0.00434726909353879,0.00552124749715713,0.00278079311817041,0.00655446438636263
0.0029044283689298,0.000875895536886251,0.00570376509430703,0.00717008579563153,0.00698339297177179,0.00170550525685887,0.00308129386381206,0.00647685834695071,0.00903673260312186,0.00856611144039198,0.00265847438825814,0.00435942648139806,0.00308508434186563,0.00381856772143894,0.00767309983620673,0.00388033882416894,0.00434596862381676,0.00553215295005925,0.00278284078736872,0.00654251308600494
0.00290467701933317,0.000876839742960644,0.00570713805411255,0.00716770859023747,0.00698450607124054,0.0017052387764538,0.00308328968416024,0.00648178821145273,0.00903419914978614,0.00856461085888534,0.00266011631779989,0.00435898284789676,0.00308601951884438,0.00381666757490217,0.00767824577189932,0.00388196908588812,0.00434912938180223,0.00553294807101413,0.00278352852981961,0.00654297523755062
0.00290313136051061,0.000875504303942176,0.00569841008496192,0.00715884228036893,0.00697719030000393,0.00171852443044343,0.00309113746532694,0.00650464803856882,0.00907084281963983,0.00860858952795259,0.00265265882339176,0.00437753710961073,0.00309993548576898,0.00383208126297773,0.00766941135349365,0.0038958244817837,0.00434606249714799,0.00554386406649158,0.00279496652488368,0.00653831910645608
0.00290005471836599,0.000875824284605459,0.00569628974070692,0.00715631228582072,0.00697757264351273,0.00170307003516242,0.00307394886048473,0.0064683891724246,0.00902508116323333,0.00855099760646262,0.00265501528216105,0.00435512167059714,0.00308057243722603,0.00381035905876354,0.00767048986756319,0.00387503914315973,0.00434070274518028,0.00551564237497036,0.00277732009730037,0.00653322511081051
0.00290723406272918,0.000876183182045699,0.00570706856744297,0.00716405851048588,0.00697907268045092,0.00170409719436992,0.00307847158933089,0.00648573572543539,0.00903598976612533,0.00856550505640489,0.00265652926422893,0.00435831596789501,0.00308641676685263,0.00381827939315178,0.0076786227277271,0.00388271505055383,0.00435377208460818,0.00552254212614861,0.00278091913869747,0.00654240089945797
0.0029020113066371,0.000875683817592205,0.00570107222405846,0.00716260264123539,0.00697600232864686,0.00170455454935725,0.00307539386221715,0.00647269508256722,0.00903092675141627,0.00855895562477471,0.00265372867433657,0.004356978414219,0.0030826610265524,0.00381317968580728,0.00767338532099658,0.00387652842170013,0.00434103783606639,0.00551840563508551,0.00277868907227708,0.00654019489773418
0.00289943581270935,0.000875228098887232,0.00569789382708173,0.00715825718642518,0.00697525232705512,0.00170356579064243,0.00307434934556031,0.00647362961027639,0.00902024985605841,0.00855285903175731,0.00265235517046446,0.00435382455343383,0.00308074996615984,0.00381395476754358,0.00766664621084452,0.00387448461871443,0.00433988645045773,0.00551612770613783,0.00277912783253915,0.00653783565864446
0.00290544605572478,0.000876112555963546,0.00570382802399199,0.00716438101631135,0.00698106935134186,0.00170431906718215,0.00307929241273141,0.00648713335788519,0.00904074251589695,0.00856697320001639,0.0026555900534967,0.00436193751010158,0.00308458939639637,0.00381860223377594,0.00767908698686401,0.00388256594587451,0.00434462126637206,0.00552661833810306,0.00278060749806498,0.00654317383238535
0.00290450535745929,0.000876807658450618,0.00570496408903703,0.00716625237192053,0.00697448522625358,0.00170486585830818,0.00308218103649768,0.00648023780293767,0.00903189946529372,0.00856300057561302,0.00265729151922096,0.0043596020234309,0.00308395887839016,0.00381524378283296,0.00766899590299411,0.00387868320751581,0.00434529384570462,0.00552513717573723,0.00278046289226836,0.00654253207673174
0.00290682044166835,0.000875446489988119,0.0057010229595564,0.0071619345772159,0.00697722886552693,0.0017054399359907,0.00307898791538013,0.00647780512623967,0.00902631535830829,0.00855856815349781,0.0026540819652386,0.00435675898632207,0.00308229697957193,0.00381367552162239,0.00766981840850779,0.00387737777323413,0.00434325329501383,0.00552323118044419,0.00277907546792397,0.00654232241356021
0.00290500359494238,0.000876093085995119,0.00570426364960055,0.00716261047550634,0.00698467459231173,0.00170648481742892,0.0030813746838459,0.0064869454301864,0.0090345597254505,0.00857492451726978,0.00265623625168336,0.00435915762576834,0.00308760451603913,0.00382090164145844,0.0076828688334891,0.00387945649079075,0.00435147456370052,0.00551975453397136,0.00278199021463076,0.00654807735128478
0.00290430606124176,0.000875962400123481,0.00570033309700381,0.00716344886856097,0.00697676884549766,0.00170457277829135,0.003079120856204,0.00647659077667577,0.00903449993527487,0.0085665472449444,0.00265444600193699,0.0043569177437641,0.00308641523203721,0.00381467152694523,0.00768074966731189,0.0038777715983904,0.00434565821462898,0.0055217615967439,0.00278024657651925,0.0065423252346545
0.00290539525465937,0.000876211843311368,0.00570625974845275,0.00716857429364657,0.00698445969391947,0.00170594634979986,0.00307978450345419,0.00648079484244885,0.00903462082386365,0.00856856767812477,0.00265740439759817,0.00435905377206159,0.00308395778612664,0.00381619615174516,0.00767689283450266,0.00387985897106057,0.00434692642836416,0.00552552389091295,0.00278219165947621,0.00654367276376213
0.00290191624126271,0.000875941694038803,0.00569991127695051,0.00716055335246876,0.00697777151963126,0.00170388838403719,0.00308032798849743,0.00647557698868302,0.00902993931444683,0.00855568503644975,0.00265491624780197,0.00435656889922241,0.00308255679004025,0.00381472218575783,0.00767137965598854,0.00387711962415735,0.00434436898289373,0.00552491546795904,0.00278022012189636,0.00654036454876616
0.00290920965343863,0.000876355751229556,0.00570620292661431,0.00716794148411638,0.00698776146675827,0.00170894423851164,0.00308079602936245,0.00648304090771596,0.00903241770060035,0.00858375969960644,0.00265830956936554,0.0043591659587279,0.00309114365941393,0.0038198011191499,0.00768145998271461,0.0038818720815014,0.00434659112475296,0.00552657537470008,0.0027826340456166,0.00655894945533977
0.00290171576668524,0.000875773622371791,0.00569692695362435,0.00715908485360039,0.00697504013920495,0.00170397295588104,0.00307767175380557,0.00647242741302435,0.00902714410539342,0.0085566981119161,0.00265513047018139,0.00435501152580269,0.00308139340735617,0.00381266313035057,0.00767018498991554,0.00387568879605949,0.00434386835101777,0.00552835664288107,0.00277879624683672,0.00653950368440806
0.00290222678684626,0.000876103234286151,0.00570378638646092,0.00716416541849751,0.00697664041706135,0.00170553285909318,0.00308100211923928,0.00648004337539448,0.00902889838277987,0.00856406324199855,0.00265806970720749,0.00435748778450711,0.00308346405367973,0.00381444780844321,0.00767440610625772,0.003879913864043,0.00434324832960964,0.00552918220491501,0.00277937592234386,0.00654065686137384
0.00290545476021705,0.000875501837851172,0.00570348614359385,0.00715982127655213,0.00697784120145195,0.00170555753548722,0.00308041094902764,0.00647618697622229,0.00902814438534571,0.00856869305286691,0.00265765027459299,0.00435761951905955,0.00308612974429129,0.00381559665093861,0.00767267489291918,0.00388097954270533,0.00434843905788566,0.0055250344776468,0.00278069887984075,0.00654079911950105
0.00289813814863017,0.000874118408504159,0.00569071802213962,0.00715268656948689,0.00696153132821215,0.0016994126222181,0.00307124098197456,0.0064639542853209,0.00900863230767933,0.00854680976992908,0.00265116611000102,0.00434643834610899,0.00307721514634474,0.00380491161566399,0.00765619393486576,0.00386985300874902,0.00433810401767777,0.00550745723367047,0.00277318829638415,0.00652888883273595
0.00290338108496624,0.000875298893052552,0.00570111911949152,0.00715811517347766,0.00697409467612274,0.00170910257904892,0.00307793434821706,0.00647328146733593,0.00902907059062605,0.00855288000005831,0.00265261611166442,0.00435707761118108,0.00308105494799642,0.00381708228081553,0.0076693233421081,0.00387605052479904,0.00434088662312525,0.005520832817702,0.00279030680917141,0.00653614695894557
0.00290365026266854,0.000875864390049981,0.00570471315348055,0.00716594378134941,0.00697628684263001,0.00170487214264551,0.00307774587730355,0.00647787223606534,0.00903197172012004,0.00856400568257558,0.00265533488438612,0.0043595694435089,0.00308418376298944,0.00381768863839992,0.00767277190261645,0.00387881576272997,0.00434528542361422,0.00551897694720209,0.00278027036697208,0.00654135156312207
0.00290418884693598,0.000876652791967788,0.00570662431049127,0.00716801848655625,0.00698318692964192,0.00170634476581628,0.00308220465176506,0.00647987583227492,0.00903720541976599,0.00856434464734896,0.00265999685603454,0.00436000288810471,0.00308532312217967,0.0038174505188942,0.00767698128814996,0.00388124141330916,0.00434669412175555,0.00553132891499424,0.00278064809201645,0.00654573137248034
0.00290509162403438,0.000876255546768467,0.0057046408312241,0.00716630458439846,0.00698073710456399,0.00170492911163774,0.00307980715499021,0.00648128525058109,0.00903380810124091,0.00856080527234552,0.00265717474293916,0.00435790681000475,0.00308311527339557,0.00381557597344471,0.00767571865912928,0.00387832606053887,0.00434561374740087,0.00552770930373894,0.00278073931591576,0.00654187423058944
0.00290684587936564,0.000876157206332129,0.00570412384827605,0.00716472911141648,0.00697811201938068,0.00170361905249397,0.00307545164130425,0.00648184446517002,0.00902849375347903,0.00856914225776911,0.00265415585622582,0.00436061352391685,0.00308770209968783,0.00382097202662846,0.00767719826687655,0.00387736944265587,0.00434215139043317,0.00552628783156867,0.00277998234267739,0.00653958082240702
0.00290816292019523,0.000876246448046612,0.00570581605680123,0.0071670000552392,0.00698197105950766,0.00170413653819585,0.00308223360765612,0.00648988633446585,0.00904456917267837,0.00856287165895007,0.00266079812915846,0.00436379269222774,0.00308383571744592,0.00381771333753056,0.00767844648979226,0.00388062234927417,0.00434600235399825,0.00552103109232507,0.00278017589790039,0.00654181039724614
0.0029015733034214,0.000875887144612044,0.00570089067557083,0.00715832431454401,0.00697487608430285,0.00170388791148369,0.00307617378655372,0.00647315505010747,0.00902607137038509,0.00855865522551326,0.00265319022655446,0.00435474471926926,0.00308304139219469,0.00381335193735804,0.00766935486203814,0.00387622415764381,0.00434211423072124,0.00551683086445942,0.0027790713106396,0.00653817618297842
0.00290894371287353,0.000876408300440098,0.00570576305687243,0.00716603967233972,0.00698178972272676,0.00170792029858878,0.00310083862934696,0.00647989887624346,0.00903269943999572,0.00856590962602943,0.00267583689552805,0.0043857968930944,0.00310341667075128,0.00381611765686583,0.00767758808731988,0.00388082895241937,0.00437144902882621,0.00552354737248887,0.00279738120544663,0.00654459831492708
0.00290026568801184,0.000875176198518065,0.00569737737940212,0.00715761664286211,0.00697295760276633,0.00170290043716951,0.00307822528217178,0.00647118573702375,0.00902166252108527,0.00855326380846114,0.00265599646736716,0.00435219370648757,0.00307943126874694,0.00381198758946025,0.00766428023094076,0.0038754243794109,0.00434227193980796,0.00552126009872204,0.00277682161510534,0.00653425454035172
0.00290109509753958,0.000875243838088312,0.00569896649100598,0.00715792469202707,0.00697427568674568,0.00170345739747256,0.00307788971237839,0.0064718908364656,0.00902453139561481,0.00855155927098331,0.00265428894695539,0.00435526701610179,0.00308163106499929,0.00381199929785711,0.00766712637669467,0.00387480515497597,0.00434060654277367,0.00552178928891548,0.00277731260169192,0.00653498997300371
0.00289978221367805,0.000875430936350818,0.00569632931992174,0.00715769708433638,0.00697364460274785,0.00170256374765586,0.00307405875992093,0.00647040653024891,0.00902090199528115,0.00855489585729554,0.00265159609107219,0.00435303292562378,0.00308058603644974,0.003811176052036,0.00766655072467722,0.00387407643165827,0.0043401022184166,0.00551690305165166,0.00277764880158169,0.00653457081537851
0.00289537182089781,0.000874568183502414,0.00569513067455839,0.00715603798208214,0.0069661390295531,0.00170201371316059,0.00307299603652928,0.00652193764410804,0.00901570065368238,0.00855252843682327,0.00265554157235327,0.0043536666267261,0.00307977932304865,0.00381165151800704,0.00766856359234893,0.00387387353748559,0.00434127655187949,0.0055135368816615,0.00277857962080127,0.00653699375914692
0.00290555796962248,0.000875653832838105,0.00570192482575978,0.00716142281136299,0.00698140719699805,0.00170527329934488,0.00307728780455675,0.00647902716021456,0.00902824905397069,0.00855886558857342,0.00265536655264875,0.00435597742945982,0.00308413811991387,0.00381617782196456,0.00767356853423035,0.00387672111645532,0.0043425746673063,0.00551912092272638,0.0027783098787144,0.00654029898541621
0.00290208208895882,0.000875939975356406,0.00570430009414807,0.00716635288151874,0.00698598325905913,0.00170456903587057,0.00308361655305885,0.00647813154646162,0.00903455770452951,0.00856036776132136,0.0026576040004829,0.00435776996329412,0.0030854261835074,0.00382028690086722,0.00767755610488223,0.00387780524038917,0.00435057666120898,0.00552770860554443,0.00277862656826873,0.00654109439333546
0.00290653121407225,0.000877146092396089,0.00570432489855004,0.00716426171437416,0.00698233061140021,0.00170493699138253,0.00307671099094176,0.00647738427017206,0.00903179541247686,0.00856430906441556,0.00265631572903928,0.00435941169673217,0.0030841030048833,0.00381803020510348,0.00767499391171794,0.00388221930697658,0.00434875018951951,0.00552750655887289,0.0027807102504819,0.00654772186018955
0.0029073069362923,0.00087597762988412,0.00570726897314133,0.00716758616460655,0.00698042197503717,0.0017046369447355,0.00307767797577992,0.00648566404800433,0.00903193253720285,0.00857127406749643,0.00265781754678918,0.00436191740558154,0.00308429356733299,0.00381560644325129,0.00767484691003889,0.00387936910731455,0.00435078240370412,0.00552887392700719,0.00278347611637424,0.0065424617292142
0.0029065866540905,0.000876162950578287,0.00570678714040833,0.00716732446188539,0.00698207551929188,0.00170596195101864,0.00308221367616685,0.00647994055903589,0.00903783846923187,0.00856354126021004,0.00265709502010209,0.00436418326633066,0.00309088229723333,0.00382106967787195,0.00767798436048866,0.00388146680261441,0.00434690998462437,0.00552976446571581,0.00278044068291855,0.00654777579139711
0.0029097147183286,0.000876000352781011,0.00570354691942024,0.00716836565647113,0.00698116470337185,0.00170920847138532,0.0030864559854912,0.00649037362214976,0.00903632233444783,0.00856617088460294,0.00266436016753672,0.00436002329420714,0.00308384288458973,0.00382560179563728,0.00768006590154832,0.00389007641523656,0.00435627111189983,0.00552236522722709,0.00278761406871185,0.00654322990174638
0.00290051714830982,0.000874945396538496,0.00569456385700576,0.00716032762223227,0.00696715146368256,0.00170365943912898,0.00307909532014587,0.00647080246593089,0.00902699648642593,0.00855019531606833,0.00265465132190247,0.0043542196010812,0.00308185624409705,0.00381139696499339,0.00766512604504257,0.00387742594644191,0.00434308273975694,0.00552401464386674,0.00277667592050995,0.0065305578005154
0.00289812328569347,0.000874896124034257,0.00569705666529417,0.00715507132137481,0.00697165084312758,0.00170178164407185,0.00307526747090643,0.00647680071758395,0.0090195810801327,0.00854926377770368,0.00265086654012978,0.00435162506072181,0.00307977238089957,0.00381013400942721,0.0076705558058134,0.00387300788273076,0.00434090602648996,0.00551251425371858,0.00277577308311496,0.00653547052881948
0.00290516102752522,0.000875357957810469,0.00569882188028453,0.0071592228729764,0.00697608349100123,0.0017062437961105,0.00307887482248339,0.0064719096567271,0.00902402817081514,0.00855827169843814,0.0026521998170905,0.00435881461930494,0.00308542916862308,0.00381530377531763,0.00766780297446361,0.00387559337153087,0.00434256021729409,0.00551677858498311,0.00277743954858954,0.00653727373787719
0.0029050505385519,0.000875291321574324,0.00569824582061963,0.00715616413226691,0.00697256190645477,0.00170513261147306,0.00307425515320244,0.00647432847468961,0.00902256533710772,0.00855151870149487,0.00265177162403928,0.00435215087168084,0.00308235393223495,0.0038124078245711,0.00766830029297897,0.00387732612459015,0.00433948058584142,0.00551845691479056,0.00277740840440761,0.00653591723435031
0.0029023850143345,0.000876252233580223,0.00570118035573882,0.007165335434157,0.00698172401833072,0.00170557177892615,0.0030819103786751,0.00648118785992311,0.0090327264240274,0.00856330023048853,0.00265873432004059,0.0043612380795213,0.00308601652017405,0.0038176973016534,0.00767596270058574,0.00388185784382471,0.00434538495094603,0.00552846937615024,0.00278087186698253,0.00654150635139473
0.00290957973044294,0.000876844880165638,0.00570532967032486,0.00716820663464531,0.00698270535821883,0.00170499042997385,0.00307869500808168,0.00647820147374503,0.009033359423142,0.00856539542060344,0.00265837243066142,0.00436011488115525,0.00308613705345349,0.00381951238151179,0.0076908558981329,0.00387991695766983,0.00434583288839347,0.00552154833646375,0.00278053110957082,0.00654553013755415
0.00290677389476773,0.000876315860593144,0.00570434283671371,0.00716597671061338,0.00698373104212274,0.00170468755927012,0.00308089809527909,0.00648004856565744,0.00903466579035344,0.00856591992782168,0.00265569761259855,0.00436171032422801,0.00310033188419291,0.00382074394397211,0.00768325589058735,0.00387990507912275,0.00435131425082578,0.00552883139583396,0.00279262896741774,0.0065434276447058
0.00290248092478738,0.000876095456168764,0.00569818339388231,0.00716435701598658,0.00697445973056123,0.00170432017298774,0.00307829766078538,0.00647860913734617,0.00903753826562059,0.00856345425552018,0.00265944041462938,0.00435891462560566,0.0030809984094825,0.00381603622368111,0.00767861280569638,0.0038766743643414,0.00434685551160801,0.00552925027304443,0.00277796380652141,0.0065447199833766
0.00290513383754478,0.000875606333781788,0.00570094581644084,0.0071598252802052,0.00697508594734067,0.00170321927682368,0.00307843131266046,0.00647468359265827,0.00902450434219098,0.00855658905906253,0.00265545504187428,0.00435421657256448,0.00308204216442152,0.00381294391138715,0.00767107646391241,0.00387602526590183,0.00434292453225218,0.00552263317785442,0.00277833932808853,0.00653711083564571
0.00290441311799553,0.00087615411170393,0.00570391429289387,0.00716353414324939,0.00698207782887615,0.00170521832451093,0.00308010063763191,0.00647690487546782,0.00903156524151027,0.00856269229123896,0.00265807355875203,0.00436057441291292,0.00308404882280215,0.00381489012673251,0.00767402610351017,0.00387825461818773,0.00434502306270547,0.00552936638240774,0.00278048344836189,0.00654214647577266
0.00290180549781932,0.000875095979999311,0.0057009475458547,0.00715577622777047,0.00697152859732953,0.00170303856987776,0.00307649319551016,0.00646931357334181,0.00902234355340076,0.00855596884907888,0.0026538331213088,0.0043536229073175,0.00308119313260685,0.0038126336514888,0.00767001003020035,0.00387535912324158,0.00434372896296642,0.00551943679308955,0.00277793943199258,0.00653480531083181
0.00290425067215692,0.000876214503806323,0.00570492388039965,0.0071662334564819,0.0069801118787268,0.00170573690578748,0.00308095255100271,0.00647995252105476,0.00903475606759749,0.00856152691151334,0.00265836804738617,0.00435935914683477,0.00308374555251098,0.00381555587516266,0.00767388243224458,0.00387927127346968,0.00434882208100592,0.00553158827079959,0.00278258221826096,0.00654241755740849
0.00290563621562542,0.000876002674491229,0.00570363415075607,0.00716141247981781,0.00698054156119945,0.00170361400215969,0.00307685145360401,0.00647763970408275,0.0090419976122404,0.00856816534553103,0.00265515611630949,0.00435475014669596,0.00308714474740833,0.00381590345743589,0.00767748408240701,0.00387849640111265,0.00434427474245879,0.00552478091810549,0.00277862003592557,0.00654196635224207
0.00290251607297436,0.000875919522470877,0.00570210039845544,0.00716490894498316,0.00697898232454376,0.00170363412823441,0.00307623945255358,0.0064753126806237,0.00902631608441684,0.00856004548418483,0.00265369109025145,0.0043565855232789,0.00308266576307987,0.00381471054161894,0.00767259010016989,0.00387719710751781,0.00434341594075046,0.0055188565593417,0.00277861555055106,0.00653937064232851
0.00290166307078828,0.00087571755122735,0.00570141103188077,0.00715978033857204,0.00697645720648027,0.00170339977462671,0.00307543538651867,0.00647553369213694,0.00902494697402747,0.00855754418475865,0.00265301137945704,0.00435526788318351,0.00308203570341697,0.00381346897831585,0.00767009732044327,0.00387653884642997,0.00434199068481372,0.00551750819970999,0.00277869496020085,0.00653607013932543
0.00290492708241848,0.000875633338767859,0.00569843502647552,0.00715598083355908,0.00697696504716271,0.00170337680724119,0.00308084868097094,0.00647354476719478,0.00903400017702985,0.00855379115203722,0.00265791789000791,0.0043566159314326,0.0030803968976445,0.00381295222285143,0.00766807294093208,0.00387531121938133,0.00434170200284679,0.00552322167121026,0.00278707045743905,0.0065379287574583
0.00290417716156121,0.000875454109525888,0.00570455273756191,0.00716393736737151,0.00697607846014549,0.0017035840774359,0.00307529263100594,0.00647653492499356,0.00902867968745932,0.00855643061129869,0.00265420754035822,0.0043606381047149,0.00308549330826364,0.00381475572035067,0.0076805360178192,0.00387698849673239,0.0043430904699073,0.00551862607676668,0.00277906279728184,0.0065425085891746
0.00290500018118415,0.000875323004740511,0.00570777526706012,0.00715787171710796,0.00697253243852797,0.0017053078746413,0.00307983268160521,0.00648030408993589,0.0090346479123937,0.00856725299149401,0.00265253349936468,0.00436023735859297,0.00308088356810688,0.00381331079687548,0.00768247912939393,0.00388075191122161,0.00434704364262669,0.0055162609182322,0.00278220737565162,0.00653481098753404
0.00290642554284069,0.000875161405303605,0.00569759673678808,0.00716323600819326,0.00697335069555306,0.0017033332167729,0.00307866346129929,0.00647789000317803,0.00903123450956404,0.00855877563701066,0.00265796628360991,0.00435836533796716,0.003082755207761,0.00381510928638319,0.00767512690687931,0.0038739614369246,0.00434330946224318,0.00552636297440908,0.00277954386874491,0.00654177717379828
0.00290365458284744,0.000876206957402602,0.00570210877376336,0.00716240619168246,0.00697932500235116,0.00170454975679287,0.00308522295173343,0.00647896467920168,0.00902933774450215,0.00857993948580202,0.00265573956889558,0.0043570869289547,0.00308470715793084,0.00381804034648656,0.00767567358350556,0.00388716545375998,0.00434411152486857,0.00551962461779355,0.00278103223767395,0.00653971799265903
0.00290550390672719,0.000875964996709992,0.00570108772631118,0.00715825686792456,0.00698129612867907,0.0017068042573181,0.00307845195777936,0.00647345036855395,0.00903963980891416,0.00855787356367419,0.00265590581980661,0.00435685950939219,0.00308280635360664,0.0038219211655557,0.00769018525939232,0.00387665551953762,0.00434711353313255,0.00552080192060708,0.00278075839270762,0.00654076930346858
0.00290401440370155,0.000875369700326029,0.00569940210193351,0.00716261281970304,0.00697520281862595,0.00170434473404399,0.0030749274404759,0.00647686672420454,0.00902285229660546,0.00856568430972235,0.00265337777809361,0.00435548160202666,0.00308189305196803,0.00381384830369029,0.00766800118569801,0.00388164187226276,0.00434297575368946,0.00551843044503406,0.00277848639810031,0.00654771111666635
0.00290257179860078,0.000876252659221755,0.00570698371920065,0.00716343161625547,0.00698553490111648,0.00170587924949916,0.00307871982278289,0.00647981032730732,0.00903090787182005,0.00856743186619025,0.00265633256366762,0.00435925123602545,0.00308506472847448,0.00381845686859361,0.0076740614910519,0.00387928656070762,0.00434558704228979,0.00552530258263996,0.00278307452204259,0.00654811410032435
0.00290891529493674,0.000875435794722657,0.00570147626939089,0.00715806124781686,0.0069780280914094,0.00170337095088464,0.00307461754000867,0.00648169458520285,0.00902429645333618,0.00855612443606727,0.00265265468079741,0.00436132285580866,0.00308142743757085,0.00381935440394843,0.00767049726641539,0.0038755577857681,0.00434190755693378,0.00552484656115983,0.00277789640559838,0.0065370960870637
0.00290446186272892,0.000875829020631064,0.00570117857786454,0.00716111688912504,0.00697827097498595,0.00170312094261488,0.00307734261060394,0.00647475770786642,0.00903559249902429,0.00855919202165777,0.00265493678287786,0.00435773145514121,0.00308342860744477,0.00381759338088145,0.00767408465771973,0.00387862791821666,0.00434152745845659,0.00552211649478504,0.00278099281219989,0.00654189074999852
0.00290447089572996,0.000876055329571683,0.00570117940744032,0.00716054486164237,0.00697944405926629,0.00170370183107957,0.00307646069225697,0.00647719294678001,0.00902672851779406,0.00855575551723216,0.002654073575774,0.00435706172177441,0.00308232832459019,0.00381480046966566,0.00767196870205751,0.00387750471190588,0.00434329568128112,0.0055176296774905,0.00277928488255123,0.00653967696531624
0.00290354160438471,0.000876246855615308,0.00570573939174545,0.00716563089702935,0.00698080882486714,0.0017053349484751,0.00308073205352334,0.006478274146245,0.00903390105567102,0.00856363985086914,0.00265824495078689,0.00435927140158022,0.00308418290916587,0.00381591978722423,0.00767518327252992,0.00387976924475028,0.00434608136562259,0.00552792711253468,0.00278019934474348,0.00654300679842773
0.00290446748923112,0.000875635024708887,0.00569946592293484,0.00715927533203535,0.00697563415481139,0.0017034083301491,0.00307663637682621,0.00647993329808137,0.00902670063773072,0.00855765438030482,0.00265584733404562,0.00435766949925992,0.00308450786926801,0.00381691342654856,0.00766815858764643,0.00387634573493311,0.00434694867124773,0.00552179623980945,0.00277862151277117,0.00654374236313313
0.00290649882571333,0.000876264334061659,0.00570532957441285,0.0071661511120188,0.0069857232618204,0.00170454685686445,0.00307940380089214,0.00648473671474739,0.0090438361222776,0.0085653622933789,0.00265594809829284,0.00436070037338972,0.00308509086217063,0.0038198756349476,0.00768202106384673,0.00388287209916003,0.00434889427696839,0.00552495770193306,0.00278123534955383,0.00654252000058504
0.00290992360201547,0.000876679184258829,0.00570650034417592,0.00716856829207293,0.00698381760732364,0.00170720643331703,0.00307992350681299,0.00648165423345054,0.00903836264278651,0.00857578771451156,0.0026570694051183,0.0043648508778945,0.0030844082708444,0.00381903126239963,0.00767979554070088,0.00388035577553935,0.00434845337466877,0.00552193935883408,0.00278134155021334,0.00655360305151712
0.00290603083570432,0.000875739493413009,0.00570230247099943,0.00716175872769295,0.00697529278267514,0.00170413862064657,0.00307789142114311,0.00648349293614691,0.00903935778654064,0.00856837963292056,0.00265689764756053,0.00435577477601049,0.00308436903569752,0.00381540045731495,0.00767173132925756,0.00388364712279978,0.00434261016307701,0.00552109705924004,0.00278210699779155,0.00653703195570032
0.00290625502405053,0.000875676491133383,0.00570889143146989,0.00716433438673522,0.00697366062806602,0.00170369057189949,0.00307924691149106,0.00647556176792625,0.00902459857501476,0.00856697822999462,0.00265383414943367,0.00436428848384198,0.00308257329988423,0.00381879268512666,0.0076704320128858,0.00387830488319859,0.00434244270123132,0.00551597544506256,0.00277957688479016,0.00654264190711917
0.00290252962581763,0.00087626697125429,0.00569846301624536,0.007162123248991,0.00697822081127746,0.00170370283722331,0.00307607429323254,0.00647777346686809,0.00903484989986364,0.00856677387528772,0.00265321804568789,0.00435181351028474,0.0030818698711591,0.00381433003959778,0.00767999880992955,0.00388291070748802,0.00434363981402058,0.00552382994806666,0.00278132762956176,0.00654255338715437
0.00290401315367031,0.000875907476076174,0.00570328240425575,0.00716184361019698,0.00697691100424616,0.00170491604656957,0.00308189010219008,0.0064808655999117,0.00903781593665157,0.00856193918216458,0.00265732270286216,0.0043576215208329,0.00308375987366032,0.00381474232636404,0.00767375302051566,0.00387742178463239,0.00434639494108709,0.00552754336170975,0.0027801106987505,0.00654060142016982
0.00290474334817683,0.000876643765580347,0.00570520189883527,0.00716296016006829,0.00698101322949693,0.0017062518005553,0.00308237211790865,0.00647830018372597,0.0090364822304739,0.00856432781511784,0.00265884283279111,0.00436041292150418,0.0030848696319091,0.00381720652968897,0.00767542796661501,0.00388056412975122,0.00434670673345972,0.00553183604910217,0.00278157945272119,0.00654161242960567
0.00290560639770412,0.00087553603434936,0.00570958154475605,0.00715969044754252,0.00697646507459322,0.00170399714623889,0.00308050361497875,0.00647495066560602,0.00902448381973551,0.00855472776115116,0.00266170056343778,0.00436075956111912,0.00308666704829559,0.00381495568931411,0.00767150882134935,0.00387773167556106,0.00434435128195431,0.0055167970051863,0.00278139438123229,0.00653989126086383
0.00290699877324272,0.00087540981225125,0.00569955523436626,0.00716136950603903,0.00697733856874716,0.00170336401822836,0.0030764667108918,0.00647514077379212,0.00902830712012987,0.00855831814829886,0.00265317530259177,0.00435698158209183,0.00308263442107806,0.0038153082378964,0.0076723162945936,0.00387687838351921,0.00434122033050015,0.00551983712777205,0.00277813377536455,0.00654069859221974
0.00290733742178083,0.000875971621144309,0.00570437258544617,0.00716375086995926,0.00697945080472275,0.00170388234734917,0.0030806647129816,0.00647685224532035,0.00902919792468576,0.00856186204748881,0.00265851762609231,0.00435937889543385,0.00308653159551839,0.00381473869284561,0.00767573215749593,0.00388092120968268,0.00434572116548547,0.00552191720923482,0.00277981399295508,0.00654524400582605
0.00290819566178105,0.00087693442164726,0.00570890706938684,0.00717250194397369,0.00698256071626126,0.00170691632282808,0.00308463462007235,0.00648521962597385,0.00903933084151124,0.00856916136354423,0.00265876025784614,0.00436120658895411,0.003086986306692,0.00381954982231724,0.00768722159251412,0.00388288052334014,0.00434915084946829,0.0055313159332891,0.00278336860266073,0.00654893001365691
0.00290333946503349,0.000876572263248875,0.00570425324211453,0.00716797536990696,0.00698291492649006,0.00170483890041681,0.00307840441427324,0.00647937388331286,0.00903170574813092,0.0085638139548996,0.00265564690752882,0.00435800856526793,0.00308470761542775,0.00381611113025552,0.00767636638041164,0.00387883112312668,0.0043455809534035,0.00552203814695558,0.0027804434380477,0.00654235365396279
0.00289832926001512,0.000875016745076933,0.00569851538567968,0.0071530321876316,0.00696712578367813,0.0017017753461883,0.00307427199743939,0.00646913612883474,0.00901692658059513,0.00854937296239957,0.00265139245835167,0.00435035557128394,0.00308105865414849,0.0038115914558547,0.00766264285606981,0.00387482972130877,0.00433763577427938,0.0055122740070354,0.0027765866304872,0.00653359246623303
0.00289870476607843,0.000875117527060141,0.00570020777186398,0.00715486447333927,0.00696975907801271,0.00170409011479098,0.00307843586514731,0.00647216652039988,0.00902326458663078,0.00855288376793608,0.00265667336084911,0.0043561451119584,0.00308103059794554,0.00381183655653659,0.00766808997165303,0.00387622312785678,0.00434305802216986,0.00552380507117008,0.00277860881970526,0.00653424799458125
0.00290466653901731,0.000876358794555864,0.0057054225500701,0.00716927477427652,0.00697742981560107,0.00170548794941501,0.00308180812598126,0.00648099869851212,0.0090311653733512,0.00856484141884273,0.00265866647194279,0.00436057715442282,0.00308431162273252,0.00381793584492845,0.00767612208442515,0.0038795467866126,0.00434551845471172,0.00553002578041189,0.0027811992534203,0.00654285937574585
0.00290482109685088,0.000876222765916945,0.00570039451548901,0.00716165140496367,0.00697598327916382,0.00170352102964372,0.0030773593000001,0.00647531860414681,0.00902392496019227,0.00855762906595354,0.00265416247948814,0.00435609557799524,0.0030845012172602,0.0038154294802498,0.00767861166754958,0.00387752318240852,0.00434252976841359,0.00551802170776562,0.00278182044183074,0.00653995291013113
0.00290415555521645,0.000876227956680431,0.00570475699975988,0.00716567711792344,0.00698161479843291,0.00170527821100583,0.00308132969052803,0.00647887643238854,0.00903722744877374,0.00856484272528375,0.00265750963563853,0.00435813450376211,0.00308532117301151,0.00381714912553239,0.00767713070493772,0.00388025029405156,0.00434613075082616,0.00553249019608226,0.00278148648024638,0.00654345353595109
0.00290536162591205,0.000876216911976697,0.00570233227461055,0.00716285257171919,0.00697891221567783,0.00170423526324555,0.00307663316184244,0.00647590414639972,0.00902496826218337,0.00855944110658556,0.00265458861480014,0.00435744652286561,0.00308299993567232,0.00381443031812959,0.0076759772190503,0.00387850549936632,0.00434845529828943,0.0055189214580132,0.00277931487631309,0.00653984358213552
0.00290080164479991,0.000874871667264668,0.00570173704940054,0.00716286096349072,0.00697229432768152,0.00170306790666028,0.00307647600878385,0.0064735834087093,0.00902165192061597,0.00855802981662865,0.00265240079199914,0.00435242144508345,0.00308198742823443,0.00381461430930844,0.00766759832773551,0.00387803860385473,0.00434113661325024,0.00551381172586612,0.00277872032962816,0.00653639517135458
0.00290257858477828,0.000875362459096657,0.00570017870885157,0.00715623544136464,0.00697087970056563,0.00170354008734816,0.0030771784425114,0.0064752011350373,0.00902369304045233,0.00855534926837853,0.0026559814548516,0.00435441491101466,0.00308194305288513,0.00381374847759826,0.00766793842434252,0.00387598792536349,0.00434823076990423,0.00552097007542589,0.00277900066964074,0.00653936041954881
0.00290129430125997,0.000875076445368624,0.00569867908774703,0.0071563099140523,0.00697375177038497,0.001706533279268,0.00307898994629452,0.00647790315372989,0.00902631995861684,0.00855823395997862,0.00265479609594977,0.00435515094725738,0.00308183960637506,0.00381490261753809,0.00767290732782349,0.0038773210042825,0.00434266881689664,0.00552286478049877,0.00277847363714409,0.00653939522286883
0.00290380020462158,0.000876556224600957,0.00570369002593012,0.0071644271000899,0.00698354332883787,0.00170619059591607,0.00308163035636603,0.00648154145645296,0.0090345357355308,0.00856628381001148,0.00265890864491984,0.00436046339418838,0.00308560358743563,0.00381705640260498,0.0076774874871007,0.00388136675815151,0.00434864948964805,0.00553114253308786,0.00278206770279294,0.00654334458201304
0.00290027652159604,0.000875695772606638,0.00569991963935177,0.00716290068014354,0.0069736304584959,0.00170286437426981,0.00307611031155682,0.00647758077323344,0.00902512313686368,0.00856187681145206,0.00265377890196652,0.00435422855401013,0.00308208031359214,0.00381334913782928,0.00767007229105128,0.0038768491673497,0.00434226858585159,0.00551870913385125,0.00277857836482281,0.00653676885843785
0.00290577467991198,0.000875855532769707,0.00570525411698751,0.0071638544051289,0.00697861230316049,0.00170548025940942,0.00307970628213457,0.0064763038250737,0.00903367466144545,0.00856058254428887,0.00265807971607291,0.00435963304508401,0.00308367938442002,0.00381663481414471,0.00767214105017166,0.00387851536918443,0.00434683858906537,0.00552573134795012,0.00278033748534988,0.00654013167705735
0.00290411195807259,0.0008762830848246,0.00569897961261986,0.00716210398478277,0.00698122071497323,0.00170346862607243,0.0030773631242746,0.00647509932381962,0.00902328548390244,0.00855375043603228,0.00265461728284288,0.00435506782429442,0.00308152080925256,0.00381519585966531,0.00767019614050251,0.00387667648659421,0.00434647348750096,0.00552134307304918,0.00277780277780676,0.00653567215786062
0.00290442136310766,0.000876222319388997,0.00570230110582805,0.00716164864147025,0.0069772960577593,0.00170408456677786,0.00307978276900111,0.00648772076447848,0.00903306731548547,0.00856177926714039,0.00265503983663624,0.00435732340913316,0.00308616824960024,0.0038163156319111,0.00767199121416076,0.00387902917929474,0.00434308254771944,0.00551804647606781,0.00278275868313353,0.00654756616435691
0.00290292189946184,0.000875684066032271,0.00570219976208705,0.00716226122971885,0.00697849744769681,0.00170336511770584,0.00307637947767998,0.00647467732318594,0.00902871444490037,0.00855949271910627,0.00265395777841262,0.00435591464786958,0.00308328960270788,0.00381839973566956,0.00767050315151811,0.0038812066295836,0.00434299640507693,0.00551560373478785,0.00277906809698855,0.00653908194434277
0.00290376075378053,0.000875457256386231,0.00570183426011841,0.00715662645760811,0.00697515449065097,0.00170386219744444,0.0030752745810524,0.00647140288158955,0.0090205493850326,0.00856167623675476,0.00265214439267695,0.00435784764706137,0.0030845073414015,0.00381619272755339,0.00767354537028284,0.00387446241060051,0.00434395057515549,0.00551623596712445,0.00278051670622226,0.00654058459580429
0.00290420197924885,0.000875608294354724,0.00570115735618077,0.00716281615711701,0.00697756919248828,0.00170429097390589,0.00308033879265421,0.00647599373685851,0.00903002776147046,0.0085541862021328,0.00265647964868394,0.00435648696044946,0.0030834109235458,0.00381713626113402,0.00767190037093321,0.00387996580910995,0.00434330094969529,0.00552698862240279,0.00277912625492473,0.00653669667652403
0.00290056348669802,0.000875448188113418,0.00569835455089409,0.00715605636406976,0.00697262473882444,0.00170353162489709,0.00307777401253402,0.00647020336408394,0.00902358213737709,0.00855403470253052,0.00265429141717816,0.0043535369070972,0.00307982334005675,0.00381156343218242,0.00766373972389731,0.00387637534019076,0.00434095211276223,0.00552202066014259,0.00277797153640557,0.0065336440147493
0.00290623936335184,0.000876203178385437,0.00570741408992064,0.00716342855112984,0.00697897942236892,0.00171133905848888,0.00308177301784204,0.00647955414828772,0.00903646749083628,0.00856628504749333,0.00266731672733005,0.00435988655821251,0.00308431638991854,0.00382016733526117,0.00768126579702037,0.003880668978404,0.00434941511622934,0.00552058157310719,0.00278298270309297,0.00654417544828926
0.00290201246660217,0.000875795520403851,0.00569918620300139,0.00715701842335182,0.00697343114481457,0.00170465833381318,0.00308061968004847,0.00647349263469012,0.00902748428743228,0.00855612003522924,0.00265727931361556,0.00435727633915749,0.00308326665648338,0.00381368940610125,0.00767003715259874,0.00387704000752043,0.00434300617796167,0.0055276301074083,0.00277849382711534,0.00653664192308884
0.0029082447100045,0.000876809344346308,0.00570822132890275,0.00716931104714386,0.00697777116967032,0.00170651544654611,0.00308193770109729,0.00648022733947337,0.0090315773328403,0.00857453684472742,0.00265606287547242,0.004365155677597,0.00308538556581563,0.00381851985672834,0.00767709630259939,0.00387963513558046,0.00435116816226962,0.00552181085400476,0.00278137174683169,0.00654983994974301
0.00290434771617761,0.000876667513789432,0.00570295964407489,0.00716892561718284,0.00698208494407383,0.00170544364281261,0.0030810522945146,0.0064804755225239,0.00903829410947672,0.00856589370191678,0.00265887362151548,0.00436103743326127,0.00308514859108651,0.00381532015143335,0.00767895144952194,0.00388021229057333,0.00434746092903702,0.00553115816670218,0.00278130788028624,0.00654291817539463
0.00289954592295009,0.000874876170401349,0.00569978448835247,0.00715358021167893,0.0069692799176771,0.00170171716999092,0.00307338341579064,0.00646767482076353,0.00901665324928865,0.00855223374640137,0.00265123786115236,0.00435123144581291,0.00307962744463426,0.00381003784268361,0.00766400124126701,0.00387183697082971,0.00433877034635558,0.00551295133568645,0.00277688031254623,0.00653298354647406
0.00290979864152495,0.000876388978950977,0.00570530154041934,0.0071694950383071,0.00697883360670165,0.00170707297446739,0.00307987491566386,0.00647817966478417,0.00903376872484129,0.00856535090891348,0.00265673212169583,0.00436898353239478,0.00308543331926077,0.00382574561707941,0.00768841346783285,0.00388855166463791,0.00434452059122973,0.00552216977973239,0.00278142274371408,0.00654440808318946
0.0029004209213904,0.000875290516527991,0.00569857591000305,0.00715953965897965,0.00697574023766179,0.00170627541265939,0.00307571572746557,0.00647275703902651,0.00901880539890855,0.00855424638734134,0.00265282825969633,0.00436479056827234,0.00308005786122627,0.00381462379178157,0.00766904957228519,0.00387782993799936,0.00434360691084439,0.00552798749458076,0.00278447709412535,0.00653470213740293
0.00289934437723071,0.000874918767187637,0.00569903934778165,0.00715812529413848,0.00697206477745991,0.00170332732496745,0.00307497788116342,0.00647355772840059,0.00902210130961688,0.00855509037602151,0.00265224006871599,0.00435170676065168,0.00308072329710205,0.00381066696759226,0.007666042314085,0.00387380160996042,0.00433783567979029,0.00551551914355598,0.00277675787263277,0.00653287947892167
0.00290461414076776,0.000875864317495328,0.0057026409515645,0.00716455271298061,0.00697899194070798,0.00170412335281207,0.00307713716135428,0.00647597279602208,0.00902673262149778,0.00855715315692925,0.00265491905344025,0.00436001977101071,0.00308217440231589,0.00381632973392989,0.00767192760519339,0.00388091342112454,0.00434360303429103,0.00551849269681521,0.00277917411029056,0.00654154827905235
0.0029048146208885,0.000876619084872028,0.00570579945077597,0.00716939009127453,0.00698454171944197,0.00170617726047152,0.00308110125397597,0.00648395942569143,0.00904063998086504,0.008564119236277,0.00265737703925678,0.00435924044930086,0.00308560742638515,0.00381692627169012,0.00767548672422655,0.00388060398989898,0.00434651374334647,0.00552974582157835,0.00278150972789943,0.0065436068181396
0.0029038199086382,0.000875960379809479,0.00570377911990798,0.00716309675848989,0.00697911665587794,0.00170484560879725,0.00307951950720114,0.00647704984729251,0.00903415650934297,0.00856030052491979,0.00265678624905556,0.00435801282328764,0.00308377302382795,0.00381507471997279,0.00767494299234385,0.00387956495514459,0.00434435564086853,0.00552936719320324,0.00278034851476694,0.00654265689241464
0.00290289168179387,0.000875561839644129,0.00570120003824377,0.00716050041279217,0.00697887696444645,0.00170448659022705,0.00307981991419116,0.00647897633031088,0.00902805592349985,0.00855938487915009,0.00265703151818905,0.00435716577797326,0.00308399161632466,0.00381597142822751,0.0076745446301346,0.00387835998594282,0.00434578524324149,0.00552830310884801,0.00278044623917297,0.00654266252790622
0.00290480882065331,0.000875426901098424,0.00569994438261587,0.0071592068656147,0.00697573898929496,0.00170369017458477,0.0030742254808666,0.00647620132192079,0.00903700588445447,0.00860194431942162,0.00265282208123831,0.00436144870291927,0.00308284391000185,0.00381505576129238,0.00766961863336695,0.00387816044551425,0.00434296773217865,0.00551614517778953,0.00277920252287294,0.00653569964081795
0.00289971722052462,0.000874811491586097,0.00569626642411117,0.00715599899761469,0.00696937907203757,0.00170262912343285,0.00307328573570216,0.00647104822233551,0.00901470823298069,0.00855245848010813,0.00265275820502992,0.00435136355702389,0.00307994689763119,0.003811593111848,0.00766407742827082,0.0038758802424388,0.00434025350770207,0.00551251173694203,0.0027773384479918,0.00653277076589984
0.00290471863445585,0.000874601680632033,0.00569112519875012,0.00715370198173697,0.00697271171600394,0.00170457778725621,0.00307267638504954,0.00647093351866684,0.00902125258605773,0.00855314204473136,0.00265022246136003,0.00436224043621553,0.00307963238544414,0.00380963789428934,0.00767905168691277,0.00387600618114143,0.00433880931435939,0.00551203264784766,0.00278197451732899,0.00654136353458444
0.0029013009604741,0.000875608815797769,0.00570050894025011,0.00716134223679817,0.00697554766989887,0.00170485531202051,0.00307855030111243,0.00647441526682983,0.00903095520242526,0.00855928867211883,0.00265694001434166,0.00435668087724839,0.00308167559452761,0.0038149631739687,0.00766503764937366,0.00387759705520629,0.00434367411303962,0.00552586711202133,0.00277975229888697,0.00653793088009895
0.00290169414475184,0.00087512381538346,0.00569697584078523,0.00715470322922233,0.00697009685943967,0.00170394701312456,0.00308755447503269,0.00647285724471293,0.00902021647655159,0.00855430607226246,0.00265474370626665,0.00435517555002481,0.00308059304812783,0.00381649645134513,0.00766598345586267,0.00387423002709569,0.0043402830548313,0.00551416740653049,0.00277666724828273,0.00654067266843308
0.00290484195995153,0.000876039192352565,0.00569848447800526,0.00716314133880619,0.00697469460640004,0.00170569372922794,0.0030797570890346,0.00648349560934067,0.0090340519479304,0.00856507376023722,0.00266538680872573,0.00435651760108361,0.00309554938658594,0.00381538254262035,0.00768046931076144,0.00387795210330198,0.00434450774601426,0.00552488211272987,0.00279007928205422,0.00654084428210294
0.00290073815472434,0.000875192140886482,0.0056981163570657,0.00716228256155438,0.0069789581853834,0.00170323278006305,0.00307585811286719,0.00647343075658539,0.00902712783605264,0.00856436525568155,0.00265236816716208,0.00435498673238613,0.00308421766136312,0.00381254117085722,0.00767154029024221,0.00387895480320581,0.00434281765508542,0.00552097534481238,0.00277707009534634,0.00653438144212904
0.00290433232029648,0.000875779222721962,0.00570520763511763,0.00716733554683969,0.00698239554615099,0.00170513527716758,0.0030807794965256,0.00647920964696166,0.00903431599307528,0.00856456593292811,0.00265718541318744,0.00435849689212908,0.00308491353643696,0.00381728034391843,0.00767302992548997,0.00388210162738947,0.00434623256196043,0.00553018296963048,0.00278161095805791,0.00654382498958802
0.00290374146028129,0.000875128993473041,0.00570004517132625,0.00716020204077982,0.00697422883889736,0.00170454422389793,0.0030762873086083,0.00647783783414179,0.00902562995814801,0.00855674499033281,0.00265670778465227,0.00435495146646882,0.00308229305541629,0.00381298886153984,0.00767039910317666,0.00387712779460939,0.00434097204654759,0.00552216919967118,0.00277913493388265,0.00654071163041429
0.00290035088586111,0.000875636972313844,0.00570094681630324,0.00716046502298381,0.00697162514395772,0.00170426722700885,0.00307858899179873,0.00647253113300127,0.00902896825625278,0.00855589700156925,0.00265523498465025,0.00435535114557561,0.00308217565811646,0.00381166856687311,0.00766988407264939,0.00387635700649583,0.00434288970417562,0.0055250675046945,0.00277873193512056,0.00653692538627143
0.00290594305410171,0.000876111840409306,0.00570136321279036,0.00715822233906023,0.00697634551580847,0.00170534719598448,0.00307626374265315,0.00647296554221208,0.00904108713439347,0.00855612976895195,0.0026541004489402,0.00435950764534642,0.00308639168857068,0.00381610767464377,0.00767520331747504,0.00388244886133555,0.00434309698821906,0.00551629098967786,0.00277924465849693,0.00653944481248874
0.00290199684946522,0.000875437038109424,0.00569943041732658,0.00715704935559926,0.00697837161703659,0.00170392153489872,0.00307787157789205,0.00647315697946342,0.00902369784387377,0.00855656514639372,0.00265567632692985,0.00435754802099716,0.00308316314441684,0.00381361326339672,0.00767047606526178,0.00387628479589749,0.00435023129370973,0.00552084405291612,0.00277751014655323,0.00653957104656963
0.00290299364709793,0.000875497783246218,0.00569851075186772,0.00716224881973079,0.00697773569204692,0.00170509965205463,0.00307716529486267,0.00647436024535923,0.00902685795220964,0.00856444777061124,0.00265365109239846,0.00435842151479994,0.00308402263972742,0.00381716564148085,0.00767233028302142,0.00387999229251794,0.00434284089728372,0.0055258068324513,0.00277989589517918,0.00654203525703037
0.00290100252364395,0.000876283152883322,0.00570021236557846,0.00716587416986516,0.00697755617822841,0.00170489038336963,0.00307954434404555,0.00647626430141434,0.00903377448317959,0.00855918163479294,0.00265784894353895,0.00435836062794084,0.0030838621095372,0.00381568386072123,0.00767978548549885,0.00388068887758078,0.00435223490804425,0.00552741383158987,0.00278010791928656,0.00654067267117804
0.00290491785320396,0.000875505745494542,0.00569856686127166,0.00716182738294533,0.00697806572217557,0.00170279161777719,0.00307486501540497,0.00647172412999468,0.00902233606368972,0.0085632678244306,0.00265271150608329,0.00435422871884935,0.00308083071082116,0.00381979385928985,0.00766918238057661,0.00387823681792476,0.00434083959917644,0.00552274176980488,0.00277865948103508,0.00653715080626186
0.00290384221870182,0.000876020740544434,0.00570089708205464,0.00716175660272706,0.00697665504364852,0.00170412721673462,0.00307654495037221,0.0064794116143149,0.00903024702073082,0.00855882846234968,0.0026568697265713,0.00435604270620345,0.00309387716893011,0.00381412736514367,0.0076729462869208,0.00387697525920436,0.00434384886665141,0.00551920829628753,0.00277984701818096,0.00653852459645963
0.00290408106422225,0.00087648573403953,0.0057081769486306,0.00715768193287772,0.00697086761302699,0.00170369999984218,0.00308874731383873,0.0064681771477113,0.00903407532207982,0.00856730061998299,0.00265434147639954,0.00435337166495713,0.00308338505115065,0.00380965367701575,0.00768228314898865,0.00387340291624255,0.00434505177378872,0.00551770044667401,0.00277779345799807,0.00654337881257098
0.00290338663831973,0.00087567042808694,0.00570189237482812,0.00716466379836133,0.00697542308843474,0.00170533007190276,0.00307825678406554,0.0064780432062566,0.00903219389367906,0.00856016818165665,0.00265395080610962,0.00435886223372608,0.00308390887628741,0.00381687064308896,0.00767655028779448,0.00387879832601075,0.00434551219210496,0.00551792642824338,0.00278100210522572,0.00653975998909118
0.0029027539923379,0.000875630668115416,0.00569883077501555,0.00715916951600356,0.00697398359944899,0.00170425894423051,0.00307776471221024,0.00647420191408558,0.00902732158179691,0.00855778533921126,0.00265550968360133,0.00435486023564594,0.00308135671590185,0.00381346664457778,0.00766983642341145,0.00387745018971725,0.0043429919921333,0.00552016170087848,0.00277899782945191,0.00653911879815571
0.00290647374918516,0.000876339460916971,0.00570517996653261,0.00716906076592653,0.00698129366042394,0.00170516452571576,0.00308107882762802,0.00647879672913738,0.0090332592109873,0.00857040096352258,0.00265670664796114,0.00435735903669469,0.00308704339585512,0.00382075749619002,0.00767704998367818,0.00387984666479291,0.00434501546408737,0.00552687808073091,0.00279500094661566,0.00654091918813809
0.00289916074508833,0.000874593225898301,0.00569260538939574,0.00715380835334821,0.00696614508658765,0.00170180568907166,0.00307268389315004,0.006467141928156,0.00901673232378285,0.00854958461927916,0.00265066379644123,0.00435015802438404,0.00307836746809648,0.00380952837741481,0.007661752065348,0.00387187100613039,0.00433662161844247,0.00551138724308661,0.00277594627222004,0.00652999882033461
0.00290464992180217,0.000875154910175975,0.0057022211857384,0.00716139585886901,0.00697375391137807,0.00170425890730513,0.00307464476736765,0.00647313291776948,0.00902438853513858,0.00855541321700114,0.00265213904297432,0.00435417062112529,0.00308184489917866,0.00381342827881906,0.00767161511301352,0.00388044162801613,0.00434064528892463,0.0055147655543263,0.00277752764548735,0.00653635924798272
0.00290151989693798,0.000875563640038378,0.00570119765522481,0.00716105252567574,0.00697689689105395,0.0017032605030569,0.00307553818769271,0.00647367328794697,0.00902373503149173,0.00855832700813442,0.00265303896177283,0.00435548845102391,0.00308189064219064,0.00381363525264274,0.00767254404354891,0.00387644296203002,0.00434268426163096,0.00551709777896251,0.00277863648704578,0.00653818742766258
0.00289758199291011,0.000874883506581227,0.00569593629386311,0.00715240470879086,0.00697342237329238,0.00170345467262046,0.00307876999603539,0.00647210392305198,0.00902079677023663,0.00855024019275743,0.00265356043960539,0.00435512502163752,0.00307974552870778,0.00381322397295191,0.00766305107671786,0.00387491247537695,0.00433891996255705,0.00552232727741305,0.00277675106685563,0.0065321285309639
0.00290262056996787,0.000876396378300926,0.0057035840204375,0.0071661196951237,0.00698169069723586,0.00170562432935126,0.00308040496057439,0.00648013761027126,0.00903153198623432,0.00856290705513209,0.00265845552624187,0.00435879989014067,0.00308434747247403,0.00381657924525244,0.00767203956329392,0.00387921387244792,0.00435088448281411,0.00552666808989648,0.00278143849781568,0.00654169568583533
0.00290411332913573,0.000875767276229779,0.00570271734855606,0.00716219730664188,0.00697658781625268,0.00170337011788792,0.00307799812835866,0.00647526619523451,0.00902752484600538,0.0085582564962553,0.00265550378157223,0.00435478523111414,0.00308309249125512,0.00381790519933988,0.00767228616175059,0.00387642891288791,0.00434615017081089,0.00552043702177221,0.00277968670033863,0.00654741909201519
0.00290624594622166,0.000876401754570531,0.00570652331023215,0.00716905415885989,0.00698578663724838,0.00170487754405096,0.00307959433287826,0.00648266475639715,0.00904274733685956,0.00856446406884968,0.00265964509429741,0.00435899316805899,0.00308588263477819,0.00382053715600927,0.00768465582317969,0.00387887215911965,0.004351162161726,0.00553060754101736,0.00278045855511899,0.00655024598867123
0.00290353221202921,0.000876409098656582,0.00570380504909004,0.00716332379401221,0.00697999601252995,0.00170615569153392,0.00308087862365333,0.00648160864553294,0.00903861240951365,0.00856416295742247,0.00265811193530336,0.00435867830492646,0.00308622635359778,0.00381771281551554,0.00767781848567423,0.00387973737104518,0.00434492434043241,0.00553222452745951,0.00278124031272434,0.00654609229381136
0.00290407525209188,0.000875808691714865,0.0056985315735833,0.00716075929428561,0.0069768575332931,0.00170487038869169,0.00307544625146579,0.00647320178806557,0.0090241088070544,0.00855751184879414,0.00265273803968684,0.00435544036199749,0.00308089842492715,0.00381256184757197,0.0076660880438494,0.00388143549590663,0.00434007519659998,0.00551542637816583,0.00277666172651327,0.00654007161443084
0.00290059173995556,0.000875360859478794,0.00569615962374134,0.00715443341793255,0.00697275172634817,0.00170365360386489,0.00307909517557409,0.00647041563987182,0.00902371197580071,0.00855576995315073,0.00265666152528659,0.00435560405476536,0.00308369075442788,0.00381270727810127,0.00766737775853189,0.00387739724625509,0.00434751372577148,0.00552397885927079,0.00277955877084283,0.0065356591481219
0.00290231037813803,0.000876034000661985,0.00570284233019777,0.00716361533285151,0.00697610272826663,0.00170515868913939,0.00307922619229501,0.00647575307933447,0.00903041581533813,0.00856017108774413,0.00265707859125442,0.00435805915454571,0.00308330231390398,0.00381499002474014,0.00767189484082977,0.00387970112762699,0.00434551955136492,0.00552834411946606,0.00278101397460218,0.00654021526958308
0.00290541905179437,0.000875440267759709,0.00570425661630624,0.00716618970030501,0.00697853284675988,0.00170598378933332,0.00307699464876619,0.00647710335504833,0.00903685497736832,0.0085606622792751,0.0026592688308793,0.00435423618486681,0.00308269103434235,0.0038160736417728,0.00767869324018455,0.00387640015415362,0.00433990684370289,0.0055196043315766,0.00278104733493351,0.00653977632975157
0.00290859280196854,0.000875957677480654,0.00570491213424934,0.00716716596533049,0.00698408728720899,0.0017091168330981,0.00307865355115228,0.00647900105083282,0.00903160124074212,0.00856424554527221,0.00266380488937975,0.0043591111967287,0.00308380285812857,0.0038194696382364,0.00767577751522638,0.00388039613219965,0.00434579599049073,0.0055244858479665,0.00278807676733697,0.00654125463474048
0.00290649256015424,0.000876297508023671,0.00570542603104175,0.00716687965612219,0.00698265121510834,0.00170583607226329,0.00307873737119845,0.00648046560807547,0.00904345738498644,0.00856498759925811,0.00265623914308496,0.00435886716035722,0.00308452308313939,0.00381649654892752,0.00768056888012589,0.00387938007917216,0.00434621462100961,0.00552011372973667,0.00278096323499088,0.00655110277503732
0.00290866437764696,0.000877261240488103,0.00570526632591463,0.00716091737850084,0.00698053390858364,0.00172011016502242,0.00308163345238244,0.00647681165118908,0.0090288980116723,0.00856639430233217,0.00266114881678744,0.00436203161618439,0.00308681310763283,0.00381781320110772,0.00767645489004578,0.00388353410478336,0.00434694805597329,0.00552376452504629,0.00278405359542387,0.0065411223242729
0.00290041604127891,0.000874269561653203,0.00569416613665342,0.00715423418965914,0.0069750708725396,0.00170309999914575,0.00307686798496142,0.00647081570709834,0.00902770768516734,0.00854722887141262,0.00265378266309605,0.00435457735238155,0.00308008728842745,0.00381025810966352,0.00766560476851854,0.0038747446855662,0.0043411047328018,0.0055189087159017,0.00277825731987836,0.00653480354901622
0.00290222244265609,0.000875938571222741,0.00570060417985059,0.00716450139186787,0.00697995255633669,0.00170312620609821,0.00307976967595629,0.00647648145861524,0.00902351257362188,0.00855884481515988,0.00265672665064526,0.00436028478640819,0.00308603364992037,0.00381540834530982,0.00767483590406438,0.00387769230995158,0.00435060141466945,0.00552482661932799,0.00277967815720738,0.00654144581374893
0.0029059572821758,0.000876481021561582,0.00570080403269897,0.00715799849887917,0.00698270136717371,0.00170430887549277,0.00307469237930524,0.00647307867396758,0.00902880005238221,0.00855306972245013,0.00265348476319675,0.00435596353886508,0.00308278666010532,0.00380958654605218,0.00766925974158542,0.00387985296114711,0.00434673353205847,0.00552878226136238,0.0027779276135023,0.00653940853772332
0.00290632318383795,0.00087624101685355,0.00570529938068848,0.00716692160261271,0.00698064770970101,0.00170449784012542,0.0030800133512532,0.00647845810777078,0.00903340059665787,0.00856292803890086,0.00265764660296229,0.004360785434773,0.00308476729471447,0.00381754163157377,0.0076837708049181,0.00388292110440893,0.00434815410545826,0.00552762612565565,0.00278034683552681,0.00654664638686193
0.00290654644122226,0.000876461795126458,0.00570681788421971,0.00716905410478749,0.00697851017756906,0.00170537583883424,0.00307966971904545,0.00648050623361789,0.00903822138278335,0.00856668272191589,0.00265995943201458,0.00435966182227172,0.00308520280158437,0.00381655485893441,0.00768369901867183,0.00388081341047814,0.00434693979852545,0.00552881126130022,0.00278129999829452,0.00654371411713428
0.00290370337961842,0.000876470735593949,0.00570729511761969,0.00716805034446469,0.00698268679300747,0.00170548142860494,0.00308400332759473,0.00648015800971452,0.00903368792344783,0.0085632634923976,0.0026585800024114,0.00436120224180552,0.00308677966814317,0.0038161713077816,0.00767737312529673,0.00388143911884524,0.00435284676941128,0.00553126457164796,0.00278295618405588,0.00654313843527866
0.00289985080169669,0.000875442272811792,0.00570000463648171,0.00715627344326363,0.00697179954502058,0.00170246113960158,0.00307455515937448,0.0064752109170716,0.00902316352402163,0.00855556220896824,0.00265228905839372,0.00435197663026957,0.00308068641653374,0.00381081332551088,0.00766443166711428,0.00387373345160516,0.00433986703958162,0.00551363171255487,0.0027763850205948,0.00653313785622492
0.00289972068256117,0.00087578517865519,0.00569812549618006,0.0071618756308805,0.00697175775323187,0.00170429843356384,0.00307838309267838,0.00647725927955851,0.00902713575983746,0.00855620059096994,0.00265667692368948,0.00435527093147564,0.00308269201434278,0.00381326995198215,0.00766991127087401,0.00387750125190392,0.00434108332238477,0.00552556698870829,0.00277931326956953,0.00653824687308374
0.00290439907671286,0.000875959463479425,0.00570641835135712,0.00716275847950667,0.00698022444486702,0.00170548836563008,0.00308081590118966,0.00648181800710121,0.00903537983908811,0.00856633323232003,0.00265734739043286,0.00435977748985298,0.00308419138532595,0.00381605390676014,0.00768090868684921,0.0038809336873281,0.00434577199577992,0.00552977196792491,0.00278308330247599,0.00654493614217973
0.00290585710851725,0.000874809217962738,0.00569805010847649,0.00715688148985716,0.00697226080790477,0.00170589586657313,0.00307547334530015,0.00648081926336254,0.00901862546436077,0.00855317232555679,0.00265818583945765,0.00436300532323444,0.00308200623877451,0.00381339833026476,0.00767070834207417,0.00387694828359347,0.00433974967648024,0.00552486904491831,0.00277622527244299,0.00654033948790803
0.00290726520339568,0.000876041375869558,0.00570432587420876,0.0071669295960525,0.00697903219148879,0.00170667033721715,0.00307805207733948,0.00647706165040331,0.00903351491274753,0.00857538471008925,0.00265552706188447,0.00435885603292459,0.00308843106064446,0.00382154126000647,0.00768519705705622,0.00387963383059336,0.00434598005971382,0.00552120540182375,0.0027797749140641,0.00655081363870341
0.00290454730918853,0.000876602723324358,0.00570190706972121,0.00717079594744196,0.00698106084554149,0.00170604583509242,0.00308063010531434,0.00647885733200816,0.00903389263996225,0.00856281432493351,0.00265832859711723,0.00435964454983762,0.00308466028469113,0.0038173545095795,0.00768125228884809,0.00387988330075891,0.00434697112663578,0.00552867660010812,0.00278112714516464,0.00654327121597718
0.00290321524471599,0.00087635828182762,0.00570479553925039,0.00716578843042443,0.00698034619563685,0.00170540084268234,0.00308059453405175,0.00648020746312493,0.00903500774240194,0.00855939491208954,0.00265756072231953,0.0043577761035386,0.00308288896231519,0.00381522532140304,0.0076746728218111,0.00387983285529427,0.00434530579798352,0.00552913271556647,0.00278139053729049,0.0065432564334811
0.00290562234732396,0.000875909100285163,0.00569750815749344,0.00715744586100546,0.00697768799561595,0.00170329240232884,0.00308051712388522,0.00647895024275998,0.00903179907284715,0.00856227288813629,0.00265609579382723,0.0043572569311935,0.00308432749455996,0.00381629980415154,0.00766932692351104,0.00387935143177164,0.00433970213078442,0.00551642597729956,0.00277605212239179,0.00654313452369547
0.00290440629131369,0.000875448812623386,0.00570004313451053,0.0071609875090044,0.0069809216538324,0.00170405477671258,0.00307876638803631,0.00648249773520304,0.00902897823163721,0.00856217689850691,0.00265762673433049,0.00435923014596835,0.00308882625451368,0.00382164602774794,0.00767282420925883,0.0038801508115,0.00434277719816179,0.00552562157954656,0.00278003107746148,0.00655023110813738
0.00290609107024745,0.00087586475874795,0.00570286464951753,0.00716655857355288,0.00698059468000407,0.00171502229651812,0.00307847420501449,0.00647738247218235,0.00904169480718631,0.00856798886361882,0.00265488993915518,0.00436066905740606,0.00310069611540304,0.00381827032202865,0.00767600890951825,0.00388158096255627,0.00434813437118707,0.00552089619003308,0.0027803719356922,0.00654675708916342
0.0029026260136247,0.000875248302945772,0.00569775905917614,0.00716015785319714,0.00697242282874617,0.00170249207056249,0.00307583306936524,0.00647475442096557,0.00902549741002896,0.00855507053899915,0.00265400325910402,0.00435223936638905,0.00307954748527308,0.00381245106302597,0.00766658913496642,0.00387655820964737,0.00434132507009141,0.00551595540531562,0.00277794760263829,0.00653232255494663
0.00290327609410913,0.000875696773005442,0.00570134695507541,0.00715999513861331,0.00697667066204029,0.00170503657575109,0.00307627205524146,0.00647459201189194,0.0090281577715672,0.00855831787654053,0.00265649127633483,0.00435542521518223,0.0030827753977741,0.0038176602308374,0.00767406825067972,0.00387729731492226,0.00434473949179559,0.00552321517938497,0.00277872584755073,0.00653763498320857
0.00290156672308336,0.000876041153602439,0.00569931036045991,0.00716207918768336,0.00697642060048096,0.00170333530604042,0.00307585543384851,0.00647359792894921,0.00902051029481727,0.00855636953651389,0.00265394896741359,0.00435370128873561,0.00308465018523465,0.00382248152940676,0.00766811905887736,0.0038757005867636,0.00434374484659866,0.00551922782564523,0.00278093517688689,0.00653594724325924
0.0029034427483767,0.000875921424478011,0.00570028388082767,0.00716378468196625,0.0069779447680701,0.00170423248733574,0.00307804905836744,0.00647825910942877,0.00902838388639525,0.00855768702245238,0.00265608957056069,0.00435648540943413,0.00308260838527678,0.00381478696006668,0.0076717477488831,0.00387775323724102,0.00434453793305087,0.00552625672635494,0.00277962526913788,0.00653969495509094
0.00290059067486839,0.000875769413495916,0.00569607863897218,0.00716557562463887,0.00697349072888412,0.00170282351437102,0.00307638019206221,0.00647134437278371,0.00901972286576434,0.00855160938074167,0.00265346170031573,0.00435120146171161,0.00308041272153208,0.0038140411883243,0.0076678765766521,0.00387365019448467,0.00434422956111335,0.00551755249660268,0.00277729860412985,0.00653716321267917
0.00290665058270383,0.000876190065880004,0.00570245633890496,0.00716822911091568,0.00697776746630148,0.0017149689275566,0.00307709867943265,0.00647877186948729,0.00902919650522729,0.00856887540223616,0.00265653550904851,0.00435836277484133,0.00308356147301203,0.00381611307443874,0.00767381747102726,0.00387933752235544,0.00434364522108405,0.00551888701860581,0.00277963531207443,0.006544302964143
0.00290352393550482,0.000876074244052874,0.00570317843188007,0.0071665365305745,0.00698092177557037,0.00170505377055379,0.00307972634574689,0.00647933005123943,0.0090305203431491,0.00856144295302682,0.00265689799866425,0.00435690986671703,0.00308291937941708,0.00381781499793589,0.00767037593274284,0.00387857383541885,0.00434441635028376,0.00552788873593781,0.00278141918915017,0.0065411450257363
0.00290357695833808,0.000876129539766557,0.00569934116192837,0.00716288974353115,0.00697734654087032,0.00170481529471378,0.00308008231216768,0.00647569039663411,0.00902450067269076,0.00855479655434144,0.00265562540860772,0.00435670219709166,0.0030811834629586,0.00381393129412083,0.00766890728684634,0.00387676360659864,0.00434523551957438,0.00552769980549678,0.00278043375006283,0.00653621147092219
0.00290168998775643,0.000875948151511924,0.00570071378741614,0.00716266442666668,0.00697385125705789,0.00170397647759446,0.00308161825219967,0.00647473120079576,0.00903164436004058,0.00855856265666321,0.00265939391054317,0.00435835555292179,0.0030826545287016,0.00381440021509623,0.00766804426556759,0.00387649017758604,0.00434460740824246,0.00551963515032292,0.00278405579209267,0.0065424845676237
0.00290355968627229,0.000876186868666087,0.00570625616051594,0.00716584960726068,0.00697932421080839,0.00170554850013559,0.00308003674065207,0.00647979340244099,0.00903538294239406,0.00856182278098648,0.00265733930303951,0.00435915059630645,0.00308476375080509,0.00381636682193251,0.00767498365286361,0.00387981718178226,0.00434472302310866,0.00552873298763735,0.002781875746654,0.00654347192455266
0.00290379660154624,0.000875420168842446,0.00569942933114072,0.0071610133791062,0.00697513778982147,0.00170623629739749,0.00307621781059139,0.00647313361666674,0.00902628408285236,0.00855613298874324,0.00265533737764743,0.00435674256975908,0.00308364234407224,0.00381409122047412,0.00767089398790179,0.00387603170346689,0.00434176285700493,0.0055234351468498,0.00277960138203437,0.00653847842081483
0.00290346834038807,0.000875460295682292,0.00569843747467147,0.00715929100606543,0.00697222249924626,0.00170255317653976,0.00307606721824823,0.00647169665963071,0.00902885074302106,0.0085548112317125,0.00265310284088231,0.00435704843152667,0.0030800808452474,0.00381470776243048,0.00767439290286299,0.00387978619231425,0.00434383141337883,0.0055165216915649,0.00277792350713642,0.00653871867736956
0.00290151077408391,0.000875598728171969,0.00570453099916084,0.00716345390826829,0.00697620539878793,0.00170451833603492,0.00307663434247382,0.00647600782416785,0.00902646116266812,0.00855865028063468,0.00265495086644731,0.0043564215502585,0.00308413423089597,0.0038163647848026,0.0076716913248378,0.00387894527314793,0.00434350560412655,0.00551870189260764,0.00278021512032865,0.00653979497996585
0.00290543307203539,0.0008763328090949,0.00570929118037035,0.0071660853361597,0.00698168438143059,0.00170474444018795,0.00307968964006404,0.006478585194612,0.00903246120956828,0.00857288221777006,0.00265701160006569,0.00436036699745251,0.00308514915511329,0.00381774071821281,0.00767958500708409,0.00387984002358401,0.00434674652588631,0.00552455293194971,0.00279141923812947,0.00654212540074248
0.00290138597209349,0.000875717090380299,0.00569896282250672,0.00716023127160663,0.00697701943941697,0.00170648883702484,0.00308288016424215,0.00647435268431886,0.00902383622579509,0.00855733116599224,0.00265890041613332,0.00436173146495115,0.00308134823709994,0.00381917289035811,0.00766998892839345,0.00387700083840756,0.00434233331217346,0.00552407307129496,0.00277826664505407,0.00653664723421078
0.00290651892639368,0.000875858194832251,0.00569810067110787,0.00715834873402254,0.00697402713629168,0.00170343191898683,0.0030776952732269,0.00647932056930342,0.00903271460193275,0.00856883598156716,0.00265442796626271,0.00436019458221351,0.00308661877445896,0.00381806863994962,0.00767199654255731,0.00388021139236314,0.00434297583389137,0.00551699983163884,0.00277877618260785,0.006543889052247
0.00290463625960568,0.000876669369523956,0.005701310318192,0.00716698545906386,0.00698135308128679,0.00170578190074468,0.00308067212349487,0.00648043728306541,0.00903650764833446,0.00856288677653441,0.00265837481621255,0.00435898333549728,0.00308522295320765,0.00381631865611014,0.00767651118499532,0.00387979514310992,0.00434760731980994,0.00552849511057913,0.00278170924901256,0.00654237233019516
0.00290264570048833,0.000875904260903949,0.00573037820389093,0.00716021479498245,0.00697829317754874,0.00170472025718962,0.00307785503764815,0.00647680956021416,0.0090278646814525,0.00855939378070741,0.00265810871727375,0.00435476346306303,0.00308408898189255,0.00381419376402901,0.00767071575421165,0.00387763102201247,0.00434273077935915,0.0055253531595035,0.00277873270915918,0.00653681633853732
0.00289895751138621,0.000874652206005444,0.00569512738262437,0.00715389072724791,0.00697138520197606,0.00170203420590249,0.00307277725291048,0.00646879578215901,0.00901643507409613,0.00855200438621258,0.00265105492117508,0.00435017154445509,0.00308002572280081,0.00381037205666748,0.00766302204315889,0.00387523399731871,0.00433932723254694,0.00551083612270445,0.00277662470829367,0.00653233646965171
0.00290848440082476,0.000876072613928284,0.00570276125462467,0.00716259639241927,0.00697680195256333,0.00170670107869646,0.0030771535527631,0.00647592791879003,0.00902881834264174,0.0085584797990767,0.00265404509168343,0.00435804958276827,0.00308263978340612,0.00382304298136284,0.00767364713387129,0.00387770564773105,0.00434334726953615,0.00552103516959938,0.00277882296866959,0.00653870151903111
0.00290249736691226,0.000875617033705674,0.00570348009028864,0.00716205012879325,0.00697732852440431,0.00170325932011425,0.00307593851463807,0.00647631248165598,0.0090280733007361,0.00856092297834049,0.00265354558520656,0.00435861747438821,0.00308517895201103,0.00381416210010721,0.00766991138219014,0.00387812774727044,0.00434203083991225,0.00551819146953751,0.00277895301380397,0.00653913542266623
0.00290183640196412,0.000875480027170301,0.00570104959286381,0.00715994078176524,0.00697526040020751,0.00170330444220051,0.00308075080733311,0.00646940883239299,0.00902765371390592,0.00855651812616512,0.00265637810395277,0.00435647386853536,0.00308069514452053,0.0038157544874493,0.00766755088436885,0.00387651113786487,0.00434234619928428,0.00551769350213628,0.00277992280804438,0.00653332907154578
0.00290539753187846,0.000876080732586815,0.00570535189556447,0.00716590175255538,0.00698064222826743,0.00171168839728795,0.00308128333173736,0.00648368419296725,0.00904541712800957,0.00856177787724718,0.00265567537958797,0.00435790107737076,0.00308424500257247,0.00381700495649678,0.00767424586343622,0.00387813616223151,0.00434898145112976,0.00552274880183685,0.00278029483363473,0.0065441566403178
0.00290322385153796,0.000875042998244171,0.00570005512550418,0.00716174852496184,0.00697358977803128,0.00170514410710365,0.00308038895530069,0.00647316962290287,0.00902886017285597,0.00855484981716076,0.00265627868437608,0.00435563383516458,0.00308761624423526,0.00381385463227317,0.00766690240448497,0.00387579211986215,0.00434195066846711,0.00552117575906953,0.00277947589009179,0.00654026502954917
0.00289990756386021,0.000874774644565006,0.00569799462179547,0.0071570926407471,0.00697201450725199,0.00170308335324809,0.00307352807353548,0.00646914602404429,0.0090150728482708,0.00855321850835266,0.00265110040159213,0.00435195743080766,0.00307964795261841,0.00380961918148459,0.00766615654036523,0.00387365714407776,0.00433958025517532,0.00551412298310372,0.00277791743747672,0.00653437925708295
0.00290576638594999,0.000875862171729883,0.005704656776643,0.00716367117512215,0.00697777262501702,0.00170406356589805,0.00307803713201295,0.00647851107167408,0.00903214241624173,0.00856242625936375,0.00265498145163686,0.00435661853433741,0.00308630969275554,0.00381515655261731,0.00767476861755961,0.0038776060296856,0.00434357938623986,0.00552324630500599,0.00277928699370681,0.00654238566177495
0.00290243919735796,0.000876027412668436,0.00570086360197321,0.00716297096905076,0.00697564603686523,0.00170554478468867,0.00307935928324418,0.00647668316400375,0.00903290129132617,0.00855873373220672,0.00265670557852363,0.00435745150216814,0.00308330079605147,0.00381483283012561,0.00767360078281482,0.00387846684114755,0.00434488379106721,0.00552921437761469,0.00277999016298823,0.00654199054173703
0.00290375062805111,0.000875830616377463,0.00570324981024693,0.00716178422584846,0.00697951259519594,0.00170395305164367,0.00307696189271959,0.00647621769040072,0.00902494453218908,0.00855870788540316,0.00265360534971619,0.00435563993888349,0.00308244339356926,0.0038164986766511,0.00767289630712294,0.00387717573645158,0.00434346023628974,0.0055201076146004,0.00277915426545543,0.00654143316393055
0.00290420377606769,0.000876065327838504,0.00570437789596637,0.00716650628043282,0.00698155718598841,0.0017068382057213,0.00308016682431991,0.00647720611681411,0.00902797541129534,0.0085610563496547,0.00265901528208238,0.00436084428258583,0.00308645490574255,0.00381789142381778,0.00767436243823402,0.00387836088989136,0.0043514065505689,0.00552465947512203,0.00278272848228271,0.00653987599586085
0.00290330701852897,0.00087580539185343,0.00570099960403102,0.00716041912382461,0.00697550659452391,0.00170480006825354,0.00308172867850891,0.00647444966089468,0.00903196808190769,0.00856178526306551,0.00265551621618358,0.00435898564482302,0.00308235695560387,0.00381336307872433,0.0076732998918893,0.0038765580117893,0.00434155036587744,0.00552402759800991,0.00278181809372983,0.00653782391385542
0.00290381086002312,0.000875363512942659,0.00569840359487305,0.00715820573504537,0.00697283548236686,0.00170238162694606,0.00307883993760731,0.00647123170591273,0.00903486384861132,0.00854911720585335,0.00265221440176207,0.00435247423275469,0.0030804309241376,0.00381164663121302,0.00767813849256711,0.00387479860840238,0.00434453689172255,0.00551408657548741,0.00278042129591472,0.00653643567074681
0.00290850854034623,0.000876423902780514,0.0057064631327952,0.00716992755375575,0.00698143679704856,0.00170499139876874,0.00308223004271843,0.00648785661815098,0.0090292814091806,0.00856926142629269,0.0026572477085229,0.00435973916552363,0.0030879438201963,0.0038196057958947,0.00768250077023071,0.00387962938210518,0.00434533838826278,0.00552558407167225,0.00278059539876372,0.00654362873244365
0.00290263060678468,0.000880659693694149,0.00570077252773498,0.0071631038396829,0.00697813141481862,0.00170504044449415,0.00308052429532654,0.00647676882555305,0.00903351295673997,0.00855992533503459,0.00265690609797933,0.00435702475056337,0.00309971377419756,0.00381537812756501,0.00771725160578097,0.0038787952326293,0.00434408100680106,0.0055280234446355,0.00279813286784895,0.00653811851400841
0.00290452840115297,0.000875859561496604,0.00570187662660938,0.0071601618912889,0.00697605611867851,0.00170415068157943,0.00307861202411345,0.00647562421054218,0.00902497944277918,0.00855620424894691,0.00265336429896167,0.00435762946447963,0.00308182860759566,0.00381593303096525,0.0076710747455412,0.00388014706578199,0.0043400767631455,0.00551872623104674,0.00277816547910987,0.00653945200525506
0.00290030998267598,0.000874989804034077,0.00569697046038533,0.00715337596311548,0.00697391716404715,0.00170237561039744,0.00307352036488802,0.00646646999692883,0.00901619638204836,0.00854931195628819,0.00265054013751589,0.00435127077306413,0.00308462854135436,0.00380922555177329,0.00768229913149215,0.00387322862080916,0.00433829925497996,0.00551308000956121,0.00277620286048492,0.00653360472237602
0.00290493933423447,0.000875615080263727,0.00569985122037236,0.00715805043352832,0.00697417783810265,0.00170307506068159,0.00307428963295861,0.00647575982097832,0.0090215093089058,0.00856443873813145,0.00265336577968297,0.00435644842582525,0.00308519820900148,0.00381489277268684,0.00766869302655665,0.00387655704719068,0.00434166637382309,0.00551720024513117,0.00277870160604052,0.00654446622847757
0.00290372947907691,0.000876412006196135,0.00570432426348571,0.00716582828608485,0.00697881778521204,0.00170365447017099,0.00307702698325646,0.00647416356262317,0.00902761979920472,0.00856174107830007,0.00265378319496756,0.00435660190889563,0.00308242004909518,0.00381449044540396,0.00767255695063072,0.00387880439067593,0.00434427514355802,0.00552100564776899,0.00277910469928074,0.00654102522186631
0.00290350398204529,0.000874963521699319,0.00569607982044236,0.00715472011848815,0.00696988098483657,0.00170238104885502,0.00307736341662528,0.00646794564502402,0.00903299990600329,0.00855511910409382,0.00265403866427664,0.00435955532855862,0.00308257002888132,0.00381401488112873,0.0076645418155141,0.00387378129168484,0.00434096304496332,0.00552011421471736,0.00277743961098868,0.00654350126271227
0.00290013983848512,0.000875799330032757,0.0056978517265999,0.00715512875648608,0.0069708832620025,0.00170445301404612,0.00307889147753224,0.00647418953062652,0.00903067634335485,0.00855560944513863,0.00265647893965306,0.00435324988952323,0.00308211098273365,0.00381431210534093,0.00766682316761631,0.00387609451987413,0.00434168672745734,0.005524824412429,0.00277891127808338,0.00653593367578034
0.00290048165712687,0.000875123980025881,0.00570124302636983,0.00716058418464964,0.00697311767331151,0.00170303492640886,0.00307411391651804,0.00648326092928559,0.00902409234158934,0.00855222317150282,0.00265162042134112,0.00435382610793479,0.00308127437268183,0.00381115553724382,0.00768261431545341,0.00388217612364899,0.00434020636719544,0.00551639469640099,0.00277653563300895,0.00653545470280019
0.00290044499373756,0.000876124843896418,0.00569358002227848,0.007157337235827,0.00697074394561171,0.00170278424335544,0.00307410382486094,0.00652057099889737,0.00901891357686776,0.0085585501858681,0.00265482251015127,0.00435673002419728,0.00307779178578692,0.003813077132553,0.00767365596302037,0.00387409482602708,0.00433711654030262,0.00552049749358193,0.00277941334781961,0.00653667058601739
0.00290269916596367,0.00087596955783351,0.00570359023661081,0.00716829318227478,0.00697937620444719,0.00170498122354825,0.00307694236105788,0.00647729686339365,0.0090305155685304,0.00856268075008285,0.0026545919889989,0.00435847725684285,0.00308380322504781,0.0038165177725124,0.00767416650013253,0.00388007962446765,0.00434539857689874,0.00551988856814249,0.00277964188020197,0.00654244060173856
0.00290168400751191,0.000875052015689771,0.00569948692640825,0.0071633347059593,0.00697672913291296,0.00170242994524209,0.00307704720305466,0.0064743002687211,0.00903488189691324,0.00855824294103808,0.00265494227047769,0.00435518496793901,0.00308308996372111,0.00381592155508969,0.00767184172973332,0.00387866139102577,0.00434165628885439,0.00551928208814313,0.00277933914802856,0.00654140313841462
0.00290360017404484,0.000875775437967095,0.00570001809933354,0.0071605311036154,0.00697583479866085,0.00170516369252591,0.00307854113679706,0.00647636135437525,0.00902915332453335,0.0085572215093897,0.00265642156511764,0.0043593890462589,0.00308294488307259,0.0038146663814094,0.00767038491907203,0.00387829796768526,0.00434297145581211,0.00552635808842259,0.00277924750981095,0.00653888254569569
0.00290632891639668,0.000876441817849432,0.00570702806067366,0.00717024139183215,0.00698351276589118,0.00170547448852692,0.00307980406751797,0.00648212700484269,0.0090475346799418,0.00856661461663662,0.00266013368028492,0.00436229979237747,0.00308798321582955,0.00381898769344085,0.00768194938689927,0.00387820151264413,0.0043476686857683,0.00552536969569412,0.00278189541773183,0.00654613991357787
0.00290217164055231,0.000875409505878767,0.0056992100187895,0.00716210063078187,0.00697689405669272,0.00170443134375486,0.00308048868710785,0.0064748852167879,0.00902706099194139,0.0085577220059961,0.00265641840369907,0.00435674350779704,0.00308416551083191,0.00381342656826586,0.00767354499562562,0.00387674975255864,0.00435040339741328,0.00552438738260015,0.00278139908884454,0.00653781098547447
0.00290158070082474,0.000875070570950524,0.0057006323438755,0.00716268118709187,0.00697491593873263,0.00170492989146466,0.00307761804343863,0.00647455296288542,0.00902482113648067,0.00855461682559581,0.00265582062158647,0.00435451833417431,0.00308172134549872,0.00381248827547424,0.00766888815015237,0.00387561418651969,0.00434214820270795,0.00552454023774638,0.00277985187834482,0.00653693429185414
0.00290975501233403,0.000875610282027682,0.00570807529409782,0.00716654347555736,0.0069760198868326,0.00170704075435636,0.00307669442487919,0.00647515373349713,0.00902863305813435,0.00856574798074246,0.00265969759449101,0.00435904045605735,0.00308301283969743,0.00381629188756158,0.00769239153638493,0.00388872508190695,0.00435119522141148,0.00552905736258462,0.00278014639016778,0.00654227721416366
0.00290663496410664,0.000876389170070896,0.00570490780528357,0.00716493476573936,0.00698487576110648,0.0017051595586119,0.00307850976219479,0.00647746857326555,0.0090310895342117,0.00856475547884436,0.00266527371762733,0.00436400110797082,0.00308325673238077,0.00381844502670868,0.0076841542921643,0.00387915699669685,0.00434569641188718,0.00552227600774018,0.00278020930715566,0.00654219245045895
0.00290553574450058,0.000876247368348593,0.00570347770343677,0.00716664068441045,0.00698023725558817,0.00170459535018729,0.00308041445112873,0.00648099460793566,0.00902967377477508,0.00856520452681808,0.00265619757168442,0.00435918284322375,0.00308245282514276,0.003817014019898,0.00767507280751185,0.00388030568219705,0.00434367443064958,0.00552939690168539,0.00278117357289099,0.00653682285131327
0.0029040560319968,0.000876053457252441,0.00570375461971307,0.00716389510954962,0.0069827618357442,0.00170515304605598,0.00308243443794821,0.00647783063675034,0.00903161669748994,0.00856048921742397,0.00265730839404762,0.00436136746426114,0.00308961735858181,0.00382061411317575,0.0076755642130327,0.00388007204062492,0.00434978968019651,0.00552330507893078,0.00278046231549702,0.00654545788410463
0.0029031459645542,0.000874733592400913,0.00570077239212339,0.00715483577135888,0.00697043924560266,0.00170293641962501,0.00307835231963939,0.00647461435419151,0.00902720921640501,0.00855826982206375,0.00265255376810438,0.00435438706747471,0.00308058439907211,0.0038148403149457,0.00767242541054967,0.00387697234767584,0.00433882702521519,0.00551691748034267,0.00277897378507776,0.00653627427656209
0.00290595104344702,0.000875952189289554,0.00570208420900412,0.0071636235993422,0.00698255452387269,0.00171058988904415,0.00307830437540588,0.00647567838183233,0.00902968752896477,0.00855977192274974,0.00265738789325677,0.00435615737883975,0.0030826481486517,0.00381991175841979,0.00767586737927046,0.00388103387844808,0.0043476940157024,0.00552272953456176,0.00278068139549076,0.00654277985995949
0.00290297879405474,0.000875244636917544,0.00569867751893497,0.00715765771087895,0.00697384808174236,0.00170371586990939,0.00307749691060925,0.00647242775263736,0.00902406576307575,0.00856340927073043,0.00265474475624401,0.00435634336141792,0.00308262850318729,0.00381417271824682,0.00767561261242141,0.00387512363227279,0.00434329304781017,0.00551986992828624,0.00277790462911282,0.00653944289264415
0.00290579361727885,0.000876727506129665,0.00570282446836497,0.00716608964979376,0.00697852786583898,0.00170406877129533,0.00307722358289258,0.00647745534417421,0.00903164653294904,0.00856226808988033,0.00265486416754866,0.00435648115010605,0.00308456134056316,0.00381815319718175,0.00768224063147482,0.00388296413487821,0.00434377470920248,0.0055248735807887,0.00278010355574946,0.0065421085945397
0.00290426831341645,0.000876064617800703,0.00570574413043429,0.00716770153510014,0.006980687908701,0.0017044900991293,0.00307863372189443,0.00647976904829055,0.00903482609836156,0.00856784978044139,0.0026551040238062,0.00435930223103753,0.00308538420293758,0.00381447057862139,0.00768044769804692,0.00387747265276409,0.0043440012294771,0.00552418582406034,0.00278164677762393,0.00654034751767691
0.00290153944341375,0.000875254245566235,0.00570222648001358,0.00716106967103349,0.00697594727477785,0.00170320016372396,0.00307792603968603,0.0064731583740154,0.00902410026558789,0.00856119052711549,0.00265275709637151,0.00435445997503614,0.00308260112356854,0.00381570598801848,0.0076711264794889,0.00387864086735864,0.00434252212472093,0.00551736965880554,0.00277881213637675,0.00653806683224399
0.00290153615178995,0.000875220305267428,0.00569308239588553,0.00715242406318652,0.00697078246438183,0.00170342695826564,0.00307286708745463,0.00646762684496697,0.00901460882261505,0.00855894165476811,0.00265123381313659,0.00435505201459752,0.0030817752681217,0.0038110023037493,0.00766450664071547,0.00387229133146549,0.00434343031695958,0.00551122420375668,0.00277685489207521,0.00653086424676246
0.00290493501957408,0.000876273076674043,0.00570117247018468,0.00716625672352454,0.00697497440485017,0.00170585088337007,0.00308015076555216,0.00648071699739355,0.00903385109790891,0.00856205065855262,0.00265806722520267,0.00435823415706699,0.00308647175590753,0.00381641336999223,0.00766946718406324,0.00388037763905203,0.00434426638489115,0.00552910805992717,0.00278036582507125,0.00653589016678907
0.0029066228191035,0.00087604128365472,0.00570797116132522,0.00716594932211742,0.00697935990424994,0.00170705865507868,0.00308945628306385,0.00648225795755746,0.00903229306266576,0.00856147401435114,0.00265941281419593,0.00436093722300297,0.00308709328206932,0.00381661085849558,0.00767976503348833,0.00388052490220033,0.00434975827212455,0.00553022270477508,0.00278212704655175,0.00654732937634859
0.00290503014310241,0.000876272495034001,0.0057043803758858,0.00716624062406983,0.00698237710380308,0.00170499144586298,0.00307863964878317,0.00647613391033349,0.00903196308796698,0.00856300024376487,0.0026566494947696,0.00435791520403851,0.0030844580880642,0.00381649862167212,0.00767641127222951,0.0038789231986096,0.00434525954313637,0.00553068714356783,0.00278023760876486,0.00654352280328641
0.00290390645821431,0.000876332576862106,0.00570712414694457,0.00716382591304777,0.0069820237001524,0.00170557717697442,0.00309578065648872,0.00651418369779159,0.00902943941583452,0.00856086307331732,0.00265750339805738,0.00435872408556018,0.00310081112340678,0.00381612226818921,0.00767583755539661,0.00390032544802744,0.00434993307178657,0.00552921666595224,0.00278170748839564,0.00657557930557022
0.00289934380410376,0.000875229131768539,0.00569972376079197,0.00715566582891342,0.00697219345961608,0.00170359242619847,0.00307805457710576,0.00647289273135686,0.00902609250283006,0.00855179270431217,0.002655877684118,0.00435442297999935,0.0030810128773117,0.00381418437512751,0.00766722385394469,0.00387660312901638,0.00434046808044771,0.00552348481288609,0.00277936154133325,0.00653416720165184
0.00290072464754532,0.000875381299806043,0.00570057157536772,0.00716102763855111,0.00697509207187351,0.00170392950248037,0.00307801292606224,0.00647577237082445,0.00902489669296799,0.00855651936506615,0.00265506865485761,0.00435681417035579,0.00308240564376816,0.00381371442132543,0.00766933050985028,0.00387541063566024,0.00434781513418869,0.00552501431301955,0.00277876698273841,0.00653712523795119
0.0029040880295558,0.000875478413126436,0.00569787452634262,0.00715867451083485,0.00697381379990036,0.00170170648031166,0.00307510653048453,0.00648416846248685,0.0090315535454544,0.00854998543814874,0.00265348147813927,0.00435571728496109,0.00308172431044112,0.00381661516279111,0.00766714511098925,0.0038798632257072,0.00434434834156111,0.00551721065223079,0.00277818615179252,0.00654495606353103
0.00290251562609887,0.000875111943290043,0.00569858573657102,0.00715913420872748,0.00697646079286472,0.0017037226826135,0.00307676191164435,0.0064739921022339,0.00902408620455325,0.00856066557852875,0.0026555324654959,0.00435603064499691,0.00308241860801854,0.00381410975779473,0.0076688542844614,0.00387933646892075,0.00434339396452973,0.00551995720980246,0.0027782201031253,0.00654142944067894
0.00290707947456642,0.000875852877331733,0.00570799647068035,0.00716555394794479,0.00698512995136138,0.00170664308161176,0.0030823733024043,0.0064824671868008,0.00904157446375557,0.0085654954972332,0.00265677025600818,0.00436527932951536,0.00308524726850169,0.00381984953493087,0.00767866017659268,0.00388128270273951,0.00434727188399609,0.00553349760683375,0.00278180910893998,0.00654435908598434
0.0029059013561376,0.000875611840384237,0.00570006084376219,0.00716263695712242,0.00697981993158616,0.00170427632394718,0.00307662270984149,0.00647541574917099,0.00902459183060442,0.00855952437450493,0.00265466902138911,0.00435798308627518,0.00308268278998316,0.0038142508891221,0.00768080764716589,0.00387718107392635,0.00434249792995656,0.00551697371520024,0.00278355539945275,0.00654575141985611
0.00290441184498996,0.000875950436194244,0.00570179389846636,0.0071620934924637,0.00697694269468634,0.00170427195884606,0.00307674338190084,0.00647613092189742,0.00903679325982765,0.00855878267398603,0.0026551488465653,0.00435655740280904,0.00308730843563402,0.00381467642352502,0.00767147130862657,0.00388269074213395,0.00434349106921919,0.00551671542536368,0.002782254096427,0.00653928567154095
0.00290515979101517,0.000875572107689932,0.00570205858774141,0.00716512170537047,0.00697986934746177,0.00170520443758414,0.00308077544741686,0.00647557919412706,0.00902612982556653,0.00856092809470417,0.00265334851086357,0.00436008288998408,0.00308252367201376,0.00381478559898198,0.00767174520291703,0.00388149745903508,0.00434725612220899,0.00551772639513905,0.00277814100173609,0.00653806892784128
0.00290717365203848,0.000876434031555912,0.00570432193576172,0.0071672846587293,0.00698002053997338,0.00171134203786123,0.00307917574940228,0.006478577259908,0.00903506089354406,0.00856284121430632,0.00265995286005596,0.00435466143383058,0.00308202075607591,0.00381675516948295,0.0076729600643374,0.00387675951545668,0.00434311362542006,0.00553106727040706,0.00278214683049584,0.00654140955737556
0.00290268625343919,0.000875883581152393,0.00570009040221631,0.0071637676072644,0.00697767682145564,0.00170504597497315,0.00308079437124667,0.00647821725182611,0.00902878312050989,0.0085589574286941,0.00265618576093657,0.00435654500962241,0.00308357395500185,0.00381568414561661,0.00767205148913676,0.00387899712024107,0.00434514929152706,0.00552672658144637,0.00277915155516494,0.00653905002764294
0.00290072889832771,0.00087554589165071,0.00570006094602131,0.00715688849623434,0.00697512823378449,0.00170681644774425,0.00307954143909737,0.00647300797991078,0.00902656146966693,0.00855430903681258,0.00265493087955936,0.00435447808928264,0.0030816191696905,0.00381351748679696,0.0076685173316347,0.00387574238486209,0.00434158880547375,0.00552368538499319,0.00277822397092953,0.00653579803198114
0.00290468710585289,0.000876319194862259,0.00570635526515502,0.00716523588293826,0.00698044652360843,0.00170518729219259,0.00308263466391725,0.00647800361475168,0.00903110774854947,0.00856248142726477,0.00265879895259347,0.00435911369072903,0.00308408550662893,0.00381724090779343,0.00767167734522079,0.00388029306624693,0.0043458554890775,0.00553275936236937,0.00277988722950375,0.00654228014807621
0.00290485102307992,0.000875930202023437,0.00570194924398439,0.00716647731621462,0.00698395151926587,0.00170600143645075,0.0030808332960832,0.00648307903032002,0.00903440928019624,0.00856553054481852,0.00266102066187021,0.0043639104276951,0.0030884416802874,0.00382000760173614,0.00767202686982335,0.0038797917084319,0.00435012487077727,0.00553225820209158,0.00278385712416243,0.00654242088513092
0.00290338033045731,0.000875690893394798,0.0057034667871391,0.0071612846001975,0.00697786726086865,0.00170600410288286,0.00307885302687852,0.00647269222567385,0.00902711676234949,0.00856519291577074,0.00265627991647323,0.00435535238988368,0.00309128775123015,0.00381420429673408,0.00767482795645472,0.00387643593462696,0.00434284915724535,0.00552076594356983,0.00277830799259358,0.00653685390876796
0.00290214764475051,0.000875950350334665,0.0057019993776038,0.00716133865124653,0.00697716717013684,0.00170483189741637,0.00308040759225368,0.00647676904646624,0.00903063265341683,0.00856478482874979,0.0026566025057515,0.0043576501481775,0.00308313341696735,0.00381571025551562,0.00767240659422001,0.00387909535527821,0.0043435387185512,0.00552241616369203,0.00278133138439111,0.00654161213291342
0.00290625942852073,0.000876559948164826,0.00570668493382109,0.00716650363135638,0.0069828736970647,0.0017059830807583,0.00309066558897291,0.00647977010351977,0.00903383132636214,0.00856476657492578,0.00265813686448085,0.00435849994006504,0.00308731513863215,0.00381954760442945,0.0076770508082732,0.00387983584315,0.0043463145179209,0.00552283815739867,0.00278088212214041,0.00654489320037143
0.00290670932810417,0.000875732161944242,0.00570211018179219,0.00716193619602284,0.00697923418238571,0.0017042123948163,0.00308239029443991,0.00647626822662907,0.00902637403580533,0.00855794790780309,0.00266183597550083,0.00436213695260758,0.00308417641324246,0.00381521262055506,0.00768420865548506,0.00387787969554488,0.00434924341712533,0.00552162708785483,0.00278127015373959,0.00653989800160838
0.00289952147325798,0.000874715736250674,0.00569591071499743,0.00715818529637834,0.00697163464785601,0.00170270592164191,0.00307429685715399,0.0064690841738875,0.00901540035520393,0.00855313138633026,0.00265079908560392,0.0043540878414847,0.00308195397535654,0.00380923232626635,0.00766476622532718,0.00387369203424148,0.00433944924177347,0.0055133767591021,0.00277560176535148,0.00653701681976462
0.00290262828883585,0.000876168466176776,0.00570488353458622,0.00716286842537159,0.00697975830411004,0.00170523081776055,0.00308091389218633,0.00647869581619072,0.00903131693358827,0.0085610007502513,0.0026578651653423,0.00435824608394108,0.00308384239802919,0.00381567349455998,0.00767425844402955,0.00387859544647405,0.0043463826864483,0.00552920290479344,0.00278068656133866,0.00654321144617748
0.0029051277692639,0.000875443785585012,0.00570216453630111,0.00716087696341423,0.00697976243998193,0.0017052559633093,0.00307711938883366,0.00648237798899102,0.00902829077837133,0.00856496791107121,0.00265571266113535,0.00435582071932836,0.00308135369484455,0.00381662814846215,0.00766969231873695,0.00387792910999847,0.00434499589709733,0.00552353242133928,0.0027809440147139,0.0065389894530348
0.00290047617414991,0.000875392914246932,0.00569927142637049,0.00716035658340584,0.00697239212343706,0.00170239887051772,0.00307492235810347,0.00647064451316569,0.00901878821967614,0.00855325977178641,0.00265257554955061,0.00435199184002993,0.00308711950188627,0.00381164992406789,0.00766707369538078,0.00387404913279123,0.00434026184526607,0.00551561472484979,0.00277671953501796,0.00653500242096546
0.00290421532714843,0.000876519969241797,0.00570829348702968,0.00716872455763925,0.0069813218322092,0.00170742415615409,0.00308286090582776,0.00648030145357476,0.00903516169285905,0.00856603877981249,0.00265879777325748,0.0043629839733745,0.00308418660127238,0.0038162770046668,0.00767781657442345,0.00388071993206895,0.00435286907214014,0.00552783142755131,0.00278232609482372,0.00654233357614809
0.00290278906215935,0.000875156891365113,0.0056975673276875,0.00715615279333599,0.00697377279926127,0.00170673741831294,0.0030755612225926,0.00646996615995933,0.00901721336380054,0.00855165755607773,0.00265331486724024,0.00435960941641537,0.00308358188598875,0.00381691170082764,0.00766565344739576,0.00387534952903274,0.0043430833273383,0.00551340404920121,0.0027791722476046,0.00653516126944927
0.00290383668967075,0.000875643367551434,0.00569818948415648,0.00715914517451315,0.00697317076416065,0.00170508292084957,0.00307428340610942,0.00647112110427607,0.0090233941377013,0.0085621314062616,0.00265646672047261,0.00435662341638693,0.00308341333140691,0.00381742588591215,0.00767001484209807,0.00387834193876945,0.00434266616271571,0.00551607857139297,0.0027772179380399,0.00653513703062223
0.00290201345640101,0.000875125282451351,0.00569945494890625,0.00716205313945397,0.00697885564113531,0.00170536257410422,0.00307781824685062,0.00647718653659964,0.00903000122200212,0.0085608070638567,0.00265643123100388,0.00435807474416826,0.00308214359409256,0.00381447505631682,0.00767128369267967,0.00387957665959648,0.00434662093610595,0.00552610276712496,0.00278014138324086,0.00653840831638693
0.00290474858611441,0.000874831812250612,0.00569624708064523,0.00715479983605279,0.0069764907388386,0.00170827355037721,0.00307819918071035,0.00647589809096597,0.00902244658527964,0.00854878995432887,0.00266683411811865,0.00435822800546005,0.00308670576008596,0.00381675417918604,0.00767000531893962,0.00387618299083746,0.00434188872450029,0.00551717734118198,0.00278870094007481,0.00653672847351819
0.00290643760871815,0.000877847456119902,0.00571240894009793,0.00717677970820705,0.00698966362370276,0.00170599791404081,0.00308255545684024,0.0064864808868916,0.00903571238580376,0.00857544692887218,0.00265888424048831,0.00436338713274103,0.00308783413910192,0.00382139190282342,0.00768803750641078,0.00390019319385833,0.00435094036041249,0.00552715004230265,0.00278578318160435,0.00655031814033833
0.00290461329914661,0.000876220316749441,0.00570381577553082,0.00716449347956739,0.0069824405704955,0.00170490339774534,0.00307708363267522,0.00647681875429708,0.00903202296430166,0.00856542199440696,0.00265698723919781,0.00435776526253049,0.00308574346330897,0.0038148991414154,0.007674673235921,0.00388017160973643,0.00434911924482417,0.0055212356001893,0.00278257751342658,0.00654488874455006
0.00290398178637432,0.000875539771140863,0.00569793027151087,0.00715835601275146,0.00697176053496841,0.00170252935218826,0.00307856721645511,0.00647345289213384,0.0090220006655842,0.00855880835881284,0.00265389608642255,0.00435566076602341,0.00308455200203975,0.00381563708991518,0.00767046811451623,0.00388001020439305,0.00434805002322978,0.00551510532830987,0.00278131978537597,0.00653863531184332
0.00290729310641872,0.000875916519947985,0.00570596386987504,0.00716167212863511,0.00697937278844753,0.00170636042966186,0.00308870100267582,0.00647730751404745,0.00902540262142719,0.00857263630277514,0.00265660614555013,0.00437458828758953,0.00309894533164661,0.00383511014194741,0.00767465319804749,0.00387826940720076,0.00435904380282145,0.0055251617823063,0.00279344865778969,0.00654172547967425
0.00290403172542905,0.000876792741149749,0.00570667766898317,0.00716408865364708,0.00698230549349204,0.00170522194749402,0.00308120528996009,0.0064766118598276,0.00903754688285042,0.00856403029545021,0.00265801152102669,0.00436151691455505,0.00308408898318992,0.00381694610094342,0.0076782950823705,0.003878407503089,0.00434670023040283,0.00553060108781498,0.00278066393424542,0.00654360314667901
0.00290394886690012,0.000875975559939133,0.00570178488406825,0.00716871152033272,0.00698299835851981,0.00170576986319759,0.00308136680945579,0.00647994841741652,0.00903624726972184,0.00856690082723429,0.00265886071132522,0.00436055879032568,0.00308559935654797,0.00381740878300372,0.00767552438484999,0.00388193502089073,0.00434646891697317,0.00552926724455472,0.00278154473695455,0.00654425260969238
0.0029026051073213,0.000875462777038046,0.00569582126157011,0.0071557156888442,0.00697571216508683,0.00170563833509912,0.00307811519471927,0.00647104426624973,0.00901875446033654,0.00855462535193882,0.0026524192995129,0.00435453889491371,0.00308096293478372,0.00381128362661675,0.00766787191296021,0.00387866503151193,0.00433925167948737,0.00551527045250866,0.00277740158114167,0.00653321382510647
0.00290455572971372,0.000876785528342928,0.00570664722864793,0.00716799081864824,0.00698300174195071,0.00170561666676425,0.00308230292467023,0.00648199412345642,0.00903911940918343,0.00856476099671933,0.00265858875757986,0.00436125887721546,0.00308523114969245,0.00381713160400943,0.00767571260114497,0.00388010382030199,0.00434856782598382,0.00553030648836246,0.00278346577110445,0.00654432825438075
0.00290168445093447,0.000876157688630934,0.00569989923103431,0.00716356895357328,0.00697676038845138,0.00170451888070534,0.00307957654633285,0.00647717699216453,0.00902860910005943,0.00856132203081506,0.00265452384986674,0.00435859477126293,0.00308596845233639,0.00381443310986443,0.00767406925217545,0.00387913986381315,0.00434429982898876,0.0055200690327236,0.00278016302262758,0.00654079908487877
0.00290797747722219,0.000876287870472515,0.00570238057753079,0.00716654003114365,0.00697907828342086,0.00170425605428515,0.00307973491253114,0.00647591486909341,0.00902902982999428,0.00855641035211429,0.00265531356301938,0.0043569593092851,0.00308160604345895,0.00381948206395245,0.0076743422742475,0.00387712875399928,0.00434804627575653,0.00552060296018419,0.00278318986340238,0.00655050792057474
0.00290345370141589,0.000876658641611747,0.0057054169245732,0.00717035593891717,0.00698440747445847,0.00170593721143064,0.00307986540951911,0.00648293457078232,0.00903353335474843,0.00856401073298296,0.00265767616723251,0.00436071405015673,0.00308521451362892,0.00381910339127855,0.00767858398462986,0.00388105791662516,0.00434992577926555,0.00552989363361856,0.002781636633848,0.00654470552547618
0.00290611070844778,0.000875551752500214,0.00569258259372544,0.00716033019199931,0.00697601143614314,0.00170296788561333,0.00307614596284021,0.00647326501502204,0.00902289815489298,0.00855314500476128,0.00265418521245656,0.00436358714740923,0.00308291261231927,0.00381160404588826,0.00766925711361735,0.00387911117854827,0.00434636045662231,0.00551806902759809,0.00277934454300061,0.00653625911441544
0.00290678728145501,0.000876170846926858,0.00570326762421792,0.00716436088390715,0.00698014826876953,0.0017067863836152,0.00307649395346318,0.00647600823704603,0.00902956685861422,0.00857527550613319,0.00265444492417712,0.00435905208551496,0.00308491525984163,0.00381681112556793,0.00767533741116723,0.00388011590943829,0.00434633248225072,0.00551987577017418,0.00277822461002377,0.00654745456613091
0.00290513272696804,0.000875624527873694,0.00570219635507186,0.00716274604024152,0.00698196543132539,0.0017056533773435,0.00307597418512647,0.00647296715003724,0.00903446838261378,0.00855618509614577,0.00265935498728142,0.00435595285043697,0.0030838624260714,0.00381519012260168,0.00767593282835251,0.00387820281838225,0.0043441322768926,0.00552198752507096,0.00278088826585581,0.00654613520396651
0.0029051620821813,0.000875924518935727,0.00570142270885105,0.00716504422536543,0.00697695476146303,0.00170344343234569,0.00307520577634868,0.00648454194470622,0.00902393575943222,0.00855972495094457,0.00265268663111513,0.00435390514093105,0.00308275659269351,0.00381444414562298,0.00767196107201504,0.00387818269487809,0.00434615491576499,0.00552513993587308,0.00277889683640109,0.00653990054607878
0.00290278599963214,0.000875652875274232,0.0057038014338635,0.00716632092831937,0.00697672856780038,0.00170538358198035,0.00308180743197661,0.00647894836870141,0.00903303383161375,0.00856254427689439,0.00265840651558577,0.00435900047038751,0.00308421633963937,0.00381654614291414,0.00767680235396256,0.00388118446058629,0.00434488484873008,0.00552771649061971,0.00278543941562356,0.00654066463731287
0.00290623830350552,0.000876450836485339,0.00570672897045885,0.00717345905949734,0.00698164981742307,0.00170545520035295,0.00307982991107036,0.00648743246219635,0.00903493287336702,0.00857622413709382,0.00265791616138444,0.00436102066492158,0.00308664471717666,0.00381972082919877,0.00767566072901539,0.00388169619404445,0.00434814930272955,0.00552570110954801,0.00278268435657527,0.00654724228413347
0.0028989438319209,0.000874978916072569,0.00569494607394757,0.00715824757908321,0.00697022968784557,0.00170190198544917,0.00307242516449769,0.00646786672805186,0.00901716489377752,0.00855154013031845,0.00265111541877482,0.00435039425663407,0.0030787878599259,0.00381110292324354,0.00766420587964194,0.00387329815538518,0.00434120139009771,0.00551309231137351,0.00277615864357466,0.00653363584786758
0.00290536203356447,0.000875278054996883,0.00569633948457624,0.00715869607192556,0.0069778791712102,0.00170524659905108,0.00307536471232727,0.00647323471437301,0.00903137395277626,0.00855857828723523,0.00265419236495344,0.00435703655340358,0.00308051628469449,0.00381346197880826,0.00767171148399793,0.00387714708989023,0.00434633557776658,0.00551657052001925,0.00277944779668784,0.00653778559751709
0.00290082754549868,0.000875520722382625,0.00570062978363034,0.00716172328622909,0.00697556497549842,0.00170306007967573,0.00307567863005573,0.00647348820839954,0.00902522304554573,0.00855856670725739,0.00265261842769811,0.00435507287202378,0.0030829401223506,0.00381326119665969,0.00766994882562756,0.0038771544619453,0.00434224273787205,0.00551745662954363,0.00277869714930336,0.00653666014344981
0.00290488056404782,0.000876049692699009,0.00570690035904582,0.00716254233872408,0.00697966505975117,0.00170556608318254,0.00307665720720603,0.00647799301570593,0.00903203979907625,0.00856837665876463,0.00265434404416558,0.00435630132123487,0.00308249894522979,0.00381623802979002,0.00767355885928239,0.00388251768919477,0.00434497522412325,0.00552678354102181,0.00277895816334743,0.00654210033527343
0.00290849422601102,0.000875883382567139,0.00570216476974159,0.0071610089899058,0.00698192539294616,0.00170254172803079,0.00307756236375607,0.00647553812154755,0.00902859026713127,0.00855838952791509,0.00265831566268462,0.00435422906432842,0.00308202024514939,0.00381334174515714,0.00766735603311007,0.00387684010223539,0.00434159491861119,0.00551623408226416,0.00278107289271143,0.00655196485173355
0.0029006039012143,0.000875679954085935,0.00569988913157004,0.00716146036203397,0.00697616607281445,0.00170364966475974,0.00307681205707949,0.00647646889427045,0.00902505221143799,0.00855533569068596,0.00265451572148304,0.00435400110761832,0.0030825699072134,0.00381276154609507,0.00766717091259914,0.00387590134153633,0.00434156610140585,0.00552350990855279,0.00277845546334998,0.00653566984002806
0.00290414321019738,0.000875094072581775,0.0056962095632168,0.00715666906971011,0.00697525297275045,0.00170511884660882,0.00307674979985024,0.00647168311660177,0.00901985662286393,0.0085509405528021,0.0026531373756384,0.00435211088560092,0.003081199454418,0.0038168203044486,0.00767831452536088,0.00387645421380427,0.00433906597618383,0.00551703034675721,0.00277578923132134,0.0065380806375606
0.0029028401215832,0.000875890787334473,0.00570165758012698,0.00716212838193938,0.00697824759333228,0.00170404604643712,0.00308178281396541,0.00647488723348319,0.00902615076227699,0.00856016998092565,0.00265623134225941,0.00435757930555565,0.00308318396897727,0.00381482087401638,0.00767431270238263,0.00387750752177429,0.00434339696694168,0.00552545576632765,0.00277951387436256,0.00653691908853307
0.00290623896054537,0.000875928522726869,0.00570280128936205,0.00717064110406015,0.00698052490738669,0.00171109243062912,0.00308073551501775,0.00647652082159278,0.00903683352585077,0.00856093209408754,0.00265900539524961,0.00435961748274857,0.00308495876479955,0.00381568207387022,0.0076759284084245,0.00387636549462893,0.00434228092267629,0.00552331296030904,0.00278029417379301,0.00654419094987042
0.00290502196015719,0.000876403335259848,0.0057070607247638,0.00716615069950119,0.00698189194020223,0.00170548752925809,0.00307943530164928,0.00648025462242756,0.00903349353085468,0.00856577165015663,0.00265457441820147,0.00435759584330989,0.00308578646383739,0.00381681856070251,0.00767571270441725,0.00387771426030429,0.00434474947273251,0.00551903012831178,0.00278309148713012,0.00654280367126066
0.00290576724015691,0.000876529389290301,0.00570686272545259,0.00716850374204536,0.00698308466239094,0.0017063480431188,0.00308453898046971,0.00648140272239129,0.00903784285698532,0.00856833524907805,0.00265969443567994,0.00436082083848059,0.00308539445188737,0.00381756004212019,0.00768217431571649,0.00388096884703155,0.00434710503004353,0.00552770369860068,0.00278227622555518,0.00654423855393509
0.0029030818158245,0.000876217913001991,0.00570154550677724,0.00716332318548042,0.00697994079716933,0.00170490092706869,0.00307986611340038,0.00647790455097173,0.00903017259642466,0.00856085795910413,0.00265692599682557,0.00435713362669234,0.00308380866253148,0.0038157754831884,0.00767662122784118,0.00387986552160563,0.00434331106930561,0.00552920308761123,0.00277988175938952,0.00653610647440561
0.00290486904537409,0.00087549760091022,0.0057003842426182,0.00716117736751621,0.00697563701589701,0.00170414265236634,0.00307646899391681,0.00647604216556171,0.00902817219887834,0.00855634056061642,0.00265494328044519,0.00435646552882177,0.00308612735671389,0.00381703701138524,0.00767666680314616,0.00387731615972036,0.00434344280517939,0.00551918671789622,0.00278126593170665,0.00653727958910377
0.00290318815955274,0.000875711612571378,0.00570343416058984,0.00715966417325428,0.00697408775484169,0.00170461659718275,0.00307690777810402,0.00647450985936452,0.00902395178417217,0.00855580545620805,0.00265590856622273,0.00435390049315126,0.00308295275071635,0.00381420801090464,0.0076692837625221,0.0038768670730921,0.00434626279854145,0.00552293944529424,0.00277862077400522,0.00654320901212147
0.00290409702056386,0.000876508598447028,0.00570515187254297,0.00716665816968881,0.00698203427417206,0.00170543739610555,0.00308043134877067,0.00648023641339719,0.00903439587090518,0.00856375243141983,0.0026589789105361,0.00435824873348162,0.00308554294690817,0.00381551728108724,0.00767698359351207,0.00388063761637702,0.0043464433545232,0.00552906106916955,0.00278054025224403,0.00654171829661768
0.00290449057655579,0.000876231872914782,0.00570528053649545,0.00716417439150103,0.00697778709968522,0.00172100389717927,0.00308030068350663,0.00647733162144703,0.00903820204040463,0.00856315038870378,0.002656545367049,0.00435707339093097,0.00308530398461697,0.00381518847978799,0.00767374507877649,0.00388170584644022,0.00434322739422815,0.00552289091945475,0.00278239985101637,0.00654769408329439
0.00290457736389287,0.000876870879408029,0.00570208548780967,0.007161190543217,0.0069792780503555,0.00170250768446474,0.00307566682970125,0.00647388223069317,0.00904423031880431,0.0085540126399478,0.0026566508034796,0.0043620084616138,0.003084662433285,0.00381812342737872,0.00768188112094027,0.00388164406737193,0.00434662341603517,0.00552325867880253,0.00279358898567796,0.00655321559420975
0.00290547642352006,0.000875934158768039,0.00570233031564774,0.00716575395520524,0.00698086449649434,0.00171041886259585,0.00308876129735707,0.0064834589646869,0.00902927643784481,0.00856359764202419,0.00265609825929054,0.00435806883298848,0.0030852296295,0.00381606744618688,0.00767686912169747,0.00388059019534365,0.00434446123362116,0.00552723298794288,0.00278098000023079,0.00654875683861382
0.00290606035369852,0.000876279327179062,0.0057065814697923,0.00716407139468311,0.00697916740964581,0.00170666089308797,0.00308229503434512,0.00647628436559014,0.00903211805827122,0.00856147291562849,0.00265678887053424,0.0043599573920701,0.00308322188906492,0.00381823075631181,0.00767448326422548,0.00388311054254092,0.0043456455527387,0.0055265175840544,0.00278160542502361,0.00654411740080221
0.00290672468352786,0.000876606489088429,0.00570642254232201,0.00716957301419289,0.00698281327948413,0.00170526023076601,0.0030790384368753,0.00648636906630586,0.00904320716692809,0.00856941997920398,0.00265639829435772,0.00435885503191867,0.00308894392521718,0.00381742937954784,0.0076766787768218,0.00388138842807757,0.00434631137397124,0.00552150332786392,0.00278453196126956,0.00654463027309746
0.00290361428527499,0.000876226768295484,0.0057029798722965,0.0071651129459906,0.0069825194458179,0.00170545241895606,0.00308041503879707,0.00648305745072566,0.00903288250208966,0.00855821080661666,0.00265805873570338,0.00435901020009519,0.00308403844878792,0.00381570723304654,0.0076770043926226,0.00387996995596923,0.00434589436234724,0.00552967835237454,0.00278049057199897,0.00654071444434463
0.00290568568050124,0.000876568064044497,0.00570620237792229,0.00717056220050345,0.00698240472738806,0.00170542411565688,0.00307904581274105,0.00647649104471139,0.0090335690671793,0.00856578801217707,0.00265811632174269,0.00435986255173985,0.00308433628459913,0.00381653254462581,0.00767794283028051,0.00387986092686971,0.00434531743692344,0.00552784128410226,0.00278071217397012,0.00654521005170706
0.00290374106688095,0.00087570391182157,0.00570385227560688,0.0071664589573292,0.00697952466611876,0.00170464484359165,0.00308268700604539,0.00648027108175095,0.00903570311560694,0.00855915607026554,0.00265959451482418,0.00435727371523353,0.00308618728477533,0.00381665314601575,0.0076768335591437,0.00387847969852577,0.00434184975749596,0.00552746279771949,0.00277986133330855,0.00654077802665763
0.00290588864335367,0.000876069915180191,0.00570571565563221,0.00716518923189448,0.00698486289177388,0.00170508202277242,0.00307944043585994,0.00647643603449807,0.00903133635986559,0.00856023836617812,0.00265667548663509,0.00436009931981408,0.00308610072458102,0.00381908929688211,0.00767631494923791,0.00388031447672333,0.00434559602309304,0.00552309676703928,0.00278003221603685,0.00654572147958594
0.00290540182967255,0.000875651482231086,0.00570188720625749,0.00716321371485095,0.00697892522312173,0.0017036693774278,0.0030762536564994,0.00647741925210238,0.00902492095785671,0.00855843740930685,0.00265399009864269,0.00435569541388994,0.00308213894856868,0.00381395297805086,0.00767144237796977,0.0038766882606326,0.0043420501911862,0.00551655898373653,0.00277869740257372,0.00653913618499286
0.00290390402707304,0.000875968022403992,0.00570716197757454,0.00717134914699444,0.0069833615940853,0.00170521978748358,0.00308324675497356,0.00648156006081201,0.00903238236938937,0.00856219733615172,0.00265983855764371,0.00436054887076985,0.00308316035966938,0.00381548383093441,0.00767630630163022,0.00387910842219909,0.00434634263656215,0.0055318477724404,0.00278119106718168,0.00654069892397883
0.00290632688670683,0.000876161830714332,0.00570389368560882,0.00716392020529071,0.00697693392603773,0.00170469042777432,0.00308168548148022,0.00647784189838538,0.00902620476119953,0.00856053013566603,0.0026548790677893,0.00436065520292982,0.00308309291634501,0.00381928318499547,0.00767467424133195,0.00387608975178067,0.00434275530046707,0.00551878397007753,0.00277945661418895,0.00654018682339017
0.00290196265582804,0.000875211356578419,0.00569325735013529,0.0071537044897609,0.006970042494511,0.00170534221163595,0.0030773511235183,0.00647327006520996,0.00901974209653165,0.00855323169254176,0.00265947319579506,0.00435188177033622,0.00307971547842156,0.00381022923819946,0.00766322386486383,0.00387428149079194,0.00434107058808381,0.00551916493310694,0.00277714536669589,0.00653276294592453
0.00290698599381302,0.000876286835702229,0.00570455290632392,0.00715928870315122,0.00697939309016284,0.00170681442161926,0.00307816953268144,0.00648533062160819,0.00902499790702918,0.00855824904615169,0.00265921612964419,0.00435695167820269,0.00308698017714432,0.00381484874755349,0.00768429207601246,0.00387957644644747,0.00434189811650264,0.00551965562778007,0.00277846605341472,0.00654550953889121
0.0029057196802818,0.000875353640146421,0.00569827958910321,0.00715761360530745,0.00697698281485439,0.00170425963784514,0.00307640239251332,0.00647208223466937,0.00902235333206064,0.00857018549267822,0.00265357128531258,0.00436128238896915,0.00308084741606126,0.00381631194013063,0.00766986927219755,0.0038795541672498,0.00434110995291574,0.00552423683915704,0.00277781900592399,0.00654343150336785
0.00290036965377665,0.000874553110561093,0.00569805092955084,0.00715569771797721,0.00696919662868152,0.00170352010315604,0.0030765497812682,0.00646877792049065,0.00902469484112129,0.00854824971943425,0.00265549232054115,0.00435233130218062,0.00307957438485441,0.00380990227803222,0.00766389528389243,0.00387291586039754,0.00433888502799832,0.00552228239864993,0.00277908033664388,0.00653375370952901
0.00290320359854963,0.000875865729286594,0.00570310440867799,0.00716749728608492,0.00698120555663713,0.00170627524669387,0.00309473190401577,0.00648548113979245,0.00903266073828363,0.00857046960249521,0.00266012730852174,0.00436217741603353,0.00308954284756241,0.00381694211493882,0.0076778181798017,0.00388530660997949,0.00435069532635281,0.00552241637829326,0.00277915032797677,0.0065398517790701
0.00289897420885065,0.000875038896823135,0.00569704236870094,0.00715422631493137,0.0069741066647071,0.00170240711722176,0.00307461442387263,0.0064660762097436,0.00901703640930478,0.00854906240055883,0.00265247830182307,0.00435231194100822,0.00307863102610902,0.00381032646324628,0.00766287411152257,0.00387260008899005,0.00433987970798125,0.00551131022170915,0.00277591608275454,0.00653351609399651
0.00289967375331255,0.000875199204942421,0.00569881132983342,0.00715729209093677,0.00697291230811569,0.00170296698080357,0.00307565949097077,0.00647293672351485,0.00902143311776598,0.0085511864993934,0.00265424122443674,0.00435270279407016,0.00308077614320523,0.00381195885715087,0.00766902001826573,0.00387582410237409,0.00434049607688161,0.00552444379083147,0.00277811049530964,0.00653351755107434
0.00290089804568297,0.000876261431522789,0.00570188428749447,0.00716187595499724,0.00697302890519453,0.00171080335755303,0.00307961643757677,0.0064749992252496,0.00902658618754625,0.00855746638691685,0.00265640547036652,0.0043591349659772,0.00308259707048732,0.00381505764840477,0.00767210072775128,0.00387791249441657,0.00434711467682355,0.00552558136856207,0.00278027942465113,0.00653908116166549
0.00290191379133506,0.000875806717318186,0.00570326623819701,0.00716446429106096,0.0069778427466238,0.00170504483876477,0.00307740728191001,0.00647625729315545,0.00902976739192415,0.00856196372746131,0.00265406615481219,0.00435837205106383,0.00308522029358089,0.00381492900134536,0.00767251485876918,0.00388009146390611,0.00434479081645374,0.00551985222094637,0.002780448648758,0.00653945893920598
0.00290480213799301,0.000875902036074407,0.00570318346519071,0.00716475075976213,0.00697874395857327,0.00170393664956778,0.00307731736714938,0.00647513845552382,0.00902850739305085,0.0085682598242567,0.00265740695002346,0.00435693689328898,0.00308272461490188,0.00381544759435278,0.0076738201249052,0.00387797033810151,0.00434399471727378,0.00552090831242622,0.00277917420833889,0.00654140318826035
0.00290344980193921,0.000876301038408991,0.00570443015043163,0.00716784553443656,0.00698059584780243,0.00170565229212849,0.00308085910032434,0.00648178465554895,0.00903445976877194,0.00856389154143528,0.0026578292799374,0.00435984758925463,0.0030843790999456,0.00381710640698318,0.00767663155816132,0.00388018515747449,0.0043458623381735,0.00552600199725166,0.00278195109938552,0.00654432220903829
0.00290786385060648,0.000875693649963669,0.0057063999102536,0.007167391649718,0.00698197198958667,0.00170539010698436,0.00308016338426271,0.00648028351627999,0.00903327964012489,0.0085624160912582,0.00265817502150544,0.00435882775566492,0.00308371215002103,0.00381523603400474,0.00767588340144248,0.00387901803503652,0.00434440478159369,0.00552896465467628,0.00278070921696282,0.00654165478366138
0.00290624893170143,0.000875918019316745,0.00570474181388228,0.00716637063060276,0.00698370051009354,0.00170580453047396,0.00307755162503029,0.00647805369446596,0.00903484352433145,0.00856496151150127,0.00266554863346192,0.00435957970711002,0.00308398709067667,0.00381628593834799,0.00768260405066005,0.00388172715627031,0.00434387976009766,0.00552563960932674,0.00278221777529849,0.00654517334757174
0.00290270572458138,0.000875860141216685,0.00570630439910754,0.00716334112156941,0.00697359630690281,0.00170435894072297,0.00307650353054857,0.00647578145632945,0.00902610029497345,0.00855920874947412,0.00265494080108733,0.00435707482138121,0.00308320689579775,0.00381440220059195,0.00767247567593408,0.00387774733074311,0.00434229046760266,0.00552053350466015,0.00277887067971317,0.00654129407819344
0.0029024575643175,0.00087564024163348,0.00570206299829547,0.00716143369532826,0.00698044116771603,0.00170839682973658,0.00308063380025955,0.00648044735428966,0.0090264014521329,0.00856247915839734,0.00265771903964231,0.00435565664448686,0.00308301741767379,0.00381254542568359,0.00766751420414753,0.00388102837944604,0.00434542184412687,0.00552984356319271,0.00277956714957902,0.00653656646359375
0.00290448086818629,0.000875621876361485,0.00570032211840986,0.00716337782092679,0.00697804504112814,0.00170351316976292,0.00307880982945035,0.0064742988234903,0.00903505467187277,0.00855583307379905,0.00265715139356248,0.00436326405718203,0.00308204417691407,0.00381860071704613,0.0076709832693059,0.00388095484745862,0.00434697133858228,0.0055186153709163,0.00277846421627494,0.00653785372241679
0.00290798867827117,0.000876553409188031,0.00570589957130088,0.00716314654419906,0.00697927513804546,0.00170708766929708,0.00307857150116846,0.00647713165978572,0.00902989297756038,0.00856152036479992,0.00265639185094266,0.00435833296719317,0.00308491793986928,0.00381661149225125,0.00767589056295615,0.00388256150063189,0.00434550647861656,0.00553017958462306,0.00278331038583686,0.00655080975641965
0.00290513241447208,0.000876270265118097,0.00570591565568548,0.00716605872626442,0.00698155756463967,0.00170537078442809,0.00307982384338381,0.00647887960193436,0.00903553386127692,0.00856226207543667,0.00265774468263883,0.00435955628833703,0.00308552177156922,0.00381678344794716,0.00767994110736012,0.00387997111056089,0.00434558851983782,0.0055293909603261,0.00278138111891756,0.0065435736389955
0.00290348082977037,0.000875726334698112,0.00569946573666188,0.00716123290093901,0.00697704468674428,0.00171206437713059,0.00309213114339157,0.00647277627897905,0.00902594214294481,0.00860246980107113,0.00265441246444688,0.00435459759885146,0.00308206080430785,0.00381226851511205,0.00770945092630076,0.00391452037769182,0.00434112720457912,0.00554919608644409,0.00280491040873232,0.0065756498629522
0.0029007869112381,0.000875265573586795,0.00569871732337854,0.00715726020147372,0.00697517732513213,0.00170340501770875,0.00307908717321131,0.00647368569746156,0.00902540636106219,0.00855808063058718,0.00265679915302532,0.00435650432755488,0.00308159335877865,0.00381348347859506,0.00766924985304688,0.00387744337533996,0.00434752761576267,0.00552198128743144,0.00277886554432474,0.00653749925177919
0.00290055173146874,0.000875300544560902,0.00569693827638571,0.00715855922056901,0.00697450208433258,0.0017105801420413,0.00307506778909968,0.00646984903284374,0.00902164591802788,0.0085636784749044,0.00265423326708377,0.00435642730208737,0.00307928708529304,0.00381431023754363,0.00766508288516569,0.00387568469184281,0.00434261685242264,0.00551677330985203,0.00277776813628161,0.00653476380006656
0.00290413811905862,0.000876067629234817,0.00570506767639449,0.0071681952303325,0.00697940215533119,0.00170551639611294,0.00308124258823207,0.00647859379905634,0.00903385705368047,0.00856455711339516,0.00265813296809388,0.00435951580827905,0.00308338142728564,0.0038157438264376,0.0076777482305616,0.00388058387658027,0.00434552493093458,0.00552922281000599,0.00278414030457981,0.00654115353364063
0.00290106211441646,0.000875993233401524,0.00569826778718737,0.00716169647393334,0.00697546672070815,0.00170363905934251,0.00307672993287629,0.00647328432531308,0.00902389506451694,0.00855998644692197,0.00265288481404534,0.00435513984394506,0.00308296362085542,0.00381382698118328,0.00767105541831559,0.00387895984211484,0.00434307321566339,0.00551763975696091,0.0027800354436322,0.00653977872170862
0.00290598731724147,0.00087590322752231,0.00570182214364712,0.00716369159025633,0.00698099172125253,0.00170417485580033,0.00307906686256715,0.00647544487912602,0.00902772230657201,0.00856825034534611,0.00265487081455629,0.00435756378577219,0.00308273367528044,0.00381394294505738,0.00767305388788988,0.00387710649492114,0.00434331212290859,0.00552080079007363,0.00277897486674611,0.00654069771508161
0.00290408623105395,0.000875604870976981,0.00570284447739428,0.00716410974769796,0.00698060050134973,0.00170474790522157,0.00308016419572507,0.00647799958747255,0.00903393936441772,0.00856152240423571,0.00265635464928045,0.00436015483532859,0.00308384747071592,0.0038136942619739,0.00767843819456616,0.0038765884366982,0.00434595663465384,0.00552063048300567,0.0027870732000657,0.00653877888166042
0.00290637180654261,0.000876012883869287,0.00570319968385966,0.00716566611801009,0.00697720813969361,0.0017052039274967,0.00308026983664459,0.00647816062225566,0.00903469240736336,0.00855891001421909,0.00265790239143541,0.00436093485791787,0.00308507127280525,0.00381653533611502,0.007681558331879,0.00388441782800063,0.00434670398982979,0.00552622280567471,0.00278246258167719,0.00654277044845551
0.00290579260769943,0.000875896954167092,0.00570237447669743,0.00716296396300223,0.00697824325953586,0.00170371048733563,0.00307607097278871,0.00647886183085648,0.00902845503774129,0.00856653869125087,0.00265366222003676,0.0043569527910356,0.00308756514068271,0.00381613567153847,0.00767432013138174,0.00387951140660636,0.00434472657174803,0.0055268878645786,0.00278286272330624,0.00654329619222809
0.00290717688153234,0.000876141611257956,0.00570201435425074,0.00716308035016039,0.00698113494857804,0.00170465453514604,0.0030808888241571,0.00647723602345928,0.00904091645936579,0.00856760848739968,0.00265476717088457,0.00435782362324541,0.0030834900043132,0.00381576776924294,0.00767518947462105,0.00388611842176301,0.0043422652469751,0.00552320688644985,0.00277960770623992,0.00653898554479696
0.00290010989374748,0.000875693935062045,0.00569886522818333,0.0071615936402094,0.00697518245858084,0.00170324440225645,0.00307690789645554,0.0064730282296481,0.00902845903312863,0.0085573129658448,0.00265349783059636,0.0043551038295559,0.0030823350277867,0.00381444992769402,0.00766872610236129,0.00387669346773013,0.00434154384115711,0.00551519419411345,0.00277747117762525,0.00653824377715477
0.00290449403196281,0.000876589805480793,0.00570396118533479,0.00717064616556357,0.00698006725598909,0.00170356522491108,0.00307777637518884,0.00647926159612473,0.00902770241039249,0.00856193213287636,0.00265592024297489,0.00436058072469496,0.00308489918821746,0.00381606242120537,0.00767692001798349,0.00388060495937101,0.00434689050573871,0.00552943848921135,0.00278115007228468,0.00654117486845091
0.00290038062442899,0.000874776631814951,0.00569813768407311,0.00715385821201732,0.00697225764512456,0.00170278135400689,0.00307574603798819,0.00647256085942102,0.00902010467472769,0.00855118068585933,0.00265389183583202,0.00435509718223927,0.00307990735409953,0.00381178100425848,0.00766527725386441,0.0038750364629038,0.00434290486485776,0.00552260230009845,0.00277868784663068,0.00653214977082175
0.00290237922821052,0.000876077386912768,0.00570572624823639,0.00716760846086299,0.00698247433025925,0.00170649903949794,0.00308190746322904,0.00648223577834657,0.00903418459342765,0.0085665691548977,0.00265811116897275,0.00435866018755763,0.00308526934647087,0.00381823178757016,0.00767605772402577,0.00388026990751117,0.00434665329745512,0.00552845450076077,0.00278075978708096,0.00654540060580934
0.00290790698762074,0.000876435390848201,0.00570461887000119,0.00716798765839845,0.00698331442663613,0.00170510454791667,0.00308026734504218,0.00647804818385462,0.00903358589471332,0.00856295702162344,0.00265729554249643,0.0043587729038637,0.00308406109057004,0.00381680325707713,0.00767589883557266,0.00387766068387393,0.0043479678108519,0.00552913817338229,0.00278125759102937,0.00654321039552402
0.00290283960145854,0.00087514310088759,0.00570129374914265,0.00715664674529858,0.0069721229119138,0.00170325265804855,0.00307944314610405,0.00647441760345784,0.00902268525749621,0.00855527208318491,0.00265580652869437,0.00435630846646875,0.00308220914218863,0.0038117460580236,0.007672198845792,0.00387662161927738,0.0043432766444671,0.00552191348698916,0.00277735263668673,0.00653986402963624
0.00290863412147762,0.000876409307351073,0.00570760796036654,0.00716761809456104,0.00698218494787221,0.00170684832005937,0.00307958788304454,0.00648610566108493,0.00903228201440495,0.00857407350274093,0.00265630641578759,0.00436633203820168,0.0030859404329989,0.00381861126586603,0.00768629170536375,0.00388127893355468,0.00434814362657411,0.00552772303912397,0.00278161996945035,0.00654487666682529
0.00290711634971241,0.000876112512357225,0.00570416072326075,0.00716323146463319,0.00698047882680968,0.00170475923968848,0.00308189553015143,0.00647907117408404,0.00903362064527873,0.00856707227235407,0.00265648249938829,0.00436265013093514,0.00308492690038881,0.0038188835783704,0.00767861890310844,0.00388069564882923,0.00434661052459184,0.00552274187838676,0.00278076979240655,0.00654427000603846
0.00290350687962841,0.000876064210456073,0.00569914367872606,0.00716782601972884,0.00698132687171457,0.00170636958330463,0.00307886677287153,0.00647562347793687,0.00902888944332198,0.00856150138039242,0.0026575907006826,0.00436340319619699,0.00308363841047449,0.00381696820509713,0.00768121356484894,0.00387758771787026,0.00434277284690618,0.00551833379660683,0.00278066648072311,0.0065495239971327
0.00289842554510725,0.000874775567345437,0.00569631929464102,0.00715317985429031,0.00696819215208454,0.00170231628546068,0.00307820515199816,0.0064686329303525,0.00901915415387659,0.0085525920040719,0.00265353991047959,0.00435097195796083,0.00307996870112693,0.00381130395116179,0.00766399861501549,0.00387296212378365,0.00434068002914214,0.00551895979448614,0.00277636666744547,0.00653069629873388
0.0029004534851119,0.000875342071684798,0.00570020935141978,0.00715946485869893,0.00697378008025531,0.00170273302493842,0.00307546011013211,0.00647221269848299,0.00902140905948216,0.00855633442940713,0.00265239168390258,0.00435279187361319,0.00308076761721648,0.00381339024982559,0.00766738779992295,0.00387490083773907,0.00433988049193822,0.0055162648912635,0.00277745012628115,0.00653605794153643
0.00290070741109991,0.000875416810614364,0.00569786428342118,0.00715429984576354,0.00697065574644849,0.0017033748157645,0.00307494335694583,0.00646935088760187,0.00902489078915399,0.00855725821152697,0.00265196827753789,0.00435303019757385,0.00308027804310552,0.00381251135345882,0.00766780724577749,0.00387535606451144,0.0043400222134839,0.00551550933094198,0.00277799436556645,0.00653641411400034
0.00290649656872769,0.000875842531855906,0.00570374871875708,0.00716577247109678,0.00697759137402826,0.00170452366046742,0.0030778923813475,0.00647776853852958,0.00902844533702414,0.0085606309833953,0.00265516477203577,0.00436282832187131,0.00308331734504906,0.00381717377667268,0.00768181053806544,0.003878062453254,0.00434378664020795,0.00552906759994361,0.00277958009878479,0.00654773427342206
0.00290201516125868,0.000876205694948914,0.00570407692288247,0.00716545768186877,0.00698099681094084,0.00170497735310525,0.00308041090124414,0.00647959411077755,0.00903451916715779,0.00856213429525274,0.0026569434644867,0.00435796680876738,0.00308444551500544,0.00381575730319134,0.0076744295753842,0.00387885607777904,0.00434564165719722,0.00552834687835026,0.00278050983953511,0.00654126084740094
0.00290265827281576,0.000876029511900461,0.00570277921433692,0.00716136857072194,0.00697570229043951,0.0017081525849989,0.00307749426453271,0.00647846511056513,0.00902475246114519,0.00855997242644561,0.00265624545736005,0.00435533301498283,0.00308187384085231,0.00381260606898285,0.00767272203896867,0.00387742351716679,0.0043441321745434,0.00552556125930216,0.00277885949292788,0.00653953746243967
0.00290436160487806,0.000876487187744574,0.00570384476023737,0.00716696822232379,0.00698161342462921,0.00170674294607443,0.00308350149164516,0.00647832148606412,0.00903752254719012,0.00856861798308873,0.00265734015863195,0.00436012748339476,0.00308530028292366,0.00381786420684379,0.00767845610481896,0.00388165434650091,0.00434954260680208,0.00552720280078635,0.00278251387420183,0.00654199573074178
0.00290561043763054,0.000876184849325122,0.00570393962506492,0.00716519876231608,0.00697957906210033,0.00170483299681052,0.00308014472613943,0.00648053596369266,0.00903079455688047,0.00856131983779471,0.00265760623373302,0.00435807067115421,0.00308296020119983,0.00381521709554486,0.00767510067115227,0.00387855873529369,0.00434465441107023,0.00552789829132767,0.00278029534655922,0.00654097183600074
0.00290381299100133,0.0008762887136801,0.00570498546516982,0.00716698305621292,0.00698195206878403,0.00170538449709538,0.00307989218967824,0.00648106506865883,0.00903462469836217,0.00856343537130578,0.0026590529619566,0.00436163201853602,0.00308420627238759,0.00381830632894485,0.00767705705585608,0.0038805771112062,0.00434826811134767,0.00552611172634768,0.00277985683483398,0.00654196913825348
0.00290838443296161,0.000876695193689107,0.00570458734892516,0.00716788976829986,0.00698322917161897,0.00171140046704229,0.00309094793165877,0.00648037083556377,0.00903590621300269,0.0085654804340742,0.00266659388193191,0.00436148493746896,0.00308520196801644,0.00381797954255541,0.00767917312112793,0.0038797713283861,0.00434655042527154,0.00552777516670136,0.00278273959252104,0.00655150335308186
0.00290214609025835,0.000875875155995409,0.00570330083859461,0.00716354852573328,0.00697878477660648,0.00170458762091457,0.003076480447558,0.00647614214108959,0.00902940340895331,0.00856252264559806,0.00265377466051889,0.00435957778649182,0.00308415824551239,0.00381539836551037,0.00767395646259654,0.00387854831530275,0.00434287190759162,0.00552048751012661,0.0027803289795651,0.00654097987110393
0.00290096626101443,0.000875502561280283,0.00569868430290636,0.00716157682488828,0.00697662880448311,0.00170355326294029,0.003077178831492,0.00647342093606014,0.00902633617123721,0.00855755655119883,0.00265331730935788,0.00435288562936391,0.00308160009622543,0.00381400609089502,0.00767046907907943,0.00387604764499002,0.00434109677278234,0.00552105421038829,0.00277973643543862,0.00654299853845324
0.00290476583775969,0.000875472457821798,0.00570251095914499,0.0071602665914451,0.00698059480833612,0.00170526737072433,0.0030808098100835,0.00648035854904866,0.00903318247436646,0.00855894301276536,0.00265334572947568,0.00435484882282938,0.00308198571377184,0.00381402288499697,0.00767357199244681,0.00387925997144533,0.00434295417757468,0.00551685564804845,0.00278007966732439,0.00654191613747118
0.00290731192332439,0.00087613823765786,0.00570823139021052,0.00716848673116956,0.00698242824715704,0.00170545949989243,0.00307914861939787,0.00648208222149585,0.00902907086913891,0.00857645108291434,0.0026593470677396,0.00435802510003267,0.0030830775232564,0.00381789007877075,0.00768282836849957,0.00387945446341943,0.00434449347363567,0.00552615855792656,0.00278097451036974,0.00654262383027928
0.00290748833419204,0.000875582491568355,0.00570396057998986,0.00716452347938327,0.00698040835946959,0.00170529948818757,0.00307725139126884,0.00647783829974628,0.00904214666215934,0.00857079341585905,0.00265442809184407,0.004360925001963,0.00308733424020917,0.00381929470153911,0.00768650203923269,0.00387811782247154,0.00434499714642744,0.00552035901712088,0.00278029423516743,0.00655126366273041
0.00290887163718057,0.000876046246973591,0.00570098893773647,0.00716586093910281,0.00697600365573466,0.00171767910903096,0.00309603892659974,0.00647706177820544,0.0090296055060125,0.00858104583687108,0.00267143492015531,0.00438360026384373,0.00308847930558119,0.00381534256314069,0.00767866276438902,0.00390114640767732,0.00434682903696284,0.00552955176539685,0.00279619811122638,0.00654269053989982
0.00290320113900643,0.000876131949302632,0.0057044354985121,0.00716426766614678,0.00698106209794447,0.00170511201451728,0.00307931469630306,0.0064766888034059,0.00902789607515997,0.00856657409621125,0.00265494666379391,0.00435788605242206,0.00308431856995344,0.00381614421555745,0.00767465203464699,0.00388017245836965,0.00435272743680191,0.0055214251756998,0.00278100636090243,0.0065413474681181
0.00289999937321769,0.000875356557378683,0.00569988384547913,0.00715457580603899,0.00697413772894672,0.00170497500096625,0.00307828437263829,0.00647236912573833,0.00902455068966967,0.0085531620958981,0.00265708332173941,0.00435810124435182,0.00308142895156388,0.00381367931592314,0.00766970233451716,0.00387892970098093,0.00434431865751091,0.00552391868899877,0.00277863787394777,0.00653471292267381
0.0029050914653865,0.000876416436019384,0.00570638090018205,0.00716757205772685,0.00698090705109241,0.00170622152398094,0.00308144628483609,0.00648048953867216,0.00903612128883569,0.00856621853841906,0.00265851004078072,0.00435922464554436,0.0030857214256981,0.00381653571301937,0.00767706509466488,0.00388124397306147,0.00434838266931061,0.00553007185740333,0.00278194471601507,0.00654534880250973
0.00290299287068343,0.000876152163735566,0.00570130465789568,0.00716336989557739,0.00698110749903131,0.00170645256502342,0.00308019571016477,0.00647856193166519,0.00903793114886178,0.00856465583371704,0.0026579379107172,0.00436018737241641,0.00308492413759701,0.00381626281411659,0.00767636982246054,0.00388000901681954,0.00435233097152284,0.0055308625982618,0.00278075751656796,0.00654483849180387
0.00290450508032457,0.000875829108876719,0.00570332539986986,0.00716404629677122,0.00698344899840234,0.00170321309668248,0.00307518157377392,0.00647357057913724,0.00902592422653207,0.00856328539883468,0.00265431031492813,0.00435504952989298,0.00308342188981876,0.00381496108761041,0.00767313386695598,0.00387778509812827,0.00434285804271567,0.00551810055799797,0.00278258286768393,0.00653883476276297
0.00290599992238288,0.000875415845721109,0.00570073395811205,0.00716319659271128,0.00697598525090938,0.00170619392945571,0.0030797185430872,0.00647329742154609,0.00902161296388708,0.00855315299114504,0.00265264478007412,0.00435458176796641,0.00308199206705399,0.00381323991005382,0.00767313346162159,0.00387798870843895,0.00434578036069287,0.0055166764124268,0.00278081410902377,0.00654588904867235
0.00290323421813512,0.000875438935470577,0.00569811874046473,0.00715778434344335,0.00697398034117945,0.00170957231102252,0.0030892267777697,0.00647165832744745,0.00903081965788447,0.00855902061128598,0.00265476420622766,0.00435820586016991,0.00308265830177995,0.00381547606340808,0.00767290745850013,0.00387760292557508,0.00434040042557443,0.00552079325173707,0.00277783083288002,0.00653565919200879
0.00290121914468858,0.000875590200890868,0.00570117085563324,0.0071621222352273,0.00697581334735769,0.00170382090810898,0.00307607569906831,0.00647284064839234,0.00902334319928419,0.00855853937241245,0.00265288733337741,0.00435478834105158,0.00308211373402392,0.00381366434759727,0.00766938369314411,0.00387574659511292,0.0043428394417117,0.00551791000236147,0.00277852286427582,0.00653775002137608
0.00290048715213195,0.000874900049920175,0.00570019762014379,0.00715727635470006,0.00697457212666221,0.00170504633711344,0.00307869533912218,0.00646964786716593,0.00901865720184273,0.00855364166463969,0.00265418681968132,0.00435735507033425,0.00307972444867501,0.00381117913328347,0.00766723031092538,0.00387806506931598,0.00434338183273018,0.00551357043159651,0.00277806846977143,0.00653733095049685
0.00290225442501684,0.00087629732962085,0.00570430402833313,0.00716558391667496,0.00698112896239976,0.00170400940162057,0.00307761421872483,0.00647637767459681,0.00902592389932444,0.00855989782645759,0.00265577697893938,0.00435704175168996,0.00308304900152241,0.00381461435196619,0.00767588491776798,0.00387844786888663,0.00434341534187387,0.0055266906031973,0.00277994697127358,0.00654051740548423
0.00290025960714729,0.000875300371674764,0.00569918751080265,0.00715800212739359,0.00697290817117558,0.00170416311014031,0.0030771741573061,0.00647276418174648,0.00902193567227184,0.00855304927469749,0.00265496552228995,0.00435377545848316,0.00308076290845974,0.00381432098469937,0.00766647411990701,0.00387803756176726,0.00434842168611277,0.00552163455929925,0.00277906309138231,0.00653487216344492
0.00290308764400198,0.000876237820530694,0.00570341565459619,0.00716252493074446,0.00698098027698447,0.00170573219681741,0.0030816347045421,0.00648031874501734,0.00903700018950656,0.0085649328267167,0.00265741077331976,0.00435724839563948,0.00308485377796107,0.00381747679862839,0.00767371954402265,0.00387888573963971,0.0043449887273309,0.00552719950015027,0.00278070350689323,0.00654242429608667
0.0029040327523305,0.000875932629278349,0.00570199787878497,0.00715849682563081,0.00697395344626361,0.00170517041508957,0.00308083859011608,0.0064729982184647,0.00903229281983704,0.00855852144391526,0.00265651556906075,0.00435458868124199,0.00308382538577822,0.00381649400305368,0.00766921784152992,0.00388049574028587,0.00434185871814619,0.00552403251582305,0.00277933720359547,0.00653801021525292
0.0029072483104979,0.000876353063179227,0.00570474686772746,0.00716780900349598,0.0069805500378669,0.00170483560655509,0.00308086108597353,0.00647899433244624,0.00904347678394888,0.00856316069043309,0.00265824337682828,0.0043658600805729,0.003088452094062,0.00382119630886887,0.00767881397914285,0.00388133434531622,0.00434588333825181,0.00552274936645454,0.00278399717633139,0.00654357701984692
0.0029065184049256,0.00087599809019198,0.00570342433542867,0.00716427347780438,0.00697976550192462,0.00170479236731564,0.00307815592134653,0.00647560649185946,0.00903464958751069,0.00856409846997553,0.00266436681914047,0.00436114709100137,0.00308478191196395,0.00381904229662464,0.00768339434205728,0.0038831261480219,0.00435116984299518,0.00551949152610082,0.00278068509182799,0.00654005633099821
0.00290784732972883,0.000875950828293988,0.00570482184421651,0.0071633801639566,0.00697828960619532,0.00170703122396135,0.00307711584527427,0.00647532259249058,0.00903018884954084,0.00856189809541013,0.00265725058838793,0.00435944009687594,0.00308321665777392,0.00381534154564812,0.00767295262883002,0.00388042210359803,0.00434658793369599,0.00552210436608085,0.00278066865777274,0.0065448191998965
0.00290422261605305,0.000875191337595043,0.00570134015609073,0.00715958375974917,0.00697295192093423,0.00170341000721752,0.00307567842246712,0.00647588073910302,0.00903300560424625,0.00855740584752286,0.00265305626736213,0.00435567404882376,0.00308544489647041,0.0038139716460278,0.00767061176281714,0.00387766299928707,0.00434020842439361,0.00551954554404407,0.00278139635136447,0.00653745988764644
0.00290631371493843,0.000874894375100929,0.00569525116960432,0.00716022777604024,0.00697777189813394,0.00170275766790336,0.00307238310070595,0.00647166792195574,0.00901526110582151,0.00856164882515528,0.00265329245189589,0.0043495981602067,0.00307836715256887,0.00381715065557905,0.00766754456825694,0.0038782729376476,0.00434210165078309,0.00552408058456214,0.00277762880424649,0.00653699078166761
0.0029003176378118,0.000875258341228875,0.00570070381451279,0.00716004664431251,0.00697448222701835,0.00170324529863121,0.00307666185642213,0.00647242738043922,0.00902486772801432,0.00855626708023199,0.00265351760705138,0.00435421773200693,0.00308185888289836,0.003818887411054,0.00767158574575362,0.00387672029871696,0.0043440663143735,0.00551619208987639,0.00277834305994589,0.00653606948951926
0.00290476180931494,0.00087633623312527,0.00570080197193406,0.00716704459058118,0.00698182988525884,0.00170584427074748,0.00308256451835978,0.00648232645106938,0.00903476712496349,0.00856315585375563,0.00265876626775217,0.00435837782597873,0.00308633309919343,0.00381837692257565,0.00767538819349704,0.00387982122851761,0.00434680256549653,0.0055213093601343,0.00278185134451717,0.00654249189245491
0.00290777673621612,0.000876411735169639,0.00570711785581562,0.00717170736144503,0.00698119098382716,0.00170442942204218,0.00307741566830743,0.00647586310177298,0.00903662122260628,0.00856253231312946,0.00265581759886056,0.00435679232148465,0.00308496266953728,0.00381741349387487,0.00767480206906178,0.00387959757058923,0.00434666281840626,0.00552782203784282,0.00278077411340082,0.00654201032955647
0.00290708111978007,0.000876096077040782,0.0057040992893617,0.00717018668679016,0.00698010218429823,0.00170531374466786,0.00308249025140465,0.00647864494670769,0.00903166094577104,0.00856090003633148,0.00265638440213715,0.00435922840710144,0.00308435329360639,0.00381714074052884,0.00767983979214941,0.00387926562301674,0.00434688680123675,0.00552875388646265,0.00278187083080617,0.006542939551253
0.00290737823670357,0.000876055108870576,0.0057038895365423,0.00716340490107498,0.00698148337980706,0.00170463158043034,0.00307986359300971,0.00648019651699606,0.00903296079558212,0.00855973008235366,0.00265833059522669,0.00436028410929163,0.00308525035678037,0.00381463723227165,0.00767260196984005,0.00387855333812226,0.00434372421309824,0.00552222569794558,0.00278001169765717,0.00654204690244858
0.00290639363135061,0.000875913305910184,0.00570359609333942,0.00716457705451923,0.00697674636783764,0.00170551520851727,0.00307831014430438,0.00647482101231622,0.00902713312574566,0.00855576614651564,0.00265754068115469,0.00436284775774249,0.00308164602559711,0.00381852346630084,0.00767193938572761,0.0038762741682319,0.00434784107743364,0.00552103061442117,0.0027818657423703,0.00653928301012394
0.00290209063791032,0.00087587072725241,0.00570201045257397,0.00716196707064223,0.00697911253478454,0.00170377099787653,0.00308074910803671,0.00647541394918637,0.00903047690065998,0.00856169477170504,0.00265601193003795,0.00435636618913019,0.00308392596928591,0.00381349146629041,0.00767555137306105,0.00387680786322936,0.00434279599031294,0.00552455606662076,0.00277885703407607,0.00653897359680694
0.00290537648358784,0.00087586076771941,0.00569987088023035,0.00715969773109373,0.00697667722734674,0.00170418251584048,0.00307606753619737,0.00648341519010735,0.00902271473743421,0.00855983726180504,0.00265295940688061,0.00435614220701207,0.00308279710115667,0.00381453031307808,0.00768076360605268,0.00388133198356607,0.00434115804238666,0.005517784566376,0.00278091688110859,0.00653834521198277
0.00290256081100063,0.000875934109016896,0.00570331022990157,0.00716331507324978,0.00697809554823183,0.00170793194050316,0.00307927323142728,0.0064754965047265,0.00902818045581498,0.00856067499976364,0.00265443839886405,0.00436542407448122,0.00309057358429725,0.003815353727493,0.00768983477836828,0.00387899576933969,0.00434405216970401,0.00552032209822501,0.00278492751535133,0.00655394743323976
0.00290426839889429,0.000875651919215606,0.00570063643662943,0.00716194497720486,0.00697540371551317,0.00170952855252338,0.00308954449913732,0.00647908591943722,0.00902579527327768,0.00855635244946461,0.00266282717071286,0.00435632420179999,0.00309337677627001,0.0038190485890689,0.0076695957522803,0.00387592421153064,0.00434138116858739,0.00551896103010169,0.00279044797493556,0.00653560410493838
0.00290713489718414,0.000875772353163515,0.00570297199292418,0.00716334054031267,0.00697955836341793,0.001703901248565,0.00307877090900725,0.00647739374004147,0.00903829004503506,0.0085700384812195,0.0026558564520167,0.00435650007606281,0.00308305308212433,0.00381533350172625,0.00767013250581251,0.00387730918112009,0.00434315307196796,0.00551807688591506,0.00278121281407396,0.00653980286206575
0.00290421988607947,0.000875756402674262,0.00569823299775032,0.00715822664582778,0.00697510548475748,0.00170575211552409,0.00307810417999373,0.00647526039217187,0.00902660376658455,0.00856453821898333,0.00265663052903639,0.00435995444194468,0.00308173742508165,0.00381174216970202,0.00767922230600598,0.0038755306075665,0.00434110680416722,0.00552108645827485,0.00277688930368245,0.00653779487521661
0.00290411547515023,0.000875463396768024,0.00569871566237314,0.00715828883781827,0.00697444643183292,0.00170502530253756,0.00307316451201451,0.00646671887024408,0.009020630292545,0.00855092675837515,0.00265537772844709,0.00435372738465,0.00308174963938007,0.00381781142224948,0.00767872706247409,0.00387540656820973,0.00433948694867311,0.00552339581802377,0.00277779041375727,0.00653676047981712
0.00290279308736036,0.000875475198950451,0.0057015695378362,0.00715975208172101,0.00697596331376262,0.00170366984037919,0.00307608281295829,0.00647421178091449,0.00902777633027875,0.0085606040414648,0.00265533643464589,0.00435583307011867,0.00308421718341921,0.00381395249581464,0.00767366252266375,0.00387787862903169,0.00434109391742874,0.00551566351145615,0.00278699866620601,0.00653899938481973
0.00290760556656168,0.000876425341047656,0.0057034604190849,0.00715935002350222,0.00698288129352514,0.0017070800419553,0.00307631581574918,0.0064733399649315,0.0090281629906656,0.0085646782503958,0.00265575471153886,0.00435575163237409,0.00308501408485681,0.0038202372748713,0.0076735651875351,0.00387773733166532,0.00435042257448109,0.00552801167153754,0.0027838986693466,0.00654345285188717
0.00290450119869613,0.000876615868575316,0.0057051809412336,0.00716684283888764,0.00698115920266524,0.00170426198999262,0.00308233549340794,0.00648341159208363,0.0090316192360042,0.00856412942870146,0.00265792844518409,0.00435815956953441,0.00308346835789775,0.00381853498165313,0.0076733905807557,0.00387783551469983,0.00434886245644005,0.00553071934100458,0.00278014404287122,0.00654871567282624
0.00290621362413466,0.000875866436461117,0.00570052435582254,0.00716300985962025,0.00697723399674575,0.00171092940797808,0.00309103140952622,0.00648194943291671,0.00903775032076448,0.00856174723711698,0.00266692564885409,0.00437887359455344,0.00309393132833618,0.0038332010136926,0.00767482431876155,0.00389134403881719,0.00436028037109321,0.00552604801511985,0.00277869875663346,0.00654017131949962
0.00290672978431404,0.000876112692919402,0.00570459601081371,0.00716607022484897,0.00698754900078071,0.00170544611967501,0.00307867450930825,0.00647855277257056,0.00903381505275695,0.00857214298843866,0.00265909926255738,0.00436583620247115,0.00308427061240888,0.00381791458069025,0.00767620091128729,0.00388249011412752,0.00434532882159439,0.00552068994095121,0.0027812101109126,0.00655037296717048
0.00290473816432021,0.000876329414439548,0.00570542550105949,0.00716684610177251,0.00698056045360888,0.00170481307027288,0.00307956240761076,0.00647862185074251,0.0090328824359893,0.00856171948029522,0.00265847777484319,0.00435906738924267,0.00308381481718213,0.00381756405626229,0.00767454159414891,0.00387846697220113,0.00434751708746238,0.00552575008372804,0.00278087536567597,0.00654167816627521
0.0029055372768281,0.000876363934524931,0.00570885333483668,0.00716620675272452,0.00698175023651063,0.00170424738413001,0.00308043549155041,0.00647954040340357,0.00904314964061166,0.00856176104462672,0.00266425341430564,0.00436142994988444,0.00308713261934315,0.00381642699998297,0.00767452702111668,0.00388351015528711,0.00434593449097875,0.00552147266201267,0.00278106690362536,0.0065411505012843
0.00290420440287942,0.000876026461421056,0.00570362981174648,0.00716218199057106,0.00697797682496339,0.00170478653427669,0.00307855876416583,0.00647801622679816,0.00903340818544633,0.00856206817659049,0.00265511044716234,0.00435782632431531,0.00308432027540414,0.00381691370270023,0.00767939904059346,0.00388217006955982,0.00434859849146491,0.00551944739428985,0.00278097853078864,0.00654141385790628
0.00289891725791568,0.000874677379576537,0.005694849833733,0.00715563073444378,0.00696793718018618,0.00170178784562823,0.0030740094614761,0.00646938109274003,0.00901620041617322,0.00854670597087898,0.00265168396973037,0.00435209548098656,0.00307968574017742,0.00380975687121385,0.0076643891584145,0.00387176927716818,0.00434067005639757,0.00551245251695162,0.00277676796691548,0.00653470438764103
0.00290536331889216,0.000876107779687442,0.00570205550490368,0.00716279334408425,0.0069785038367391,0.00170455425344579,0.00307922943771558,0.00647859170953124,0.00903130176690166,0.00855832549842149,0.00265705456881208,0.0043568894060041,0.00308259645340337,0.00381425526931126,0.00767268412334032,0.00387826107703902,0.0043424099079598,0.00552768715726855,0.00277968519224631,0.00654196912297104
0.0029071099864513,0.000875941972761413,0.00570774512904408,0.00716375515907761,0.00697853707004317,0.00170696493754439,0.00307845049945023,0.0064747878773295,0.00902958774408382,0.00856126646884716,0.00265421141774858,0.00435692962807279,0.00308426986729731,0.00381526641268934,0.00767292455213049,0.0038864145453285,0.00434354188316819,0.00552132290753738,0.00278358197948991,0.00654210759515608
0.00289989516741693,0.000875806062352994,0.00570069870469031,0.00715986554118187,0.00697301802275199,0.00170425092608017,0.00307835521117224,0.00647485473302386,0.00902605436274843,0.00855566543456337,0.00265590996506174,0.00435512957867898,0.00308290906853694,0.00381335042385768,0.00767094823286776,0.00387580712512088,0.00434157626783566,0.00552665104576604,0.0027799398560148,0.00653683241477692
0.0029070827031086,0.000876423193238121,0.00570453895993538,0.00716384004845219,0.00698377287272649,0.00170434713649778,0.00307819913730214,0.00647934052130714,0.009030691002895,0.00856140289469978,0.00265641430415333,0.00435703025827959,0.00308443181659795,0.00381691322846193,0.0076770687065484,0.00387987028642827,0.00434581615777265,0.00552951853002163,0.00278092420513904,0.00654378685049745
0.002905011574382,0.000875730959244847,0.00570388650306853,0.00716287836044903,0.00697752194107238,0.00170586101741079,0.00307822470691288,0.00647969721344447,0.00902833817300972,0.00856680314266174,0.00265687046493268,0.00435630194204339,0.00308475510203077,0.00381810918055674,0.00767066023558221,0.00388185529293934,0.00434652738085956,0.0055212591165077,0.00278241508093037,0.00654480573367684
0.0029060743021415,0.000876629545423685,0.00570789908003616,0.00716802510323867,0.00698257970567264,0.00170601799433297,0.00308058066232225,0.00648157431495684,0.0090375778768455,0.00856553344558694,0.00265823029896023,0.00436243140544348,0.00308432398846423,0.00381690729137387,0.00768077406388993,0.00388000629229947,0.00434713254973076,0.00552723481053015,0.00278270530066489,0.00654467676886774
0.0029089414392848,0.000875745274509803,0.00570544400780224,0.00716532185999466,0.0069807971603247,0.00170688488276956,0.00307745570879797,0.0064790753839773,0.00903071688705623,0.00855954063029401,0.00265500376322368,0.00435998418505888,0.00308482451642156,0.00381697746718356,0.00767701976171225,0.00388552942905384,0.00434624034500977,0.00552037067345351,0.00278122797923185,0.00654334400362684
0.00290406615570337,0.00087628482664499,0.00570609898148767,0.00716800851465812,0.00698375971251275,0.00170593807805367,0.00308292580299648,0.006481260705669,0.00903595989382615,0.00856396580653942,0.00265861469039629,0.00436124517187635,0.00308771490056484,0.00381801945044232,0.00767700135711571,0.00388287082340945,0.00434866407084752,0.00552964876715006,0.00278287654088701,0.00654624499280053
0.00290320632605695,0.000875705093411643,0.00570371132760926,0.00716149893341523,0.00697651372923696,0.00170473217920703,0.00308038746600071,0.00647667002778581,0.0090305575597046,0.00856095582844444,0.00265566211876512,0.00436009679097644,0.00308388808181588,0.00381385530300724,0.00767351866667858,0.00387675419657191,0.0043455510083708,0.00552011904273129,0.0027805123783083,0.00654044709723772
0.00290758947368217,0.000876395025334038,0.00570645814464798,0.00716806056106242,0.00698307649785409,0.00170703750703992,0.00308059406727498,0.0064790927692042,0.0090344832035515,0.00856426287567543,0.00265682469106863,0.00436193627883001,0.00308556407889448,0.00381895724941168,0.00768526812450501,0.00388073405370936,0.00434633749306132,0.00552974455452476,0.00278170567399999,0.00654444688604376
0.00289681244411189,0.000874610348282946,0.00569546720058002,0.00715530543441602,0.00696572322573707,0.0017018901631923,0.00307672912874715,0.0064751296455065,0.00902501375884712,0.00855621432996371,0.00265194394297273,0.00435135404491504,0.00307970555342971,0.00380973048380036,0.00766524154763391,0.00387574924532187,0.00433862769407053,0.00550908703625742,0.00277552730462003,0.00653666240558309
0.00290288696084457,0.000875415005905857,0.00569537500995144,0.00715729936788364,0.00697634563692984,0.0017033828449859,0.00307498769115649,0.0064685791595219,0.00902222622478809,0.00855208223496195,0.00265384146530312,0.00435161881678874,0.00308171368142087,0.00381036484563898,0.00766492885247947,0.00387734536320147,0.00433985743348832,0.00552128770440376,0.00277678751360187,0.00653401898772703
0.00290402977416611,0.000875433138923278,0.00569843320421626,0.00715856996324313,0.00697280274369969,0.00170272908216428,0.00307905006955387,0.00647164645981855,0.00902388846539744,0.00855158534889089,0.00265551475856038,0.00435468263357282,0.00307980347641175,0.00381213560647535,0.00766905870231291,0.00387457732478189,0.00434027901100775,0.0055233744746451,0.00277732875722206,0.00653352571103937
0.00290412363685457,0.000875408109767244,0.00569845003498491,0.00715845976408447,0.00697508916922385,0.00170257582461683,0.00307853111258816,0.00647505076521543,0.0090247867820776,0.00855422679700823,0.00265395580058359,0.00435515506781293,0.00308230127193493,0.00381286511714999,0.00767048456522111,0.00387654514896928,0.00433894381660784,0.00552487054121321,0.00277679263048491,0.00653626358104124
0.00290214755933774,0.000875221567347664,0.00569975661848876,0.00715949217410354,0.00697374914766898,0.00170379522672769,0.00307551293248726,0.0064716784635483,0.00902168153128158,0.00855638291712139,0.0026523447654287,0.00435277380382803,0.00308233352174392,0.00381425852271134,0.00767349218129569,0.00387701859995898,0.00434447070945188,0.00551655613193279,0.00277989859094328,0.00653350457614362
0.00290383282492688,0.000874832790742126,0.00569662699297914,0.00716712976174469,0.00697976778498777,0.00170383348670335,0.00307421821507968,0.00647217026119104,0.0090209470223239,0.00855814015557363,0.00265220112524446,0.00436120165475094,0.00308186203712548,0.00381366135784117,0.0076690570117402,0.00387538712254847,0.00434245900310216,0.0055205005000495,0.00277717261786093,0.00653377010272699
0.00290352730512793,0.00087621339599231,0.00570200957720924,0.007165958473904,0.00697975124310458,0.00170550170735977,0.0030809163605011,0.00647941807813457,0.00903256110051238,0.00856359047893725,0.00265847454928096,0.00435992419626569,0.00308382466781943,0.003817741889767,0.00767541586305122,0.00387853284845168,0.00435008224719355,0.00552746025751495,0.00278031525175985,0.00654206957499096
0.0029025509417007,0.000875541346135027,0.00570260887378228,0.00715584023181563,0.00697594928415539,0.00170433109615132,0.00307890292445345,0.00647421287063208,0.00902852951253803,0.00855759837348403,0.00265632340187435,0.00435500780973022,0.00308225105166673,0.00381450974001117,0.00767160966031765,0.00387667513216036,0.00434268153641144,0.00552699871555631,0.00277981335123021,0.00653640589248808
0.00290439996381644,0.000875358112191863,0.00569967137284433,0.00716075517779029,0.00697623899399657,0.00170324883859497,0.00307760407249892,0.00647546004752481,0.00902509593640469,0.00855839560079013,0.00265409431176159,0.00435501023959914,0.00308169888435956,0.00381412353913348,0.00767026171934747,0.00387835730792935,0.00434256635953523,0.0055224891271813,0.00278139536242331,0.00653792995993136
0.0029057558015133,0.000876502740457225,0.00570641724622067,0.00716608472629881,0.00698187854172586,0.00170460556338398,0.0030816339016857,0.00648430068682017,0.00903704821191541,0.00857160599767104,0.00265678678326241,0.00435840201811308,0.00308549461643249,0.00382019697913641,0.00768341338589837,0.00388265770205206,0.00434570514206024,0.00553228177073724,0.00278084036449248,0.0065442843095405
0.00290651431503767,0.0008764751505271,0.00570524997778471,0.00716726757192143,0.00698180350062758,0.00170611261861164,0.00307855531826936,0.00647939619004675,0.00903722505205496,0.00856295479991609,0.00265712893519998,0.00435571232227302,0.00308710150831918,0.00381894279710021,0.0076772409674243,0.00388047419702026,0.00434577705198477,0.00552731670512133,0.00278358356686822,0.00654828888849068
0.00290279734599658,0.00087589787790662,0.00570276985596922,0.00716331601353903,0.00697816744895495,0.00170395947215275,0.00307696591997643,0.00647696152741747,0.00902633327513394,0.00856050939945649,0.00265376588654917,0.00435617588708612,0.00308989948956198,0.00381519437505941,0.00767407356144823,0.00387934695704261,0.00434367522365441,0.0055190910150814,0.00277929132512675,0.00654250946025402
0.00290688860548937,0.000876551696338327,0.00570634052951056,0.00716781065891306,0.00698573098702212,0.0017055321843478,0.00308079436624802,0.00647706541159379,0.00903951424227937,0.00857575518979921,0.0026594084944843,0.00436386422682119,0.00308781313142976,0.00381556042760509,0.00768095999136736,0.00388201276013546,0.00435235538024318,0.00552526864450988,0.00278402120279027,0.00654164346659286
0.002905416416532,0.000875726939241712,0.00570220797609059,0.00716202694357134,0.00697943784963932,0.00170319107028295,0.00308098962005623,0.00647831225698315,0.00903629901195338,0.00855621851643373,0.00265744182829303,0.00435652380745218,0.00308514917512889,0.00381915411129516,0.00767941890907362,0.00387729075320925,0.00434309236351282,0.00552403853761029,0.00277932430062887,0.00654415116320249
0.00290003365137006,0.000875868408345866,0.00569926274833907,0.00716144445208937,0.00697386009526897,0.0017028877196659,0.00307472314693303,0.00647296117417377,0.00901986950610142,0.00855363864661147,0.00265377214444118,0.00435211881800129,0.00308139619272657,0.0038112331629944,0.00767160672541898,0.00387478421168136,0.00434096346421577,0.00551449004098586,0.00277887991160746,0.00653820136947063
0.00290316350755228,0.000875626730850455,0.00569693394284257,0.00716479966650713,0.00697326537018393,0.00170441056179723,0.0030797098648765,0.00647445679294268,0.00902990035577191,0.00856233022553621,0.00265609899447969,0.00435888326761441,0.00308228543490901,0.00381283399983739,0.00766835894501461,0.00387730735338057,0.00434246592971482,0.00552227003113177,0.0027790613839535,0.00653876183139528
0.00290390978582713,0.000875026706155892,0.00569804544710022,0.0071551130484662,0.00697182103829422,0.00170460603655895,0.0030757528781924,0.0064689373974953,0.00902069154579278,0.00856236447000188,0.0026520720314502,0.00435238600268141,0.00308079634773255,0.00381047246937134,0.00766818993351393,0.00388113526508474,0.00433862299856661,0.00551517149507754,0.00277658354022949,0.00653204307887467
0.00290323712790853,0.000876184468617842,0.00570485350495921,0.00716775322547396,0.00698190775200652,0.00170685616641767,0.00308295432097666,0.00647870979968597,0.00903004684849418,0.00856082132443336,0.00265939113825466,0.00436469181169359,0.00308703469130019,0.00382193049776115,0.00767660604313745,0.00388298454511678,0.00434546383981576,0.0055206055440988,0.0027808327429524,0.00654503061718883
0.00290315176211876,0.000876472618927967,0.00570245684439152,0.00716681804700553,0.00697933991172737,0.00170549238058464,0.003081748580501,0.00648071587115837,0.00903462686288833,0.00856503802607309,0.00265815880518476,0.00435977356889373,0.00308543722731553,0.00381803944625354,0.00767786660182063,0.00388119104980699,0.00434839202685173,0.00552693354038852,0.00278008121730148,0.0065396564471673
0.00290767707407663,0.000875997504849606,0.00570239226559606,0.00716320294019415,0.00698185113447698,0.00170669573704619,0.00308311027303041,0.00647690156827719,0.00902965840869072,0.00856228833401437,0.00265969119668678,0.00435812757657799,0.0030840516339705,0.00381515098938716,0.00767624505716847,0.00388244119833924,0.00434266839232762,0.00552890217208721,0.0027796721018659,0.00654861276206842
0.00290793785904393,0.000876226733206716,0.00570536515259115,0.0071658565602475,0.00698024401468475,0.0017063208302641,0.00307734745042503,0.00647947072454311,0.009032145452376,0.00856472971045167,0.00265606950313923,0.00436457399927816,0.00308417281363762,0.00382079286118069,0.0076850125148766,0.00387844339639549,0.00434707802650287,0.00551815353763835,0.00278279740318486,0.00654912228144093
0.00290332448947091,0.000875968448289091,0.00570213490841121,0.00715868366074423,0.00697624738627776,0.00170542840442166,0.00308248366477334,0.00647441169071768,0.00902492692493932,0.00855925024902214,0.00265635035267437,0.00435401773944471,0.00308354789082872,0.00381439530822682,0.00767062865096685,0.00387787612195881,0.00434162497396482,0.00552586906537602,0.00277826363165502,0.00653705122164641
0.00290268622611085,0.00087598325074141,0.00570018282198877,0.0071643577812811,0.00697608530178574,0.00170370999190311,0.00307830005028278,0.00647599107600871,0.00902824877312383,0.00856253629738975,0.00265527945039442,0.00435626001680655,0.00308272360904609,0.00381550844446279,0.00767488772470774,0.00387672147684685,0.00434387091323347,0.00552418372456054,0.00278057163492679,0.00654155031750459
0.00290240382936326,0.000876306811300585,0.00570535501783967,0.00716592556143169,0.00697880684903438,0.00170604499143635,0.00308144379594886,0.00648026727146762,0.00903694763930037,0.00856104375705038,0.00265940130549795,0.00435757418956941,0.00308398990421248,0.00381614519881485,0.0076764143434008,0.0038792056292506,0.00434672084578606,0.00553171290423094,0.00278074884499421,0.00654129003337278
0.00290487666220287,0.000875503393646492,0.00569989102686341,0.00715812266364614,0.00697484999566445,0.00170271455055665,0.00307768795594156,0.00647588083650043,0.00902290142342762,0.00855442002770247,0.0026546184562911,0.00435530469946768,0.00308082100623948,0.00381244835441244,0.0076683602620402,0.0038756886219021,0.00434202410981885,0.00552458604697562,0.00277827735883927,0.00653526894394756
0.00290111307467123,0.000875746032889059,0.00570091254072292,0.00715988461801649,0.00697686630913713,0.00170360460570872,0.00307697779508723,0.00647325379692485,0.00902625235362664,0.00855640939634944,0.00265294121481906,0.00435508867168939,0.00308212225308027,0.00381351045665156,0.007671167548116,0.00387715894440776,0.00434213522415983,0.00551720816372,0.0027779445974296,0.00653866674535411
0.00290430708333909,0.000875900730079701,0.00570258002264961,0.00716427886741118,0.00697861286798274,0.0017035094260319,0.00307865879490361,0.00648210379962669,0.00903517468307617,0.00856324789246956,0.00265633040305855,0.00435414019381363,0.00308366993720228,0.00381598503787387,0.00767894782921515,0.00388031416529515,0.00434813809296424,0.0055182419054086,0.00278017218750718,0.00654386437473941
0.00290157415742154,0.000875406287553605,0.00570289826332989,0.00716355428741763,0.00697627756676116,0.00170465205622835,0.00307943470833545,0.00647755060259955,0.00903290635579524,0.00855538725382367,0.00265806167757432,0.00435828699803066,0.00308266268019765,0.00381445279278982,0.00766794267239102,0.00388034440661999,0.0043444258878838,0.00552691013668952,0.00277957247368411,0.00653973005943509
0.00290522262969758,0.000876111861408917,0.00569908800660833,0.00716146806012051,0.00698258965609309,0.0017027684185987,0.00307795439985193,0.00651987734524845,0.00902798659503912,0.00856117876216748,0.00265801590801632,0.00435562301056471,0.00308521828846712,0.00381270409958219,0.00767773078742245,0.00387648418398594,0.00434419490751431,0.00552253304028344,0.00278101873139413,0.00654036684510663
0.00290410979428001,0.000875850608520261,0.00570412626951352,0.00716118339141484,0.00697838847531843,0.00170562902891722,0.00307993768827627,0.00647695982637652,0.00902981564077881,0.00856556881464462,0.00265798095718076,0.00435603176702047,0.00308323105695603,0.00381486751729527,0.00767531497752852,0.00387949282705803,0.00434307420604316,0.00551894619098371,0.00278082856747894,0.00654246539706178
0.00290198338007576,0.000875525559479597,0.00569944884591923,0.00716128515112819,0.00697837906500046,0.00170377742071408,0.00307748120574223,0.0064740911737044,0.00902391553015881,0.00855418736517596,0.00265511766302237,0.00435426110089361,0.00308045782152559,0.00381366619233923,0.00766910056787712,0.00387601911735759,0.0043410626687511,0.00552456798475164,0.00277811490927231,0.00653623662791119
0.00290219073769102,0.000875738718133206,0.00570000257092285,0.00715917409263656,0.00697455938352543,0.0017025035771292,0.00307390199363655,0.00647623595104216,0.0090201526110774,0.00855397293972686,0.00265315146470706,0.00435533175947646,0.0030816189940982,0.00381168236748549,0.00766753566949584,0.00387446703173469,0.00434005160285307,0.00551344923230569,0.00277757670070157,0.00653623635589722
0.00290630631476038,0.000875994596176859,0.00570085474228517,0.0071609374376281,0.00697742370221438,0.00170326079487496,0.00307589166658111,0.00647781932276841,0.00904105780134171,0.00855755124737004,0.00265494772032845,0.00436181852497794,0.0030830370284091,0.00381783915970041,0.00767485638624261,0.00387705197775564,0.00434326251788291,0.00551859613515757,0.00278143668372858,0.00653891239468289
0.00290482806860692,0.000875627255918594,0.00570240761936759,0.0071606528180342,0.00697617267140561,0.00170282677378681,0.00307988721182365,0.0064749128101069,0.00903675259348675,0.00855767310144354,0.00265685390134135,0.0043548696895581,0.00308441581665738,0.00382126324123847,0.00767186661450964,0.00388177894117572,0.00434764109119273,0.00552151335432335,0.00278211874577489,0.00654195029325928
0.00290420137281665,0.000876028894205822,0.00570132766826431,0.00716267491972386,0.00697962965940973,0.00170586123963581,0.00308950969694458,0.0064821061513854,0.0090413963868954,0.00856776086438163,0.00265675697865478,0.00435643768086542,0.00308374971595056,0.00381442613691823,0.00767994227957969,0.003880060616362,0.00434375112596984,0.0055204952970887,0.00278014802364155,0.00654047193623986
0.00290435520376143,0.000875808807366011,0.00570274305378019,0.00716246054375368,0.00697826329288685,0.00170677399835319,0.00307683166259409,0.00647639980548902,0.00903471238701509,0.00855859808103197,0.00265417998859767,0.00435556859107733,0.00308659904320968,0.00381423105808959,0.00767985639094697,0.00387733945295094,0.00434178638727468,0.00552326679803945,0.00278009889056072,0.00653826900307025
0.00290294849841768,0.000875236976425924,0.00570546960810706,0.00715848349399287,0.00698310811346347,0.00170587818105576,0.00307613131528967,0.00647278359525359,0.00902746211434817,0.00854925112038126,0.00265518698130242,0.00435569103508339,0.00308721152997081,0.00381339298971406,0.00766912458505865,0.00387540474357198,0.00435116144291252,0.00551622066966582,0.0027797165870482,0.00654651155006518
0.00290289638428728,0.000875644036762335,0.00569572918529292,0.00715533448253284,0.00696944656667135,0.00170247205837866,0.00307565421547551,0.00646720842339825,0.0090152566051569,0.00854892161089807,0.00265768545224769,0.00435223359349406,0.00307984255147626,0.00381230106141625,0.00766395387270375,0.00387470038590524,0.0043391181753005,0.00551347806447578,0.00277645202376042,0.00653547657511929
0.00290105223535951,0.000876256096293791,0.00570225350810352,0.00715934788730711,0.00697511586287507,0.00170706795827367,0.00308233534376978,0.00647375474869067,0.0090243835886371,0.00856321186165329,0.00265496065044027,0.00435586625899422,0.00308518573053756,0.00381579110094332,0.00766937816000851,0.00388086125670036,0.00434224210496936,0.00552466084660286,0.00277929545628046,0.00653815407507978
0.00290172083962038,0.00087583038837757,0.00570122620928479,0.00716353227484358,0.0069775698193878,0.00170323781560137,0.00307551809748971,0.00647311499318628,0.00902439309898065,0.00855726462838897,0.00265282746232531,0.00435440332224387,0.00308233378520103,0.00381359486321786,0.00767247521170244,0.00387742894964758,0.00434185868736925,0.00551767918590524,0.00277931203853515,0.00653764753359733
0.00290439139927519,0.000876471734744562,0.00570762317806989,0.00716565797721906,0.00698295757056252,0.00170555483800328,0.00308069349301736,0.00648128398913324,0.00903470658431648,0.00856700731827294,0.00266004788503668,0.0043589262306015,0.00308732902150212,0.0038170026413508,0.00767799484693206,0.00388228312204758,0.00434687988403603,0.0055303046160364,0.0027807577403814,0.00654193208155381
0.00290474136840344,0.000875732168146462,0.00569871478834829,0.00716072249375148,0.00697324524109308,0.0017033652190599,0.00307577647582207,0.00647358033274543,0.00902086687194196,0.00855710193452906,0.00265147429903982,0.00435409652507838,0.00308567298870204,0.00381808448336514,0.00767050030992731,0.00387805047260952,0.00434650167796125,0.00551385182459844,0.00277795709482609,0.00654006976910016
0.002905572988737,0.000876313769130684,0.00570415751940109,0.00716748905747283,0.00697926636961422,0.00170498311266136,0.00307758371131855,0.0064792117116113,0.0090322379311109,0.00856046428044045,0.00265739389820974,0.00435729808999158,0.00308332273837775,0.00381675563592266,0.00767401628300157,0.0038803277695958,0.00434412437467791,0.00552350456761,0.00278065695260372,0.0065469995008406
0.00290451833071864,0.000876194973796034,0.00570597225205286,0.00716469392393941,0.00698298309312364,0.00170554625453893,0.00308196090974144,0.00647839210515283,0.0090336443532257,0.00856202423218794,0.00265860909783242,0.00435828014183266,0.00308419509699665,0.00381538420609399,0.007673831475802,0.00387917223953898,0.00434620522831785,0.00553026157297112,0.00277969662373104,0.00654125369773425
0.00290391598575728,0.000875443024441014,0.00569841987810121,0.00715970264697297,0.00697587719525474,0.00170321566746166,0.00307422093232539,0.00647318187444508,0.00901926967176806,0.00855548354250551,0.00265531681025211,0.0043534986815212,0.00308538268723244,0.00381096432845545,0.00766785231937739,0.00387530762433106,0.00434126917068306,0.00551545683973377,0.00278305215331429,0.00653423617944347
0.00290179386343694,0.00087514689830711,0.00569483577004006,0.00715319100899587,0.00697120502500374,0.00170215986765816,0.00307548918735855,0.00647652071828673,0.00902274916038423,0.0085741095057246,0.00265413505390132,0.00435654944250627,0.00308342609240471,0.00381405268517666,0.00766666168580081,0.0038768366066481,0.00434241940340376,0.00551627138485694,0.00277804545372968,0.00653540159025027
0.00290738000350764,0.00087590915336145,0.00570390844229001,0.00716420595365868,0.0069809129795597,0.0017047626562304,0.0030763973582176,0.00647702287073442,0.00903083140342721,0.00856922488659445,0.00265562413224174,0.00436044378915593,0.00308479337803228,0.003817724245375,0.00768219732913584,0.00388061511357793,0.00434808529984785,0.00552349701783598,0.00278574184202194,0.00654499620559305
0.00290200170500693,0.000875190121491641,0.0056983736065592,0.00715627597733046,0.00697493785414709,0.00170449424811909,0.00307925042410157,0.00647176689563568,0.00902695597208186,0.00855773876172894,0.00265672359696914,0.00435544256450886,0.00308188033903445,0.00381328683147431,0.00767169774961531,0.003877598923375,0.00434336284639326,0.00552650929304502,0.00277982298628974,0.00653782940255404
0.00290594569192857,0.000875839582494186,0.00569832954480992,0.00715763162004541,0.00697515486493819,0.00170369388488198,0.00307462219781233,0.0064698224358787,0.00903676466292938,0.0085579434915282,0.00266676497008709,0.00435685268526386,0.00308275520688592,0.00381462136775894,0.0076726372347193,0.00387567170067573,0.00434106262606058,0.00551664540781147,0.00278014418920729,0.00653590946104899
0.00290361150380233,0.00087533270743033,0.00569742113934976,0.00716000177542284,0.00697554132704276,0.00170345466355357,0.00307888183032086,0.00647195385176006,0.00902587012104178,0.00855629532425062,0.00265520044646804,0.0043540978372924,0.00308221455790409,0.0038113135876522,0.00766568031938477,0.00387503677622023,0.00434074538418486,0.00552089017467795,0.00277792798225071,0.00653386116722295
0.00290612731780733,0.000876532825440788,0.00570483414747861,0.00716398710807612,0.00698012061772915,0.001704726346862,0.00307950434060896,0.00648487325704121,0.00903795265048687,0.00856027459697651,0.00265536887749367,0.00435868286901122,0.00308624147049118,0.00382111009027532,0.00768544798931309,0.00388310382758516,0.00434553352676048,0.00552696944255652,0.00278356877449585,0.00654414270620297
0.00290161172646192,0.000875618452296346,0.00570073263334801,0.00716197389828369,0.00697672663403813,0.0017030643836695,0.00307519097111225,0.00647515662190536,0.00902378976014846,0.00855547293962637,0.00265758951029207,0.00435456299463723,0.00308278261161351,0.00381319048301701,0.00767022598034839,0.0038773700157282,0.00434079526628294,0.00551836402259999,0.00277795591141137,0.00653797434618538
0.00291006786587302,0.000876754752885018,0.00570808658868057,0.00716825593367243,0.00698316374334469,0.00171989137984835,0.00308307895306586,0.00648676814381684,0.00903532089160181,0.00857193874801444,0.00266476332851532,0.00436447251169989,0.00308815460487918,0.00382142314001088,0.00768037441474415,0.00388197663586368,0.00435020424497681,0.00552953511266684,0.00278407600532979,0.00654885147616523
0.00291010707869427,0.000876229942420955,0.0057044412014232,0.00716495840500683,0.00698591197335646,0.00170500445496682,0.00307934748622847,0.0064773801013261,0.0090361470849543,0.00856545665174737,0.00265714173332269,0.00435966169226647,0.00308473603962827,0.00381785909186498,0.00768138025956142,0.00388096783206506,0.00434526944380409,0.00552725630745902,0.00278297696823208,0.00654239663702162
0.00290266504690308,0.000875894821368846,0.00569987768108013,0.00716274537917878,0.00697590521778023,0.00170373851177632,0.00307642175909044,0.00647319123815098,0.00902565145208075,0.00856084626663577,0.00265308711765424,0.00435602746546648,0.0030824396142262,0.00381361152460476,0.00767090283786989,0.00387708996178955,0.00434239795593378,0.00551807608164406,0.0027782490981408,0.00653911751585582
0.00290399119168243,0.000875537952931182,0.00570075696268692,0.00716024938342378,0.00697733923144876,0.00170315642950993,0.00307537608413344,0.0064725904307724,0.00903174936066253,0.00855593242147901,0.0026563662908815,0.00435595305688672,0.00308424724148971,0.00381344399502376,0.00767817864053168,0.00387528343849612,0.00434211250867686,0.00551692054882372,0.00277743766601959,0.00653879761189052
0.00290539891705737,0.000875882521764031,0.00570456813426667,0.00716690643469083,0.006982933391664,0.00170575670795714,0.00307668053613612,0.00648339924098329,0.00903006666127222,0.00856595341568686,0.00265712884988944,0.00435753468573036,0.00308298063233086,0.00381535908495018,0.00767412859667722,0.00387752483606379,0.00434371636755523,0.00552155700835636,0.00278080829159065,0.00653962780338457
0.00290718816613723,0.000876201687449561,0.0057058064000778,0.00716544401382052,0.0069830315443108,0.00170676766079096,0.00307839312009136,0.0064871753455153,0.009032879105894,0.00857499588339273,0.00265888693821188,0.00436589668708386,0.00308616767360713,0.00381654191024566,0.00768706074426059,0.00387890764747804,0.00434578098119598,0.0055260866845328,0.00278026877936595,0.00654253158054634
0.00290795441981366,0.000876632178179215,0.00570307990119052,0.00716758264916949,0.0069815968068941,0.00170519663719845,0.00307848991707728,0.00647870939018398,0.00904631317842928,0.00857798950614869,0.00265582659653388,0.00436529387582337,0.00308402914496403,0.00381785282734162,0.00767524707272613,0.00388875802963771,0.00434486750374432,0.00552222810735114,0.00278133008779856,0.00655459446800703
0.0029053588683435,0.00087591617012876,0.0056982612360128,0.00716277933281212,0.00697324260642459,0.00170366713785094,0.00307401357498187,0.00647825114184268,0.00902619821444939,0.00855782350430959,0.00265392641592639,0.00435449569853657,0.00308251830164086,0.00381739987839172,0.00767304118418586,0.00387652538169724,0.00434169003291644,0.00551683963709541,0.00277951131540374,0.00653910438491452
0.00290571307685804,0.000876011211532703,0.00570453007733974,0.0071607136421101,0.00698185901918922,0.00170407599427495,0.00307846240532889,0.00647862149253921,0.00902707554430168,0.00856482088733271,0.00265580212406332,0.00435836122552579,0.00308335453250689,0.0038172567657503,0.00767075617653314,0.00387770038093065,0.00434385456440322,0.00552120518468992,0.00277962932156702,0.00653921141541497
0.00290536168677186,0.000876260002090093,0.00570382022315914,0.00716354613491237,0.00697669097231314,0.0017034367262353,0.00307680708721484,0.00647561333286489,0.00902811753534244,0.00857020399275439,0.00265452484353826,0.00435690734428106,0.0030858729116982,0.00381581402462693,0.00767513978876209,0.00388194851497398,0.00434358649717985,0.0055249330822972,0.00277945094632418,0.00654148390666771
0.00290544768849232,0.00087609567809859,0.0057053862080514,0.00716737340776821,0.00698193285288686,0.00170570735066683,0.00307917742371247,0.00647509133357804,0.00903328133082238,0.00856847749913145,0.00265832117882954,0.00435733721364707,0.00308687340143558,0.00381826025841545,0.00767515439070049,0.0038838687339303,0.00434697784122635,0.00552528601212748,0.00278118945208455,0.00654264419644182
0.00290293415392268,0.000875563919053619,0.00570330781863984,0.00716482061906426,0.00698009573946009,0.00170574830368558,0.00308235635283899,0.00647718391910281,0.00903086745967394,0.00856248272540576,0.00265876693736213,0.0043576350479742,0.00308501590081672,0.00381666613454591,0.0076729292448698,0.00388094687877125,0.00434412366697536,0.00552852645477937,0.0027801911814025,0.00654104811919766
0.0029018354427027,0.000875357336454936,0.00570377098870129,0.00716284808901228,0.00697768979672861,0.00170463931540625,0.00308029221688886,0.00647845922984946,0.00903283663640909,0.00855737795154111,0.00265598946260193,0.00435649478709212,0.00308341189484585,0.00381372248778542,0.00767121770251851,0.0038776427557499,0.00434618891401666,0.00552560722910769,0.00278015969048115,0.00654057538239713
0.00290310181196282,0.000876664699629695,0.00570758872963867,0.0071622746018158,0.0069779219853923,0.00170950139613416,0.00307796124110175,0.00647071326913491,0.00902704806215247,0.00855982841653957,0.00265878685107736,0.00436384723326808,0.00308166063546498,0.00382356752172648,0.0076740324800653,0.00387400584462147,0.00434928764506837,0.00551719319831983,0.00278297331503095,0.00654476946672432
0.00290133531340076,0.000875432074773129,0.00570025322619686,0.00715948653779167,0.00697635956926735,0.00170345282533881,0.00307566485280929,0.00647285066287172,0.00902311633160053,0.00855688528849931,0.00265389535982489,0.00435585978827744,0.00308144994803681,0.00381310225287672,0.00767001058472271,0.00387600557108006,0.00434187853626327,0.00551921586685915,0.00277789597324295,0.0065388759048447
0.00290418823891381,0.000876374184655825,0.00570709771646504,0.0071671040905697,0.00698202915330326,0.00170682215129279,0.00308186768770554,0.00647916087038063,0.00903820850332605,0.00856533291642598,0.00265904843551537,0.00436046798941308,0.00308631168397998,0.0038173017261166,0.00767445695601336,0.00388076251048616,0.00434471269093362,0.0055304140947621,0.00278230512153361,0.00654170818525093
0.00290433731662682,0.000876235663893907,0.00570161136526549,0.00716123452396617,0.0069772585404672,0.0017042503329277,0.00308029933878381,0.00647977684586306,0.00903444147056231,0.00856287960154144,0.00265846089972055,0.00435879838994915,0.00309616678854554,0.00382106805892468,0.00767748323487775,0.00388302538560459,0.00434527090553751,0.00552183980788312,0.0027802716628383,0.0065416399098437
0.00290208978483824,0.000875668235203465,0.0057007228772992,0.00715880608947255,0.00697683100601875,0.00170349013006575,0.00307736270913992,0.00647451132216632,0.00902374424411135,0.00855603554182541,0.00265531912960792,0.00435594495575337,0.0030821175152321,0.00381317985344968,0.00767208986582766,0.00387711961084968,0.00434965015516089,0.00552300432263094,0.00277824948277846,0.00653722620639358
0.0029005302724056,0.000875425551911245,0.0056972017160382,0.00715569930601248,0.00697202309468273,0.00170435982238806,0.00307844485378313,0.00647458955840831,0.00902516881234969,0.0085495126124097,0.00265708781355318,0.00435310790650335,0.0030814915902966,0.0038124487476926,0.00766955018408922,0.00387904787721309,0.0043409332014958,0.00551831692453758,0.00277690497839441,0.00654110437741111
0.00290640899230961,0.000876368163533845,0.00570487971162062,0.00716440521773548,0.00697891071659163,0.0017041209805624,0.00308093650036493,0.00648411469066873,0.00902718125763869,0.00856343379323207,0.00265468186463699,0.00436343402308317,0.00308831317468546,0.00381533623492419,0.00767995917403134,0.00387940355833943,0.00434196709471017,0.00551959345182309,0.0027806285508769,0.00654781280277948
0.00290163906781315,0.000876435008558102,0.00570578986289161,0.0071661505415609,0.00698111980191934,0.00170572646157701,0.00308118705840474,0.00647945444067022,0.00903212240370696,0.0085632939660325,0.00265779309106771,0.00436032892238572,0.00308514749201212,0.00381726133402569,0.00767547773549773,0.00387918151960915,0.00434602707862016,0.0055282426813588,0.00278161258292747,0.00654327247125976
0.0029051467395365,0.000875801604088189,0.00570269183033078,0.00716793951666581,0.00697860757820067,0.00170528300323376,0.00307971261384538,0.00647480750306703,0.00902936412864477,0.00856803108581862,0.00265668650711721,0.00435922991189229,0.00308508200815276,0.00381701186168197,0.00767431741070496,0.00388106286882856,0.00434798646887283,0.00552194429893566,0.00278005158388939,0.00653887000007014
0.00290462112776821,0.000875926912302814,0.00570311336217222,0.00716119931648253,0.00697696713283959,0.00171122017667461,0.00309031794115387,0.00647760017498804,0.00903723277242258,0.00856082631281168,0.00265507487475797,0.00435586812364989,0.00308473178655159,0.00381857392487106,0.00767254566182346,0.00388387649230755,0.00434452528676251,0.00551721218772367,0.00279132837860539,0.00654235914724763
0.00290407990373511,0.000875173932719389,0.00569776525945102,0.00715863908944532,0.00697336285432788,0.00170322737683126,0.00307957152441749,0.00647467245754856,0.00902399682603003,0.00855158285926535,0.00265282509788069,0.00435336737008599,0.00308037266891749,0.00381412867913806,0.00767015421321172,0.00387566708845961,0.00434280920469429,0.0055151245560256,0.00278084965181772,0.00653576443496674
0.00290243930605348,0.00087542904899325,0.005695906272943,0.00716023912776174,0.00697596111446246,0.00170300234284341,0.00307585386806062,0.00647453888280411,0.00902405098889391,0.0085486474431965,0.002655164644883,0.00435330269653314,0.0030817071773836,0.00381529189787687,0.00766895820883549,0.00387923178260692,0.00434526824863008,0.00552038541327603,0.00277999341328707,0.00653870870764499
0.00290770707077301,0.000875856613044558,0.00570447746285866,0.00716709970794185,0.00698315545195044,0.00170550681182947,0.00307663943172767,0.00647916287176624,0.00904011252582235,0.00856364655891934,0.00265453821210056,0.00436243866100149,0.00308499476298479,0.00382143978460713,0.0076854777110521,0.0038826976547138,0.00434336002330003,0.00552738744433183,0.00278210202066258,0.00654961401946876
0.00290035556310691,0.000875884274752424,0.00570203996897102,0.00716346111773224,0.00697255657305131,0.00170391012307553,0.00307809746166036,0.00647689318581084,0.00902672642625894,0.00855988788970338,0.00265529687724556,0.00435586516452278,0.00308181233738401,0.00381360084202694,0.00767048337673366,0.00387673404446201,0.00434026487517777,0.00552520266328147,0.00277968204812165,0.00653787530274632
0.00290541340251719,0.000876471529967779,0.00570595752003404,0.00716486141691873,0.00698196261406505,0.00170564052412157,0.00308050100124653,0.00647551235765295,0.00903297174326313,0.00856093851905608,0.00265533542957162,0.00435892166338186,0.00308594256231859,0.00381837273350427,0.00767480146637525,0.00388069694442662,0.00434759315820564,0.00552373452743201,0.00278164457482857,0.00654267436552611
0.00290517190523033,0.000876153540804127,0.00570143704727062,0.00716648375057123,0.00697830478090969,0.00170508008791716,0.00308265308583613,0.00647677157696798,0.00903692407600208,0.0085673038221268,0.00265661860383677,0.00435836368825153,0.0030850450756074,0.00381593947772503,0.00767447363749981,0.00388140120878334,0.00434513973080111,0.00552365934317435,0.00278233920285712,0.00654313492562098
0.00290225965051013,0.000875492886560336,0.00569764762469465,0.00715496108771437,0.00697062161379533,0.00170185763529479,0.00307323839498338,0.00646942685096946,0.0090302785054819,0.00854921520097356,0.00266505537431216,0.00435709994482103,0.00308259932413301,0.00381174828863392,0.00767422763043841,0.00387982961362867,0.00434614921593166,0.00551875257447468,0.0027768174191946,0.00653163106791131
0.00290621802159609,0.000875621679462793,0.00570156736021103,0.00716144314190654,0.00697777938922163,0.00170266733139336,0.00307982781852329,0.00647153730525984,0.0090212571989909,0.00856732083841156,0.00265398846950538,0.00435395036656153,0.0030834293612322,0.00381131340356302,0.00766965436154535,0.00387511289070134,0.00434849078473175,0.00551961433456815,0.00277663752985897,0.00653811249304301
0.00290078125479752,0.000875886219150173,0.0056981008502714,0.00715959398023091,0.00697024869664762,0.00170390160739031,0.003077156065419,0.00647202623679735,0.00902212207631877,0.00855416215683807,0.00265647736782368,0.00435696471286025,0.00308252165110859,0.00381111548528342,0.00766718851134822,0.0038775388473699,0.00434855436182243,0.0055224276803467,0.00277990166598341,0.00653650096411271
0.0029091327035777,0.000876602737765999,0.00570314344112781,0.00716332041424087,0.00697525471333727,0.00170467826921302,0.00307839568235585,0.00647907683770615,0.00902934387268292,0.00856061594091879,0.00266132248950103,0.00435874269901427,0.0030834890246278,0.00381465079911208,0.00768776896299844,0.00387953821258941,0.00434574127430772,0.00552032909819012,0.00278141604197357,0.00655394260146442
0.00290311600663302,0.000875567125643111,0.00569794028016538,0.00715637608059166,0.00697294453982184,0.0017042272533353,0.00307597035883509,0.00647503031263922,0.00901798010539653,0.00855773012212569,0.00265322223140899,0.00435312190281029,0.00308290016106543,0.00381407948682922,0.00767841438643306,0.00387767229797987,0.00434758135036188,0.00551977099962027,0.0027770289464427,0.00654162535569199
0.00290514738725083,0.000877089325502207,0.00570391591040428,0.00715801065956027,0.0069777367295693,0.00170608101783569,0.00307631484267471,0.00648612009271682,0.00902484304183253,0.00856065601867441,0.00265518404086068,0.00436181248429111,0.0030830085027854,0.00381950886890783,0.00767291836534962,0.00388182179930258,0.00434476194287465,0.00551902190486701,0.00277921089973605,0.00653991584465213
0.00290797248227853,0.000875936331747422,0.00570761967890126,0.00716418184641561,0.00698279616235967,0.00170457183140825,0.00308719566437907,0.00648002169773101,0.00903803087889206,0.00856070133270449,0.00265796689472969,0.00435728088252275,0.00308434242166804,0.00381516585464337,0.00768466412952056,0.00387898093411848,0.00434414239386497,0.00552585219366344,0.00278147274899428,0.00654009423206956
0.0029071585073299,0.00087596542625468,0.00570291971802316,0.00716499575023157,0.00697897349554186,0.00170570181693757,0.00308818207390638,0.00648230600027783,0.00903754713132381,0.00856992637221622,0.00265745827941525,0.00437494281658116,0.00309448311067187,0.00383256317135865,0.00767764536302615,0.00389195278441836,0.0043448806381918,0.00552517569914865,0.00279242221865954,0.0065430871396285
0.00290570530789634,0.000876220542518309,0.00570683488000709,0.00716336079138996,0.00697889370669372,0.00170665133425964,0.00307879676113246,0.00648024570661473,0.00903098138282682,0.00856701824761796,0.00265654029872454,0.00435864220387171,0.0030837157034529,0.00382140950064758,0.00767276112652136,0.00387862169150942,0.0043521416679003,0.00552115145336966,0.00278332776851463,0.00654222400463486
0.00290279302418777,0.000875478141937958,0.0057000118009595,0.0071615756504405,0.00697487726007667,0.00170419973881624,0.00307795164743914,0.00647399708695315,0.00902337474657401,0.00855890684865266,0.00265477187868526,0.00435526048415245,0.0030832238083023,0.00381620833264409,0.00767377789773204,0.0038757774999517,0.00434218299363922,0.0055225738252857,0.00277713260441492,0.00653912993917836
0.00290107835024484,0.000875429109887921,0.00569941275849006,0.00715908829800805,0.00697278345803596,0.00170347347161263,0.00307455147016672,0.00647367187564153,0.00902273106371348,0.00855569697339654,0.00265251205980553,0.00435418248483298,0.00308143538217383,0.00381278544767868,0.0076694371938901,0.00387492540745531,0.00434080587131246,0.00551768983659181,0.00277837029417249,0.00653810016067173
0.0029024621199315,0.000875680558780302,0.0057006474760072,0.00715922256604206,0.00697686324217336,0.00170564835596081,0.00307956398162008,0.00647518525639757,0.00902564021156215,0.00855922156246086,0.00265729746701263,0.00435687902643486,0.00308211350624319,0.00381471421368487,0.00767245647499371,0.00387799359591332,0.00434168755103325,0.00552577739607011,0.00277874804791518,0.00653774167378183
0.00290597672120469,0.00087610559583064,0.00569746417038273,0.0071607714306801,0.00698019239974687,0.00171121332268406,0.00308840626182667,0.00647821404479048,0.0090342311200762,0.00856041070177484,0.00265658810794851,0.00435652767723343,0.00309431864754529,0.00381785912863704,0.00767692979344239,0.00387690544631159,0.00434416686764823,0.00551462491694602,0.00279195244463169,0.00654073809486289
0.00292428948764219,0.000880992179949753,0.00573510437631978,0.00716727853240055,0.00698121201399213,0.00171554727080866,0.00309367187600789,0.00648563907409033,0.0090856916835535,0.00860686962450472,0.00265712675277642,0.00435958343108692,0.00308358397490047,0.00381730843707434,0.00767607759958579,0.00388020903606118,0.00434983301773787,0.00555141208107353,0.00280400238435705,0.00654244414277703
0.00290667036251868,0.000875882089679742,0.00570601934971598,0.00716662460298096,0.00698240935933464,0.00171328332507614,0.00307843548043175,0.00648581171157367,0.0090335931910191,0.00857065310757944,0.00265578089353156,0.00435835154990812,0.00308601028264506,0.00382229390196134,0.00768051013742992,0.0038792097169611,0.00435059402936634,0.00552525762183919,0.00278183183152707,0.0065426787681162
0.00290398285992153,0.000875697807718972,0.0056973986816836,0.00715651779809645,0.00697702225321144,0.00170206114023085,0.00307396445268726,0.0064861975307571,0.0090284746376142,0.00855922785155508,0.00265440704252423,0.00435261212399357,0.00308358146793331,0.00381958066490327,0.00767163782391366,0.003875200071396,0.00434367108466067,0.00551652197955992,0.0027832612050138,0.00653429977475113
0.00290649342092089,0.000876152494971972,0.00570456230988976,0.00716460837398609,0.0069799590401024,0.00170534526571512,0.00307764594898114,0.00647850293496479,0.00903283777495815,0.00856437042165669,0.00266567254435672,0.00436205775517036,0.00308683631633556,0.00381995536216445,0.00767620097546048,0.00388325576546863,0.00434631462834692,0.00552659705844424,0.00278066320732565,0.00654198675930863
0.00290586333761292,0.000875773720266118,0.00570128821803433,0.0071615435383011,0.00697551895022163,0.0017060767142745,0.00307763860795695,0.00647631723564498,0.00902833626264876,0.00855938966628729,0.00265491662385117,0.00435588610429019,0.00308240511958989,0.00381595179297053,0.00767420069323905,0.00387835399902536,0.00434444089882013,0.00552068539674765,0.00277959899052094,0.00654331225250775
0.00290155740328209,0.000875961307283271,0.00570211889955434,0.00716166707700841,0.00697691947391861,0.00170472185737165,0.00307550361630671,0.00647509515647938,0.00902402959254974,0.00855734616505614,0.00265402486137462,0.00435846889810731,0.0030835175517729,0.00381421296260335,0.00766911057174106,0.0038770583936475,0.00434255861911554,0.00551852508807508,0.00277800887283499,0.00653845249330641
0.00290560989006396,0.000876059269072302,0.00570394812601032,0.00716743658910054,0.00697837884171528,0.00170561055732375,0.00307699877219982,0.00647994761995716,0.00903491756469793,0.00855801064246539,0.0026545718284737,0.00435758987426912,0.00308485635440174,0.00381428329420276,0.0076719418704385,0.0038802325983557,0.00434800949136132,0.005526313097333,0.00277845845036178,0.00653862426626947
0.0029059270806289,0.00087595346617752,0.00570489509704497,0.00716631597889604,0.00697985862737499,0.00171098169511716,0.00308068807374922,0.00647671515611451,0.00902673215411047,0.00856198657116824,0.00265516770259462,0.00437437055530177,0.00309501471568429,0.00381842720865814,0.00767160800393127,0.00389413913658694,0.00435067511431526,0.00551957930187856,0.00277964692747527,0.00654719292438353
0.00290591707002199,0.000876097850891347,0.00570244589050896,0.00716567559715137,0.00697975213354285,0.00170678932317401,0.00307909043842702,0.00647633115848794,0.00904023976042612,0.0085622424615236,0.00265685437758392,0.00435952306000474,0.00308361894111267,0.00381699281474674,0.00768310728345075,0.00387978980065972,0.00435006030467541,0.00552047214540447,0.00278322184184022,0.00654198466526386
0.00290282759764917,0.000875913509247941,0.00570588373647656,0.00716632513889488,0.00701641663144558,0.00171468614778883,0.00308091840567933,0.0064808075018447,0.00908154608619782,0.00860801353423016,0.00265767853658414,0.00435805452567348,0.00308503655871783,0.00383529017692654,0.00771777781357189,0.00387917740717759,0.00437031956140219,0.00552679395962216,0.00278056430942849,0.00657640203586019
0.00290807187146249,0.000876198645221394,0.00570380497936613,0.0071648646735435,0.00697965328736976,0.00170681689519139,0.00307714546147084,0.00647885090879244,0.00902600896254619,0.00856115505523507,0.00265941483873605,0.00435920410344693,0.0030833444286655,0.00381653019370615,0.00767464922654936,0.00388485066832805,0.00434370057643578,0.00551918057903104,0.00278035948211095,0.00654182735851712
0.00290125772766299,0.000875633504206397,0.00569577111532826,0.00715582931279205,0.00697069147433817,0.00171113792199339,0.0030764393870667,0.00647909188101479,0.00903924110357758,0.00855584276999329,0.00266640656030213,0.00435702444885002,0.00307827762459443,0.00381558366102501,0.00767093704704982,0.00387557856730381,0.00433789704358449,0.00551385274490651,0.0027802849409359,0.00653057393189688
0.0029069463075806,0.00087654521741873,0.00570564905936985,0.00716906043535748,0.00698322056585087,0.00170439402615105,0.00307737818033247,0.00648666685825749,0.00904349007713896,0.00856626379155988,0.00265605278123049,0.00436263194951519,0.00308450524971008,0.00382176078574459,0.00767891951996829,0.00387975341550378,0.00434573848182334,0.00552552617482189,0.00278364733201691,0.00655024539817245
0.00290388426747685,0.000875202313946977,0.00569539962436839,0.0071609765936194,0.00697520270589736,0.00170311811651825,0.00307632754474228,0.00647569730437788,0.00903453274752928,0.0085609564968634,0.00265648103247222,0.00435680850372533,0.00308349913210802,0.00381619278516754,0.00767373567104952,0.0038767441063265,0.00434461769982506,0.0055193518981188,0.00277888467531067,0.006541373195575
0.00290233984456084,0.000876185938298732,0.00570340158781784,0.00716211287392164,0.00698100387412741,0.00170532433015024,0.00308039149801213,0.00647970512974911,0.00902640279492266,0.00856304128531268,0.00265635262133628,0.00435989245832287,0.00308401213886019,0.00381573063989764,0.00767462198190355,0.00387722177063219,0.00434607483301656,0.00552887790490086,0.00278065876340198,0.00654342504191195
0.00290393180698578,0.000875972142891389,0.00570694209095657,0.00716922006201761,0.00698327922121194,0.00170555474942072,0.00308116680354206,0.00648113881973037,0.00903578403856428,0.00856359600944729,0.0026583332325204,0.00435949284827471,0.00308457536019357,0.00381803193516375,0.00767696498658605,0.00388020389590547,0.00434667255825141,0.00553015127973041,0.00278179173479823,0.00654284900842839
0.00290278813494062,0.0008757033718108,0.00570295086928567,0.00716400745867832,0.00697184754622806,0.00170434660476289,0.00308085278433315,0.00647830145027265,0.00902714994633827,0.00856086313836503,0.00265646537699692,0.00435551932547528,0.00308222121295858,0.00381330526259931,0.00767076144064552,0.00387764562748662,0.00434167014905753,0.0055211013314648,0.00277792309578594,0.00654032634643933
0.00290693785602128,0.000875895264812725,0.00570688836894137,0.00716637677780809,0.00697906066586475,0.00170419052826349,0.0030791239500771,0.00648311722774084,0.00903310674742686,0.00856129361150396,0.0026559965787276,0.00436346267608964,0.00308389519705579,0.00381777746483403,0.00768667589646364,0.00387988974811627,0.00435527674089559,0.005525141191555,0.00278007262557078,0.00654475439790353
0.00290284768537691,0.00087562073451782,0.00569945110023041,0.00716430710375709,0.00697438206495483,0.00170464622780104,0.0030832075932943,0.00648086768564936,0.0090305288126543,0.00855956995743414,0.0026575696959123,0.00435787590673465,0.00308052705546588,0.00381522039909382,0.00767798500927171,0.00387837940846137,0.0043495084449685,0.00552833461894021,0.00278347507104212,0.00653469927431285
0.00290451419329116,0.000875897287482505,0.00570304947855015,0.0071645231075423,0.00698391148629589,0.00170671553852928,0.00307991037063236,0.00648122868925196,0.00903490987699804,0.00856600617361121,0.00265830387788716,0.00436071430981801,0.00308454945212074,0.00381705602320836,0.00767701856670253,0.00388103134800625,0.00434608417117486,0.0055301740976344,0.00278135276343389,0.00654327395819697
0.00290375437101776,0.000876075350580007,0.00570468682387101,0.00716340854882838,0.00697677182146125,0.00171184733518445,0.00307919956952835,0.00647507825602227,0.00903989085235804,0.00856043555313111,0.00265660646845074,0.00435937570391197,0.00309710746124255,0.00381712013859396,0.0076758945018272,0.00387706938565358,0.00434586096129753,0.00551827816523293,0.00279203589482483,0.00654159261309479
0.00290242576434426,0.00087606172803003,0.00570446092132689,0.00715898121654318,0.00697580335815301,0.00170448875741864,0.003077769635713,0.00647493671709871,0.00902950813370223,0.00856311655316607,0.00265406106040959,0.00435601078434374,0.00308434095506992,0.00381679266112315,0.00767429708208243,0.00387704937898034,0.00434432942569452,0.00551864549398439,0.00277895233324166,0.0065392987706089
0.00290367683710226,0.000876320665839695,0.00570592381942527,0.00716626415182434,0.00698165586569852,0.001706894560959,0.00308240223630763,0.00647916085625216,0.00903485595693741,0.00856196957027864,0.00265991048434391,0.00436426865554636,0.00308366754163038,0.00381556376746682,0.00767730826309884,0.00388148600226309,0.00434548385723841,0.00552859651375867,0.00278300413981592,0.00654232300487614
0.00290412252240376,0.000875614953310705,0.00569941640263458,0.00715955549977509,0.00698271663771521,0.0017070223758617,0.00307948037176523,0.00647807576547587,0.00902731071392371,0.00855952203520497,0.00265527363406874,0.00436008160603091,0.00308664982415393,0.00381703226371343,0.00767480159448431,0.00388459499253901,0.0043423531452563,0.00552050061934117,0.00277869635960421,0.0065419943147574
0.00290615221292739,0.000875955180740325,0.00570306688765342,0.00716292659453124,0.00698412332327644,0.00170351828362839,0.00307984233500178,0.00648198766162106,0.00904514034830261,0.008561443413416,0.00265752508200628,0.00436171817832208,0.00308568453755013,0.00382168523271379,0.00768231269230247,0.00388085840000627,0.00434615894337096,0.00552157520477971,0.00277965622880048,0.00654260580926933
0.0029063266827613,0.000875446337005212,0.00569793312079022,0.00715711145533407,0.0069741444853292,0.00170243712886827,0.00307906454098132,0.00648218770678158,0.0090218120789347,0.00856679979148576,0.00265933853897424,0.0043559578314833,0.00308269719305644,0.0038217922550492,0.00767046110470222,0.00387790842320262,0.00434989090420827,0.00551495475323726,0.00277987833358499,0.00653660845559896
0.00289964915707728,0.000875275753433404,0.00569925302168337,0.00716624200817257,0.00697166826613706,0.00170465565843614,0.00307967999514524,0.00647043762200914,0.00902540892138183,0.00856150494986093,0.0026541459602778,0.00435244977424722,0.00308004527886569,0.00381111215584869,0.00766920207997713,0.00387709215854666,0.00434265598386932,0.0055193822491441,0.00277854660684304,0.00653587295331904
0.00290325161833334,0.000876031499973376,0.00570543570244289,0.00716489337467209,0.00697965375865916,0.00170419298119667,0.00307647088180128,0.00647563389829127,0.0090268718410906,0.00856538668759441,0.00265448095873592,0.00435627620743563,0.00308212192625699,0.00381632779821936,0.0076763035844067,0.00387889526141621,0.00434366220860875,0.0055195894807073,0.00277905583527957,0.00654299373596341
0.00290388858241904,0.000875423484238822,0.00570210989872528,0.00716104753555484,0.00697657991370196,0.0017047200536885,0.00307811846086699,0.00647439477960971,0.00902754885947966,0.00855960895295657,0.00265334955907083,0.00435766742317162,0.00308430207909217,0.00381830910186212,0.00766945776687395,0.00387947160227528,0.00434610490540871,0.00551686875542187,0.00278045586428661,0.00653872860396943
0.00290375860860451,0.000874930273803629,0.00569539042058117,0.0071546234863939,0.00696993414571109,0.00170524799543767,0.00307383667274545,0.00646999371067248,0.00903358617687816,0.00855610579678214,0.0026532807738226,0.00435303640794094,0.00308008234955436,0.0038113524577188,0.00767695979523346,0.00387844846793683,0.00434376017052022,0.00551201808154971,0.00277922307969396,0.00653626834573149
0.00290911852403373,0.000876129978499078,0.00570214562115806,0.00716378502621899,0.00697845294342895,0.00170742566833243,0.00307784893245423,0.00647872875114795,0.00903321889706868,0.00856488030362296,0.00265485109774499,0.00436488951325792,0.00308567110165599,0.00381770825784262,0.00767952626200773,0.00387905681934494,0.00434494827529342,0.00552000898463924,0.00278059132666471,0.00654133340043083
0.00290727549402955,0.000876640999891495,0.00570689854248669,0.00716892110497733,0.00698403197481194,0.001704966228322,0.00308048017980814,0.00648667197640063,0.00903720971525309,0.0085633936187086,0.00265852923300058,0.00436250786950618,0.0030862993107453,0.00381907135789746,0.00768530336296721,0.00387973838805485,0.00434659739612134,0.00552600669716657,0.00278102330382576,0.00655066289521148
0.00290259299735113,0.000874793000124878,0.0056954873722509,0.00715513480659605,0.0069681324406478,0.00170186900777008,0.00307304517754676,0.00647050579906689,0.00901621571190707,0.00855233863324907,0.00265200586775409,0.00435177325101617,0.0030805340720236,0.00381124454471408,0.00766496203356343,0.00387350523470625,0.00433909744464087,0.00551052360053899,0.00277693253400228,0.00653442939842937
0.00290337779243655,0.000875814160903562,0.00570318718512276,0.00716786984337261,0.00697867816396438,0.00170502991108011,0.00307861959961507,0.00648088100324207,0.0090350923403854,0.0085629685597124,0.00265933850843455,0.00435671234364204,0.00308396209422386,0.00382001431554457,0.00767636549671818,0.00388013122091559,0.00434336666930188,0.00552351344015806,0.00277952176900157,0.00654189148441643
0.00290495738119349,0.000876494099319409,0.00570598326814996,0.00716738031701218,0.00698251112589629,0.00170535738549571,0.00308058983923415,0.00647923508561976,0.0090372527299822,0.00856786243703552,0.00265942001124541,0.00435929762138034,0.00308492901248634,0.00381733526717851,0.00767628714501985,0.00387974346118465,0.00434686192181172,0.00553058458053379,0.00278165728695943,0.00654314683564183
0.00290794129556691,0.0008767533414811,0.00570288077008715,0.00716680242220437,0.00698332651559355,0.00170514161943178,0.0030780110259831,0.00647942046794466,0.00904047893747218,0.0085607871343103,0.00265468070070402,0.00435981040561171,0.00308482617028591,0.0038169032225396,0.00767901541273014,0.00387888945326811,0.0043457733902264,0.00552460897931864,0.00278114543288111,0.00654445718483201
0.00290766091892716,0.000875994550393628,0.00570501481921858,0.00716573683082177,0.00698054712100712,0.00170498878859173,0.0030808609479806,0.00648107089727637,0.00903222399114606,0.00856234160811204,0.00265820230445441,0.00435793725062101,0.00308330155367095,0.00381572456427652,0.00767459637982588,0.00387895636334797,0.00434573906126428,0.00552870288313382,0.002780120492193,0.00654193093069539
0.00290410652724473,0.000876301412845408,0.00570489424302034,0.00716548732282958,0.00697887607907607,0.00170536167049138,0.00308284365181146,0.00647714307203285,0.00903622655812747,0.00856740004608045,0.00265783487451035,0.00435911911883333,0.00308567219068879,0.00381657101806596,0.00767878785321806,0.00388071793000955,0.00434813273908116,0.00552381033366117,0.00278219091071642,0.00654583932388918
0.00290214374284794,0.000875785120530836,0.00570334522734608,0.00716303447418585,0.00697923986116321,0.00170417047419235,0.00307798671224769,0.00647545855648329,0.00902576321156406,0.00855801841686669,0.0026549947136345,0.00435830636404764,0.00308268333276591,0.00381514199381769,0.00767559498707229,0.00387764509510224,0.00434232277011272,0.00551683675478035,0.00277825945962419,0.00654037291928534
0.00290424824683478,0.00087637848142147,0.00570560687962469,0.00716722031079416,0.00698197704475174,0.00170601066549422,0.00308127685973364,0.00647934178722397,0.009032837551522,0.00856336783140795,0.00265815757615108,0.00435925711643968,0.00308473052088353,0.00381571679358511,0.00768001479722943,0.00387995638216372,0.00435167872858171,0.00552930169818051,0.00278147250351747,0.00654113173997469
0.00290458443332004,0.000875592792365388,0.00570289491329792,0.00716156666867422,0.0069849300746503,0.00171305913375636,0.0030754539362443,0.00648007983849284,0.00903326710853225,0.00856380115553996,0.0026545282636872,0.00435351927453985,0.00308654625309376,0.00381325227939626,0.0076804941303101,0.00388131783130569,0.00434477929791157,0.00552118681796329,0.00277931909765909,0.0065405587811521
0.00290663267268033,0.000875911950617644,0.00570524945370473,0.0071609583549413,0.00698222054932691,0.00170543656646127,0.00307844245592577,0.00648640183231701,0.00902933407434336,0.00856291030524513,0.00265506305774545,0.00435686282846046,0.00308457907409534,0.00381830701742906,0.00768624643517436,0.00388292746999025,0.00434518396872683,0.00551821457310004,0.00277854916382156,0.00654183270365731
0.00290472499912,0.000875948839246414,0.00570275929114257,0.00716199834775741,0.00697858583752451,0.00170427830555077,0.003077701609375,0.00647732682602807,0.00903567293332403,0.00856263773942039,0.00265698429068269,0.00436241009178196,0.00308474168257873,0.00381562487035605,0.0076739337155501,0.0038839353637143,0.00434853783416975,0.00551726446731984,0.0027800370301078,0.00654490147338658
0.00290353608484338,0.000875740591292728,0.00570637729891792,0.00715762173815684,0.00697707491314995,0.00170236465233788,0.00308039856026839,0.00647650412126537,0.00902555111598404,0.00855755885389595,0.00265386765967993,0.00435737827857955,0.0030857190584715,0.00381329087794895,0.00767282628159367,0.00388216198655459,0.00434680447340668,0.00552024035811102,0.00277891610686182,0.00654505795653611
0.00290043105350678,0.000876209604700734,0.0056993651718784,0.0071645526900868,0.00697947095627324,0.00170488384378568,0.00307973684359736,0.00647943309599088,0.00902395784733934,0.00856082933903477,0.00265830737616124,0.00435717311112048,0.00308466040448512,0.00381267050968231,0.00767413346039151,0.00388024552097126,0.00434643583178112,0.00552760745160222,0.00278010929830096,0.00653729653354112
0.00290459591123183,0.000876035640380346,0.00570457909790715,0.00716519490312273,0.00698036103940249,0.00170518158679457,0.00307748105319144,0.00648117940015045,0.00903864523677705,0.00856039152313265,0.00266641721811875,0.00435777525152926,0.00308270122987635,0.00381635499204591,0.0076810608920399,0.00388018086947681,0.00434668280374098,0.00552095122766572,0.00278060200519805,0.00654432031808636
0.00290149244159064,0.000875679134064642,0.00570290294522242,0.00716301779626173,0.0069770558836222,0.00170383062299102,0.00307648353312516,0.00647829961686623,0.00902697668159158,0.00855940234871696,0.00265286031808176,0.00435542264086992,0.00308351558068551,0.00381433481777225,0.00766995412772937,0.00387844581868737,0.00434376942377868,0.00551909167166305,0.00277954371584852,0.00653896925247697
0.00289886888099564,0.000874454778086519,0.00569548353072444,0.00715014865998801,0.00696870331006998,0.00170186000958914,0.00307323915651206,0.00646589685109348,0.0090136317192408,0.0085437476051537,0.00264966890640465,0.00434738133947799,0.003077696861959,0.0038084592632908,0.0076628782983855,0.00387216939891265,0.00433668034220224,0.00551093560501985,0.00277454668483164,0.00653356548165001
0.00290468587717124,0.000875612454202643,0.00570352158747544,0.00716669495099096,0.00697298320349399,0.00170460595646898,0.00308094783776993,0.00647708905157533,0.0090331346381647,0.0085695146018909,0.00265622697047055,0.00436032565594983,0.00308418548901843,0.00381486379314905,0.00767311207628518,0.00388128958716122,0.0043432265687546,0.00552537506024359,0.0027800587530275,0.00654200940139246
0.00290446055022081,0.000875974621493698,0.00570493603513468,0.00716328402153301,0.006978812703395,0.00170483608243727,0.0030812925184338,0.00647593692886282,0.00903283581455807,0.00855911899391254,0.00265774321088287,0.00435815844608811,0.00308411144001493,0.00381496083923224,0.00767257962136849,0.00387996984319484,0.00434468316611168,0.00553035392053581,0.00277918376811552,0.00654168146116859
0.00290849322908782,0.000875974888203332,0.00570207351051868,0.00716548234688161,0.00697772378016139,0.00170378611085577,0.00307656893966422,0.00647550271849954,0.00902598851955052,0.00855995372994852,0.00265412652439595,0.0043610673462448,0.00308348044104065,0.00381663422795024,0.0076735767034118,0.00387806637520376,0.00434965870468108,0.00551805547706396,0.00277889283230708,0.00653978702341954
0.00290376730687223,0.000876058439503716,0.00569896211284471,0.00715899423148863,0.00697434730157736,0.00170349316159792,0.00308173679289726,0.00647765429426829,0.00903808203583822,0.00855313536626377,0.00265433428489177,0.00435855885405796,0.00308270162092632,0.00381142016747966,0.0076696113131156,0.0038782435706759,0.00434335217789127,0.00551761829272565,0.00277844122393036,0.00654647247023621
0.00290270397044376,0.000875386243970689,0.00569570012627193,0.00716317605203453,0.00697230712730121,0.00170313378701954,0.0030765660884364,0.00648141143791821,0.00902277646535359,0.00856111170286568,0.00265423229264668,0.00435535597088297,0.00308227718119873,0.00381469098828273,0.00766765672027917,0.0038773587314686,0.00434258610955751,0.00551859097179271,0.002780248490954,0.00654135206408414
0.00290442888957571,0.000876566679875346,0.00570604411994003,0.00716639249299423,0.00697768635067707,0.00170560571686471,0.00308185567302884,0.00648121722275088,0.0090342239121345,0.00856541984293455,0.00265688122871009,0.00436015338438361,0.0030831149912369,0.00381486459626361,0.0076766212658004,0.00388012338966825,0.00434718679737493,0.00553040716454305,0.00277991152954693,0.0065431562862094
0.00290709524891017,0.000876628294380237,0.00570263510671854,0.0071654482969512,0.00698399372138874,0.00170868038303295,0.00308094873504548,0.00648268353402448,0.00903757030415485,0.00856345089640966,0.00265863552992488,0.00436044444171154,0.00308572636747127,0.0038172219181625,0.00767726916890734,0.00388135959787037,0.00434752518591828,0.00553018852210283,0.00278163025654968,0.00654602476503218
0.00290349284182642,0.000876412293550857,0.00570302258480224,0.00716695852442879,0.00698208136834642,0.00170485651795336,0.0030843060158833,0.00648035454828221,0.0090324119341115,0.0085625400056222,0.00265815320962144,0.0043582946589041,0.00308497297046048,0.00381392678650881,0.0076739874851351,0.00388077007711315,0.00434296947857458,0.00552778016418323,0.00277915019511292,0.00654627046690717
0.00290053855550263,0.0008752115890087,0.00569881865083147,0.00715577193438271,0.00697213791243758,0.00170235140535884,0.00307971584661246,0.00647889415065463,0.00901747039955977,0.00856221369519933,0.00265468602906229,0.00435361949597564,0.00308247839732248,0.00381756721250594,0.00766615564997999,0.003874691878789,0.00434002782521678,0.00551475059804862,0.00278152209439844,0.00653500797596834
0.00290315458938047,0.000876265499794281,0.0057062273332813,0.00716528993794534,0.00698101046374462,0.00170447496035187,0.00307994796066748,0.00647936272723131,0.00903167580655729,0.00856335438390176,0.00265554156009891,0.00435864473849933,0.00308276013645179,0.00381810982379449,0.0076774689160023,0.00388002413006525,0.00434373616389646,0.0055225031656065,0.00278062157608665,0.00654494611872867
0.00290549913803443,0.000875371555523439,0.00569792783677408,0.00715647809557552,0.00697288796048228,0.00170293606838934,0.00307448524175558,0.00648312525296728,0.00902096160335538,0.00855283233952384,0.00265461543072199,0.00435248407073669,0.00308033493696421,0.00381256233530841,0.00766721773862802,0.0038747400319273,0.00433956529920985,0.00551453198726685,0.00277803304105066,0.00653429221703807
0.00290284493912272,0.000876016536873566,0.00570229623870594,0.0071636956885336,0.00696667820775856,0.00170397960422227,0.0030783430494435,0.00648869829293638,0.00903053010395667,0.00855849335456665,0.00265319372409446,0.00435614635718495,0.00308135789830858,0.00381247411485283,0.00766046025471389,0.00387930866307344,0.00434112825697107,0.00552304582205678,0.00277729415187346,0.00653919879556654
0.00290348818692276,0.000876118494646784,0.00570183759562639,0.00716605825362106,0.00698622117791896,0.00170397403174406,0.00307767494594615,0.00647826108260613,0.00903802552043133,0.00855906922713917,0.00265559142082963,0.00435817011992922,0.0030841760024935,0.00381870215442837,0.00767624697291711,0.00387996403378341,0.00434463223769309,0.00551953979006123,0.0027806898698648,0.00654627882677745
0.00290440709958089,0.000876238330890129,0.00570533342888895,0.00716631951641657,0.00698224320181856,0.0017049309585768,0.003081407052548,0.00647871812431044,0.00902923441840339,0.00855986276463501,0.00265916213769661,0.00435827562703565,0.00308435682289296,0.00381471068399652,0.00767496043554403,0.00388073906657379,0.00434295384373827,0.0055294196084438,0.00278008024407891,0.00653926942506266
0.00290278706149419,0.000876281116513734,0.00569711541270703,0.00716475583942713,0.00697504445027375,0.001704017375082,0.0030775529690091,0.00648085118437835,0.00902903285574898,0.00858282829846058,0.00265631031353238,0.00435764694373657,0.00308500149127111,0.00381801312857501,0.00767323763856292,0.003878591103334,0.00434516403240484,0.00552129402286564,0.00277908104714453,0.00654440747697198
0.00290449880019619,0.000875737460249157,0.00570331275159155,0.00716259814050179,0.00698150092916245,0.00170414598113258,0.00307975871487128,0.00647738588466785,0.00903011942226063,0.00855870633017128,0.00265552062816798,0.00435741294305862,0.00308498757326634,0.00381685062525584,0.00767396100035755,0.00388026714668176,0.0043465604831187,0.00552436565278328,0.00278168672791892,0.0065394370088582
0.00290541987478142,0.000876225730302104,0.00570362093462725,0.00716479629060933,0.00697994974683274,0.00170467099277671,0.00308380938932521,0.0064794225954594,0.00903365994528483,0.00856086132758665,0.00265737385223045,0.00435884239615151,0.00308478357610081,0.0038169594120282,0.00767551395716531,0.00388029298899523,0.00435261735364743,0.00552340253191297,0.00278181768854522,0.00654359959976428
0.00290785873024578,0.000876576861156675,0.00570335126831483,0.00716028537084673,0.00697678008915501,0.00170458479051098,0.00307779000953142,0.00647853966336163,0.00902833879006266,0.00856220543329502,0.00265561950942581,0.00435967534349158,0.00308481763854808,0.00381563962827345,0.00767836964263224,0.00387853728639169,0.00435038044060612,0.00552514422043789,0.00278051552423494,0.00654102451103902
0.00290119596082933,0.000875714314417821,0.00570217902286283,0.00716049886175535,0.00697862729889763,0.00170432862471632,0.00307871231152613,0.00647483199603129,0.00902593306496858,0.00855262162928424,0.00265503449709329,0.00435712678559757,0.0030813885136076,0.00381431226396477,0.00766908364334596,0.00387674868312999,0.00434263593319578,0.00552456717860626,0.00277904665206207,0.006537911193674
0.00289663244220221,0.000874006262103503,0.00569253071480821,0.00714650768362028,0.00696476447198976,0.00170234454967525,0.00307247192341115,0.00651703699219446,0.00901915666251165,0.00854942046922461,0.00265520863709637,0.00435598693157879,0.00307835627394055,0.00380916897005425,0.00766258758483667,0.00387325311983964,0.00433995983455735,0.00551223593537988,0.00277751389582733,0.00653973680855833
0.00290310112845893,0.000875237751369937,0.0056982851822798,0.00715729975554101,0.00697480732173834,0.00171121805963378,0.00309088576572539,0.00650484880874674,0.0090732736271411,0.00860074145137392,0.00266646130110406,0.00437716125314241,0.00308439705386998,0.00381379169865802,0.00767713435415846,0.00389864147934675,0.00436397348577807,0.00554368741135664,0.00279305769449514,0.0065363988882611
0.00290608236152506,0.000875653850133914,0.00570342981681114,0.00716053596754954,0.00697991498727411,0.00170372181596633,0.00307628668952864,0.00648213066663309,0.00902841246331463,0.00855940828402578,0.00265692969644207,0.00435563507898298,0.00308622772443983,0.00381449456848574,0.00767215572394751,0.00387742677413671,0.00434351338907669,0.00551845477495575,0.00278053747385415,0.00653950147752511
0.00290248214572547,0.00087500333294369,0.00569640194228662,0.0071594091777357,0.00697067885046885,0.00170366934286175,0.00307505578362589,0.00647455446361835,0.009029071615945,0.0085572952910133,0.00265526872316116,0.00435465000323933,0.0030806633434069,0.0038129516499081,0.00767455676861856,0.00387627769115391,0.0043410739269296,0.00551802701158648,0.00277787912704844,0.00653291132740676
0.00290143069179737,0.000875527251176204,0.0056992493863863,0.00716013584270157,0.00697593455723453,0.00170451816296482,0.00307892715055533,0.00647346321344122,0.00902597411998241,0.00855145139833207,0.00265594496025937,0.00435683445211163,0.00308083759119202,0.00381198137577346,0.00766550697318785,0.00387512508363361,0.00434186403640944,0.00552363752327988,0.00277817848498222,0.00652990284687546
0.00290796413956311,0.00087560226169243,0.00570573201765435,0.00716873915587499,0.00698280776287177,0.00170480453076107,0.00308261131688535,0.00648870008595301,0.00902737672554518,0.00856495112100232,0.00265988628624383,0.00436200979212906,0.00308637183384706,0.00382110874762809,0.00767866005836525,0.00387893220117522,0.00435042188729157,0.00552199718969551,0.00277984357838642,0.00654403190952611
0.00290521617392869,0.000876016388005244,0.00570826531190707,0.0071670620841374,0.00698449078347112,0.00170701714793092,0.00307645670962089,0.00647412859299231,0.00902939994428639,0.00855878476865431,0.00265912866818704,0.00435990186032764,0.00308330645529157,0.00382212672051659,0.0076835980806622,0.00387954099658745,0.00434958868296197,0.00552205675407657,0.00278057247042864,0.00654231897688147
0.00290181348521972,0.000875784696886898,0.00569896565030518,0.00716024325370038,0.00697361059879991,0.00170333459107685,0.00307657002714499,0.00647347288733337,0.00902724589694,0.00855862199520327,0.0026539094107268,0.0043551087787475,0.00308172239674998,0.0038143213389429,0.00767421028336988,0.00387711242033871,0.00434389616270667,0.00551938704252787,0.00277780159506782,0.00653878888171191
0.00290204066284876,0.000875435318751029,0.00569504401437197,0.00716266727764852,0.00698039830370388,0.001703559476173,0.00307752760538126,0.0064716398636235,0.00902356436352923,0.00856226678205029,0.00265615641624619,0.00435697337127425,0.00308278378153501,0.00381313970643817,0.0076763071040853,0.00387791657416053,0.00434423824504121,0.00552077619057732,0.00280982491477369,0.00653708266786175
0.00290227504672722,0.000875073568321419,0.00569772422139269,0.00715624992049742,0.00697083646102402,0.00170261213947668,0.00307432024984196,0.00647518484325986,0.00902062836855842,0.00855722534886135,0.00265604637438403,0.00435495258027612,0.00308098996227438,0.00381473817587898,0.00767082522588781,0.00387364260743448,0.00434272090141162,0.00551821908320134,0.00278774007170447,0.00653441941604439
0.00290469711983609,0.000875928229313752,0.0057044095603951,0.00716288524780029,0.0069817693809577,0.0017042591239965,0.00307859881048314,0.00648078741138833,0.0090402553506389,0.00855817959582479,0.00265815374030984,0.00435579339051342,0.00308330988460467,0.00381528865436049,0.00767207506708468,0.00388043171980589,0.00434542999311311,0.00552080071633654,0.00278165319407299,0.00654208959304789
0.00290098889982259,0.000875347700279954,0.00569610709200333,0.00715496395234749,0.00697350167853455,0.00170345456180294,0.0030925071055652,0.00650657726511816,0.0090737007512965,0.00855450885024523,0.00266886586376795,0.00437610721525899,0.00309773672193428,0.00383205021567644,0.00770738404170104,0.00389457536269656,0.00436264433861,0.00555325643433459,0.00277823968488684,0.00653485287643539
0.00290305517736491,0.000874380854985697,0.00569368586977113,0.00715591807053149,0.00696748900615123,0.0017045354480552,0.00307352719984503,0.00646935254676929,0.00901849913164661,0.00854819936445995,0.00265406939714899,0.00435140953634353,0.00307947324181865,0.00381592835140315,0.0076651651120097,0.0038742132061733,0.00433750594644327,0.00550967980136093,0.00277618905952411,0.00653308941842054
0.0029127496170869,0.000876160569568294,0.00570309052984907,0.00716935989139652,0.00698380091190769,0.00171436570752426,0.00307828229752367,0.00647901335423191,0.00904142347287315,0.00856187126478642,0.00265569022812626,0.00435758826493066,0.00308554797989652,0.0038179189689046,0.0076886765578741,0.00388021731597385,0.00434742054131424,0.00552361773640303,0.00278400200294618,0.00654491839779442
0.00289688636411993,0.000875497806806121,0.00569539088669783,0.00715347804604445,0.00697555458691151,0.00170288992458487,0.00307742688760361,0.00647031481532881,0.00902163560495226,0.00855198257426442,0.00265039348228116,0.00435165166164369,0.00308221394119263,0.00381203860279875,0.0076689186189756,0.00387623323071659,0.00434046906553327,0.00551611079972247,0.00277810128939196,0.00653409922914732
0.00290390412830385,0.00087495929651943,0.00569718175624981,0.00716164786688549,0.0069748324824697,0.0017027065837353,0.00307824476689203,0.00647182020884038,0.00902444139203933,0.00855245644907064,0.0026550123240291,0.00435382909443655,0.00308195043595074,0.0038142578305115,0.00767142334357323,0.00387687167446024,0.00434388997737889,0.00551901616123917,0.00278242113867618,0.00653661154964283
0.00290276249452559,0.000875637007612405,0.00570142566271653,0.00716210018184975,0.00697379926512363,0.00170414194249153,0.00307771020562056,0.00647543792037117,0.00902699471777386,0.00855896160368356,0.00265475243401653,0.00435571180635087,0.00308216750641785,0.00381381158490332,0.00767076673613599,0.00387726664256513,0.00434391340669516,0.00552619376324619,0.00277903967250253,0.00653873076314401
0.00290390095297781,0.000876503610651724,0.0057047883959676,0.00716707879849498,0.0069792980325459,0.00170601036506744,0.00308144147007783,0.00647855484567323,0.00903363045339375,0.00856747519652342,0.00265819094296516,0.00435940894059657,0.00308429676236094,0.00381658938618309,0.00767592125492582,0.00387926761941844,0.00434609555434499,0.00553031414480656,0.00278337609311984,0.00654095475490178
0.00290586424870203,0.000876175144225212,0.00570794661052083,0.00716780682828087,0.00697892129370242,0.00170531202995281,0.00308151816389361,0.00647949928479874,0.0090359378000085,0.00856510439432159,0.0026579325584433,0.0043587492232087,0.00308544754847026,0.00381798707275537,0.00767858805317668,0.00388266889162198,0.00434487323231203,0.00553027666697816,0.00278208011062291,0.0065424736750752
0.00290611756450541,0.000876453976555372,0.00570557957958281,0.00716652889840806,0.00698405846377232,0.0017065631351897,0.00307872834104808,0.00648427681071499,0.00903289220129274,0.00857281905483236,0.00266648120864426,0.00436031725080827,0.00308373387181905,0.00381649478217978,0.0076750056889859,0.0038815406859594,0.00434413950899608,0.00552033705549594,0.00278219315839127,0.00654095602429999
0.0029029449556565,0.000875536344970379,0.00570082815808933,0.00715862552779813,0.00697504332749633,0.00170506128837308,0.00307759345051811,0.00647305313001635,0.0090311897066671,0.00855780578017803,0.00265316967296395,0.00435577445863151,0.00308399450139985,0.0038144794882413,0.00767679365515769,0.00388028125117417,0.00434171565067288,0.00551642132386672,0.00278012733711068,0.00653479292351246
0.00290567904652831,0.000875522426761861,0.00570191976811044,0.0071607238488849,0.00697827906028468,0.0017032321741401,0.00307583548328359,0.00647427129483768,0.00902508455190513,0.0085577945989129,0.00265735394550201,0.00435529248859009,0.00308237746999033,0.00381473808174403,0.0076714048873498,0.00387727244167918,0.00434448502788932,0.00551667993770825,0.00277943714311294,0.00653780536453449
0.0029022358659256,0.000875239679064083,0.00570210300950871,0.0071609015289899,0.00697243564294719,0.00170500610499336,0.00307943604141796,0.00647423622369511,0.00902649015020799,0.00855816101263364,0.00265602423769775,0.00435715946916569,0.00308210165839006,0.00381399259285497,0.00767174794262484,0.00387641839101052,0.00434880365285453,0.00552372060501871,0.00277894390332889,0.00653611158145862
0.00290140768553169,0.000875060441021722,0.00569653923368579,0.00715834336715968,0.00696985309992468,0.00170280293922513,0.00307356267147817,0.00647558047260542,0.00902309340382883,0.00855809391887145,0.00265103629045588,0.00435567452882151,0.00308101480941505,0.00381098225163942,0.00766421888126388,0.00387579747594212,0.00434300991947537,0.00551895885862691,0.00277544240405781,0.00653946039161495
0.00290190565466739,0.000875902879541101,0.00569887413640781,0.00716207258952954,0.00697403357982992,0.00170333379824261,0.00308150198562391,0.00647153223990721,0.0090205572557738,0.00855739225314943,0.00265228723404177,0.00435381410522575,0.00308111954113019,0.00382157128826941,0.00766759866497588,0.00387632865345981,0.0043410692202498,0.00551506781373153,0.00277844234165472,0.00653588541424992
0.00290343048955309,0.000875667618012928,0.00569855026775045,0.00715930020916299,0.00697362309792401,0.00170283576449875,0.00307933135472546,0.00647354203399562,0.0090208905861855,0.00855661652956721,0.00265497380252844,0.00436450042325541,0.0030801954784122,0.00381323548853375,0.00767377480267406,0.00388121142816007,0.00434523414374812,0.00551400195483083,0.00277693531212077,0.00654278263883031
0.00290876090571396,0.000876345141600515,0.00570653203685564,0.00717051050374126,0.00698197095485652,0.00171442103861208,0.00308108260171118,0.00647662648532072,0.00903266596331158,0.00856997727694177,0.00265959286243248,0.00436136815866166,0.0030859960745973,0.00381682332738961,0.00768010747511682,0.00388093527543298,0.00434933206942346,0.00552622147469937,0.00278294929150459,0.00653984663214489
0.00290554561991041,0.000876135937619788,0.00569580773738915,0.00715759750883457,0.00697416731867345,0.00170315432768929,0.00307884004447029,0.00647218475083349,0.00903501550198261,0.00855607985302018,0.00265349037659192,0.00435462399905714,0.00308629618450549,0.00381857163331175,0.0076727862175285,0.0038776011628117,0.00434444559552781,0.00551914742951935,0.00278321850116654,0.0065373345018123
0.00290690091455673,0.000875572065996856,0.00570258981225106,0.00716160089071111,0.00697793767611833,0.00170395002400931,0.00307874955901618,0.0064824028697423,0.00902920467156122,0.00856034770283665,0.00265708313906568,0.00436148837759048,0.00308370909263555,0.00381443974973852,0.00767056180118963,0.00387721759907533,0.00434604605517151,0.00552214950533764,0.00278243345242904,0.00654568616898805
0.00290247311569458,0.000876152682766242,0.00570246132666142,0.00716301826049251,0.00697983140514223,0.00170521498563606,0.00307702914134124,0.00647485211495695,0.00903008204749885,0.00856533548902668,0.00265662531667768,0.00435871378623604,0.0030838738048412,0.00381584380107305,0.0076727570510692,0.00387986553310208,0.00434569743436906,0.00551888879410343,0.00278025674356309,0.00654275171914595
0.00289969393958727,0.000874985621162422,0.00569460220417109,0.00715519325352104,0.00696979799959778,0.00170258136600656,0.0030757098969077,0.00646990520776271,0.00901971177064394,0.00854993223139186,0.00265394494612585,0.00435316249323825,0.00307872539056818,0.00380980381457658,0.00766681118673185,0.0038738639003517,0.00434174247634463,0.00552075228515752,0.00277735499887091,0.0065325666038698
0.0029037534786166,0.000876180894973009,0.00570098475306941,0.00716533715217671,0.0069806391270117,0.00170619995688458,0.0030796960616487,0.00647929086389826,0.00903268395599196,0.00856219568226104,0.00265757395096544,0.00436127935188992,0.00308357971315071,0.00381668909794886,0.00767782813328026,0.00387888303296221,0.00434494954539498,0.00553018870562147,0.00278215277074466,0.00654048026469247
0.00290415284650718,0.000875994332122197,0.00570404152020533,0.00716133740788026,0.00697987246187229,0.00170925874292634,0.00307653272632146,0.00647386717611592,0.00902954251657754,0.00855821513586662,0.00265418982984495,0.00435660813999868,0.00308502989481704,0.00381339641265429,0.00767818418537503,0.00387827355372931,0.00434156539742013,0.0055192560746479,0.00277960502907016,0.00654218688258967
0.00289844028226732,0.000875266191152705,0.00570305643839067,0.00715017859548958,0.00696750882108001,0.00170190666968904,0.00307193712655265,0.00646783262186615,0.00901913175991081,0.0085525171629367,0.00265126369305871,0.0043510000187348,0.00307820204244621,0.00380918711264787,0.00766605350905684,0.00387413464728351,0.00434294114254312,0.00551212765814897,0.0027749350973893,0.00653107439790263
0.0029053043910321,0.000876468206956722,0.005702576877343,0.00716499075735882,0.00697899148237178,0.0017060934685189,0.0030787900706584,0.0064830088741815,0.00903936700840868,0.0085647248600644,0.00265702330978591,0.00436032175848743,0.00308573845142038,0.00381734093533576,0.00767822527433831,0.00388482598193109,0.00434622213203921,0.00552308786518346,0.00278327123895243,0.00655056377710541
0.00290376243840242,0.000874908868486805,0.00569992367928527,0.00716152144540442,0.00697217740306187,0.00170220719002582,0.00307731559223832,0.00648174125783494,0.00901640595586646,0.00854750192600749,0.00265224533966968,0.0043558272018042,0.003085281845754,0.00381002224406263,0.00767575579342288,0.00387791106891909,0.00434151391121699,0.00551542063612593,0.0027780749074942,0.00654547845694487
0.00290202275978919,0.000875749098527937,0.00569882944081852,0.00715840756842353,0.00697374020371561,0.00170288653199804,0.00307685384638638,0.0064730414232393,0.00902415789654377,0.00855511926112509,0.00265329244325287,0.0043553720461212,0.0030823538292674,0.00381470662284609,0.00766923031314328,0.00387506218609446,0.0043447850619883,0.00551888424752342,0.00277729394773116,0.00653667703787637
0.00290070883940459,0.00087557256337181,0.00570044377280168,0.00715968169093043,0.00697768579789879,0.00170368738896662,0.00307617238758799,0.00647636010214261,0.00902567384370757,0.00855295082907576,0.00265291803028666,0.00435425393342234,0.00308873016586527,0.00381334206154489,0.00766928435073559,0.00387738041593682,0.00434078570736879,0.00551887699589388,0.00277778444639217,0.0065364811696522
0.00290392898283396,0.000876328413809834,0.00570624552676093,0.00716355066928915,0.00697745057196739,0.00170551823361529,0.00308064717987599,0.00648003372950927,0.00903909210368429,0.00856704960692363,0.00265865597701078,0.00436019431255471,0.00308612367850405,0.00381603955714329,0.00767644509010294,0.00388226818995366,0.00434559269526227,0.00552865554868445,0.00278188802161296,0.00654260437166782
0.00290412798728886,0.000875880348079643,0.00570248547061456,0.00716254315928196,0.00697987938253024,0.00170345569758031,0.00307643599002786,0.00647324559104618,0.009032052791607,0.00856173022016756,0.00265566700918297,0.00435712756176248,0.00308285908475097,0.00381685365048585,0.00767634336543662,0.00387755915468674,0.00434178931729646,0.00552428536758531,0.00277911127650335,0.00653877319524435
0.00290669763070107,0.000876174703486186,0.00570334359627454,0.00716585940670387,0.0069787487803272,0.00170401384353416,0.0030792955000433,0.0064790390817687,0.00904512520886391,0.0085649501266772,0.0026545662629213,0.00435706063372853,0.00308519021146258,0.00381682823610639,0.00767773814566105,0.00387800892993217,0.00434680013072301,0.00552711554475488,0.00278000786910682,0.00654013215970084
0.00290635856481718,0.00087649959028579,0.00570851065923353,0.00716841525813401,0.0069890608506076,0.00170475923857807,0.0030805502889041,0.00648581611365718,0.00903734401073163,0.00856627474876159,0.0026567671498735,0.00435991343516464,0.00308516771412824,0.00382000976678364,0.00767845243133132,0.00388031879047057,0.00434629017215635,0.00552429453183695,0.00279138549136747,0.00655026129452067
0.00290735610637344,0.000876051947444324,0.00570202062510422,0.00716475988036403,0.00698072696337537,0.00170327102043849,0.00308114980224621,0.00647573559203924,0.00902535210819218,0.00857057427577147,0.00265320929667817,0.00435501428885944,0.00308157798169011,0.00382279911901077,0.00767138721878823,0.00388138367891524,0.00434420255444108,0.00552518964848254,0.00277907471191877,0.00654914811635453
0.00290645336197601,0.000876500256886678,0.00570632346573939,0.00716936481385291,0.00698536357214555,0.00170634921530739,0.00308070755433957,0.00648800962887027,0.00903540581491648,0.00856642858265237,0.00265691609978908,0.00435794058402386,0.00308676385755195,0.00381703757500315,0.00768346776541589,0.00388367228185099,0.00434709973556711,0.00552629446753135,0.00278176910854486,0.00654253960940127
0.00290641292874199,0.000876260154565433,0.00570446317207202,0.00716742949630914,0.00698368514455256,0.00170463964114283,0.00307875148603215,0.00648062239698965,0.00903409829643797,0.0085657587465022,0.00265896503359356,0.00436180135460097,0.00308448916136677,0.00381600948275625,0.00767577129713519,0.00388304722996596,0.00434593118435338,0.00552155188024163,0.00278112337504861,0.0065417159706546
0.00290366910141712,0.000875225509566828,0.00570060949949311,0.00716401558003536,0.00697231461459845,0.00170320620383826,0.00307417951272403,0.0064732417407896,0.0090250532396613,0.00856412039624426,0.00265298995568981,0.00435482915898121,0.00308134845043693,0.00381375446741826,0.00766913795561287,0.00387615953349221,0.00434039420304126,0.00551958918751645,0.00277731910484516,0.00653568073742285
0.00290468462804712,0.000876277767665549,0.0057048828399383,0.00716495057817432,0.00697779291414193,0.00170456697743319,0.00308011704781406,0.0064791018774381,0.00903308598868342,0.00856140484079917,0.00265723915591788,0.0043604222972945,0.00309651397086058,0.00382157400595628,0.00768282595973005,0.00388142636867829,0.00434351853180753,0.0055228917669331,0.00278227789878036,0.00654886055968332
0.00290404382169132,0.000876428578231839,0.00570243184544625,0.00716492320649992,0.00697993395040659,0.00170631275973212,0.00308137013707296,0.00647792999559909,0.00903041230102148,0.00856429122498575,0.00265909772051394,0.00435982199936159,0.00308510319607086,0.00381661942325594,0.00767471081512634,0.0038805532729801,0.00434737480812736,0.00552734777331928,0.0027804474661546,0.0065411109924901
0.00290007329860899,0.000875404975533765,0.00569694973598014,0.00715324807740866,0.0069711673709157,0.00170237858904603,0.00307448663781739,0.00646815412460583,0.00902496022480197,0.00855442040878637,0.00265166130616855,0.00435268422836338,0.0030813599189924,0.00381165907231392,0.0076722651262709,0.00387371567350679,0.00434314493247452,0.00551301398323949,0.00277778837404523,0.00654281256664048
0.00290746556238679,0.000876284758450013,0.00570284138383927,0.00716641570568886,0.00697859168939202,0.00170436668147623,0.00307760380098766,0.00647701582040938,0.00904228602470104,0.00856450354767219,0.00265890634460735,0.00435838396688977,0.00308414400379614,0.00382328103789657,0.00767196638187288,0.00387952961546914,0.00435171237724978,0.00552118013148095,0.00277942912147723,0.00654129952174618
0.00290805399458133,0.000875824274469789,0.00570254149310893,0.00716414018256684,0.00697979731187639,0.00170401001920413,0.00307981652349735,0.00647515890251307,0.00903300453592153,0.00855920769855868,0.00265562824582227,0.00435763775123496,0.00308260188550183,0.0038164459259343,0.00768033087935129,0.00387943460711566,0.00434320469830211,0.00552044110814579,0.00277885291401367,0.00654234873819177
0.00290546104280206,0.000876367001662299,0.00570622953661062,0.00716726161309214,0.00698204901948327,0.00170485608649411,0.00308579859804274,0.00648151058028114,0.00903451243836624,0.00856461827909438,0.00265645522849582,0.0043601753752702,0.00308646511319994,0.00381779756652029,0.00768008467819018,0.00388393932562468,0.0043500142517408,0.00552685662243293,0.00278149607312099,0.00654507892866985
0.0029051244407226,0.000876834821646531,0.0056988363460877,0.00715959843096569,0.00697381561956068,0.00170341059225636,0.00307477675169106,0.00647396750184103,0.00902240817913745,0.00856395438306559,0.00265656725649618,0.00435358210713148,0.00308065846398013,0.00381978514031114,0.00766743593998374,0.00387555921545341,0.00433910104480081,0.00552350840845208,0.00277640679584204,0.00653446347305491
0.00290286501231422,0.000875869287721911,0.00570151476615283,0.0071641561738267,0.00697706503107416,0.00170499160320815,0.00308040070372992,0.006476632523851,0.00902378116409437,0.00855679342003883,0.00265733334699437,0.00435685375947142,0.00308401983673809,0.00381335725644983,0.0076701383109353,0.00387956922515549,0.00435009283478115,0.00552565444991982,0.00278053667357796,0.00653869675834215
0.00290085376936828,0.00087555819444899,0.00569989616107356,0.00715836432486328,0.00697537018909155,0.00170279966973508,0.00307532381744802,0.00647367974414488,0.00902479691504349,0.008550701160875,0.00265221387693318,0.0043550266413744,0.00308067489826254,0.00381340258835053,0.0076683149711787,0.00387690570910358,0.004342001598986,0.005516620885828,0.00277846808888223,0.00653911041122245
0.00290405578463007,0.000875987132457798,0.00570076738478314,0.00716163577987915,0.00697450799695365,0.00170418097044529,0.00307569278852651,0.00647256342255311,0.00902665437753875,0.0085663289583465,0.00265663535559054,0.00435632494948003,0.00308513142055848,0.00381865844659439,0.00766939231491563,0.00387757548717278,0.00434211436461965,0.00551883101630416,0.00277966362152726,0.00653829934923014
0.0029063282995564,0.000876194185999717,0.00569776002653169,0.00715852037893224,0.00697242160304238,0.00170481396779981,0.00307547606497488,0.00647700404725364,0.00902665942677528,0.00855647951219797,0.00265913803556882,0.00436535716893807,0.00308763375422949,0.00381573064403776,0.00768554566638193,0.00387869242715017,0.00434439849655422,0.00551750831457014,0.00278185089609569,0.0065387985436681
0.00290956982494163,0.000876389549852435,0.00570541049679661,0.00716668964407511,0.00698605324729206,0.00170432024261186,0.00308036829786701,0.00647534297685502,0.00903522953437519,0.00856344610709451,0.00265590136902791,0.00435844153320219,0.00308476571583848,0.00381741328276527,0.00768524352828011,0.00387998368265944,0.00434566745253425,0.0055203264324837,0.00278077223525211,0.0065398167614707
0.00290306953407351,0.000876200393593535,0.0057026798253712,0.00716079275883697,0.00697956872113924,0.00170437584803273,0.00308150139775921,0.00647453534020003,0.00902661556755414,0.00855681419702409,0.00265705506720871,0.00435538569765251,0.00308180370476706,0.00381350553575879,0.00767179279030365,0.00387844229774873,0.00434299425288044,0.00552883557114639,0.00277945158301608,0.00653711649987714
0.00290345051309232,0.000874880948696356,0.0057001543924138,0.0071547029027639,0.00696909411493598,0.00170204282198108,0.00307594818873968,0.00647353702122275,0.00902364179513351,0.00855716256432116,0.00265298881256228,0.00435852875333961,0.00308001709859383,0.00381629086609952,0.00767689220423518,0.00387356326757892,0.00434238782192423,0.00551514749111185,0.0027778642947379,0.00654395478140752
0.00290551277268762,0.000876104162659129,0.0057027339920784,0.00716488397660133,0.00698087448819891,0.00170451526441112,0.00307802587683413,0.00647656110908741,0.00904094998200937,0.00856028382830538,0.00265809933584491,0.00436000172063041,0.00308511595563888,0.00382037158927542,0.0076748753160295,0.00387811515990509,0.00434588257114737,0.00552225011109975,0.00278262308838343,0.00654283962527278
0.00290410947598053,0.000876182080949171,0.00570365318305524,0.00716572573029422,0.0069755029536332,0.00170437304121186,0.00307980011372771,0.00647823480222043,0.00902937764416779,0.00856048290795069,0.00265686049716116,0.00435769816554629,0.00308597630670371,0.00381829315069964,0.00767767918850458,0.00388128893088398,0.00434572387014964,0.00552404818824525,0.00278217399155106,0.00654258736182907
0.0029074518942685,0.00087660741551081,0.00570644853180259,0.00716444494348551,0.00698223485525853,0.00170517503571434,0.00308128864896942,0.00648111558154133,0.00903500198799651,0.00855948238826585,0.00265829348395003,0.00435912615321573,0.00308507727639615,0.00381748768232085,0.00767761348798702,0.0038794129793573,0.00434616223390569,0.00553012371652929,0.00278219604035638,0.00654410143225583
0.00289908268263942,0.000874863133329317,0.00569872104580565,0.00716097276392027,0.00697044212578834,0.00170301009199974,0.00307458760618348,0.00647133787567889,0.00902277735852038,0.0085580708114231,0.00265155993050267,0.00435527741153845,0.00308092178892334,0.00381193155731333,0.00766829853021585,0.00387516182054054,0.00434013381576001,0.00551546633231904,0.00277796676561632,0.00653521637553239
0.00290325107153529,0.000876079498874767,0.00570091483136594,0.00716500610716232,0.00698072726994909,0.00170637762055431,0.00308149885449395,0.00648013641957835,0.00903217812636166,0.00856146845123406,0.0026577715235048,0.00435776451070485,0.00308467351234852,0.00381616164241331,0.0076737160571564,0.00388156103618354,0.00434508047394012,0.00552774341634339,0.00278141614144281,0.00654199478410903
0.0029022930017118,0.00087515486454392,0.00569550069884663,0.00715527426102562,0.00697189383074468,0.00170259100015255,0.00307411905515531,0.00647058013547544,0.00902299194535287,0.00855759227042446,0.00266444147325681,0.00435275179930164,0.00308007426404118,0.00381559498155762,0.00766561914832096,0.00387443651325266,0.00434394125465667,0.00551309338662724,0.00277677355115039,0.00653449517603572
0.00290274874841978,0.000875813253326988,0.00570379751520261,0.0071628708007659,0.00698031165997632,0.0017029180248943,0.00307942429876855,0.00647659509212285,0.00902662522590968,0.00856107756250635,0.00265303758534041,0.00435730386158798,0.00308220542348309,0.00381498694122935,0.00767078531889722,0.00387767266028341,0.00434362823547038,0.00551862457303647,0.00277872238907383,0.00653941340778827
0.00290724569010497,0.000874856953880959,0.00569864321487121,0.00715378938949779,0.00697043939550487,0.0017017660495126,0.00307250639660884,0.00647231259215243,0.00901853271339509,0.00855479796299508,0.00265140634468829,0.00435644127241428,0.0030806456026518,0.0038106381745977,0.00766442619702445,0.00387538031655505,0.00433893540636345,0.00551076532383645,0.00277676950862157,0.00653533916568339
0.00290854785000509,0.000876125917301262,0.00570545702659738,0.00716627916823891,0.00698121303792755,0.00170539574003145,0.0030796910789861,0.0064820778998342,0.00903382424868556,0.00856565884304421,0.00265882729616921,0.00435883579668411,0.00308342808423384,0.00381629148910085,0.00767282110236588,0.00388014628868029,0.00434449189158333,0.00552638714887131,0.00278174117201419,0.00654403232459585
0.00290486977875211,0.000875157566984407,0.00569894768212268,0.00715736512802336,0.00697374929132175,0.00170561860335809,0.00307553420758083,0.00646927367829753,0.00901968139491371,0.00856577168852654,0.00265645441404381,0.00435422872411498,0.0030855060514183,0.00381197054599621,0.0076680627860202,0.00387454218110975,0.00433989813082064,0.005522903752526,0.00278245568419646,0.00653406162462467
0.00290774708625713,0.00087635245080024,0.00570638946882267,0.00716535176673199,0.00698251013124341,0.00170496606894085,0.00307756303013053,0.00648156654057616,0.00903067169177056,0.00856761916351472,0.00265963062361978,0.00435838652024336,0.00308508065498939,0.00381809472783492,0.00768265536728176,0.00387832869292803,0.00434500528666437,0.00552163575954926,0.00278107771703473,0.00654348840801529
0.0029040112369741,0.000875910685152199,0.00570234760519637,0.00716512432764846,0.00698053496820642,0.00170233949851655,0.00307605583984056,0.00648288337310354,0.00902306579654312,0.00856566229023631,0.00265486966869931,0.00435902917552088,0.00308331066356069,0.00381752486161882,0.00767335569559052,0.00387719233955697,0.00434650077828732,0.00551911197333544,0.00278151364021974,0.00654255411421851
0.00290619027569597,0.000876038412441189,0.00570032926502227,0.00716386532529096,0.00697922777775922,0.00170583397138971,0.00307733976402002,0.00647596295234628,0.00902836766346536,0.00857352108456647,0.00265359508912681,0.00435503850754312,0.00308332407867249,0.00382222376911771,0.00767231927050012,0.0038774460816165,0.00434371111225538,0.00552452853380673,0.0027801477399829,0.00654966714583424
0.00290522486287796,0.000876486149520699,0.00570707285305295,0.00716779347856418,0.00697734632872795,0.00170500015501489,0.00308156271310176,0.00648270667555108,0.00903314802020758,0.00856434732810756,0.00265898697448244,0.00435958649088051,0.00308425185342087,0.00381787419923789,0.00767481959596702,0.00388070628293331,0.00434822266500643,0.00552762436645681,0.00278062461603375,0.00654157102047531
0.0029046605670155,0.00087560944727066,0.00570156949712322,0.00715974701505646,0.00697668175568988,0.0017030709510704,0.00307617422240597,0.00648305245077181,0.00902305751661041,0.00855972058130024,0.00265370473988229,0.00435616905832148,0.00308305767118377,0.00381956226392518,0.00767037340917962,0.00387695622618512,0.00434394578587169,0.00551820147393065,0.0027829118377314,0.00653960017210072
0.0029073114779242,0.000876533386416467,0.00570757050125999,0.00716700003082857,0.00698314452663863,0.00170531378770334,0.00307868333314037,0.00648041242524349,0.00903760194229831,0.00857159814190149,0.00265631560974213,0.00435981658912933,0.00308617445049123,0.00381885555168157,0.00767875081407338,0.00388199767525,0.00434651682708267,0.0055234759422265,0.00278212271220326,0.00654369606603456
0.00290355658221319,0.000875336260427904,0.0056986834716636,0.00715565566360705,0.0069718443672903,0.00170346849152988,0.00307878923536552,0.00647087413705153,0.00901767150005099,0.0085563262884002,0.00265482694774741,0.00435421152865347,0.00308222681065039,0.00381818779591619,0.00767849136509374,0.00388061648858515,0.00434659360761081,0.00551421464594857,0.00277872741701891,0.00653871391179399
0.00290323067895059,0.000875091729695422,0.00569691782008278,0.00715754469763357,0.00696866676766453,0.0017034868468337,0.00308742011757562,0.00647429685573793,0.00903102899915258,0.00855435759060501,0.00265348188728102,0.00435390707778543,0.00308063006571254,0.00381483971894799,0.007663634091099,0.0038750357336908,0.00434098722955912,0.00551827664054708,0.00277964807075493,0.00653252628374915
0.00290334493003522,0.000876419822750664,0.0057002422763851,0.00716842218352338,0.00698258434488508,0.00170457565854206,0.00307874341838506,0.00648019937372746,0.00903667763958847,0.00856555537361612,0.00265698181993117,0.00436031849621458,0.00308468988431045,0.0038178305067563,0.00767694721353521,0.00388371941847976,0.00434554181795513,0.00552611566543764,0.00278051832516816,0.00653587081520834
0.00289992868595269,0.000874937950613673,0.00570020066287925,0.00716026477120007,0.00697556330416313,0.00170187549638271,0.00307469974668372,0.00647102437457434,0.0090231900319915,0.00855587663880984,0.00266336613923173,0.00435383321163347,0.00308079465721316,0.00381215128534441,0.00767088685695408,0.0038729959317246,0.00434149504432044,0.00551646550687918,0.00277929534949051,0.0065317684223565
0.00290213419004436,0.00087493540594376,0.00569641364730586,0.00715855477936282,0.00697627382218767,0.00170370659834743,0.00307753205568872,0.0064706372356287,0.00902473378930538,0.00855543192579349,0.00265491641938203,0.00435616707855042,0.0030823869835764,0.00381003340422939,0.00766815054426134,0.00387316398564045,0.00434192847442654,0.00552401462140159,0.00278058144793718,0.00653542628445375
0.00290327308258703,0.000876292981178836,0.00570682218962835,0.00716715782723795,0.00698294703886,0.00170680318262918,0.00308204250020386,0.00647918831608936,0.00903960634840409,0.00856468530440769,0.00265772102110976,0.00436107893993315,0.00308690802275633,0.00381677976052708,0.00767866252448326,0.00388022820427316,0.00434610261771425,0.00552969830747761,0.00278111283999063,0.00654741545927319
0.00290200520003943,0.000875653602497026,0.00570171113117675,0.00716199504200467,0.00697635929305595,0.00170292632643103,0.00307653087391938,0.0064739414159337,0.00902396960443696,0.00855730990702707,0.00265303871173708,0.00435256707437512,0.00308355622937949,0.00381337521519685,0.00767123418125052,0.00387449308693776,0.00434373705935487,0.0055147502719385,0.00277773382241077,0.00653489613887139
0.00290141809784698,0.000874902007347746,0.00569620176638439,0.0071547773628507,0.00697457307312259,0.00170870931480197,0.00307688207585234,0.00646654491961971,0.00902790733059403,0.00855641255415211,0.00266235065247529,0.00435731815031015,0.00307853924615435,0.00381397847357449,0.00766612500525092,0.00387759728684039,0.00434665125951487,0.00551114414006196,0.00277859810268104,0.00653751481609131
0.00290319024362215,0.000875807748875411,0.00570423132059363,0.00716466771250928,0.00698176470055606,0.00170581503274944,0.00308096553116973,0.00647782447084685,0.00903431545759043,0.00856466682585437,0.00265720929729781,0.00435704004002222,0.0030852587564323,0.00381631708504529,0.00767218922695644,0.00388056263502953,0.00434468362433712,0.00552899433164672,0.00278124520273521,0.00654099909456184
0.0029018264277842,0.000876167422709601,0.00570132858935514,0.00716602507484284,0.0069793592540311,0.00170569644649573,0.00308139599044835,0.00647820174156073,0.00903348518220198,0.00856309980622967,0.00265881306094562,0.00435860955308132,0.00308456118559959,0.00381569463429427,0.00767552711868369,0.00388016371158545,0.00434761590217499,0.00552922570326041,0.00278237088697667,0.00654001372873508
0.00290420813997296,0.000876013356472437,0.00570409647737516,0.00716267989411108,0.00697825292453256,0.00170726961943661,0.00307799794352415,0.00648189548044143,0.00903608894966667,0.00855725836224771,0.00265689767914828,0.00435595815817566,0.00308485482291314,0.00381584460275167,0.00767182522651316,0.0038775826121121,0.00434307599935178,0.00551938319674199,0.00278066438354326,0.00653781061423607
0.0029041047043087,0.000875439814113611,0.00569940494882242,0.00715984863624431,0.00697453431577243,0.00170345240476789,0.0030781614944811,0.00647494132441271,0.00902403118770393,0.008554009389827,0.00265531974482468,0.00435381877840262,0.00308088549651344,0.00381199293997993,0.00766829041932838,0.00387311848289648,0.00434110971198174,0.00552417330862379,0.00277767777619717,0.00653161391113993
0.00289886375229286,0.000873566389619526,0.0056888779225193,0.0071458971250342,0.00696258374000355,0.00169977306038204,0.00307339642879456,0.00647005421286262,0.00902077814925125,0.008552181475364,0.0026519969331839,0.00435089881794251,0.00307747193086669,0.00380498417808562,0.00766618412691081,0.00387525914766155,0.00433963746087288,0.00550635831374043,0.00277278984344528,0.00652814068072672
0.00290259298178269,0.000876269093887493,0.00570725717406673,0.00716258485522594,0.00698176479336359,0.00170640045903636,0.0030830879768155,0.00647952345897164,0.00903740413440098,0.00856325925526594,0.00265935010797683,0.00436296949756184,0.00308574826768804,0.00381848391956182,0.00767443742655738,0.00388370970602233,0.00434929580495598,0.00553004173654103,0.00278521370403653,0.00654535544337576
0.00289974259725731,0.000875129086670744,0.0057009095924806,0.00715851661207942,0.00697361238238227,0.00170251513154743,0.00307534619598909,0.0064689339244931,0.00901919519763544,0.00855226183418594,0.00265336155808449,0.00435238592626291,0.00308106542980076,0.00381169047094774,0.00766460458133001,0.00387422820322135,0.00434045263977486,0.00552051573370602,0.00277649586454904,0.00653400461491519
0.00290648834046895,0.000876301862696495,0.00570534648054673,0.00716944488554674,0.00698326028442508,0.00170555441294138,0.00308123654485869,0.00648216831001952,0.00903471415449795,0.00856353608206921,0.00265804437085666,0.0043587953774365,0.00308435450623052,0.00381647633303314,0.00767690354952717,0.00388007041130798,0.00434626736300132,0.00553069974504534,0.00278126912239641,0.00654336930418929
0.00290494264373432,0.000875709019002544,0.00570147544213604,0.00716139481414033,0.00697411769646344,0.00170363548507392,0.00308180575171314,0.00648075944919059,0.00902837296948012,0.00855762579256449,0.00265476748934254,0.00435705911086305,0.00308619132307195,0.00381636273142566,0.0076740171626806,0.00387656721388204,0.0043431931539324,0.00551943524042589,0.00277975447892613,0.00654452217898766
0.00290195400437733,0.000875777078496516,0.00569884302250807,0.00716284120409487,0.00697131757521124,0.00170408337170927,0.00307824870079958,0.00647518071271902,0.00902672842520266,0.00855477445094272,0.00265604084199562,0.00435873645919779,0.00308371435823587,0.00381289451245285,0.00767198342376228,0.0038773182880765,0.00434383069882782,0.00552598519369375,0.00277858341747972,0.00653747307508395
0.00290214014097553,0.000876161808229929,0.00570029374092558,0.00716291394423227,0.0069760030144864,0.00170565083569322,0.00308140751669018,0.00647560312524059,0.00903010457774678,0.0085586970109101,0.00265706481788268,0.00435685401264283,0.00308294000013262,0.00381612921596369,0.00767621297112083,0.00387799039555014,0.00434436449783571,0.00552629835402438,0.00277980293911343,0.00653920499863246
0.00290334710253146,0.000876485817283497,0.00570559594769055,0.00716679954445422,0.00698326355283847,0.00170451065523631,0.0030807932987843,0.00647933360544808,0.00903180092916678,0.00856372266097257,0.0026565135403932,0.00435896921155677,0.00308466092616466,0.00381590569337347,0.00767682148432464,0.00387914411174819,0.004345014368059,0.00552967555735112,0.0027827634519752,0.00654321297967217
0.00290151450120245,0.00087523526253085,0.00569777360918139,0.00715873574269234,0.00697243033123897,0.00170254194582757,0.0030765737098416,0.00647426574344411,0.0090181873372301,0.0085586903066295,0.00265274710682809,0.00435435664504009,0.00307948389228922,0.00381420541990929,0.00766623327442432,0.00387449865053441,0.00433964474668499,0.005519005971495,0.0027774846263954,0.0065388730539011
0.00290440554961235,0.000875485686825746,0.00569876593095682,0.00715916276708525,0.00697265785026091,0.00170484415075485,0.00307476539176639,0.00647799537629735,0.00902705070818607,0.00856566575865167,0.0026526787520502,0.0043568304218003,0.00308115828811968,0.00381203218782632,0.00767131245590719,0.00387922550544301,0.0043450167139746,0.00551792836878159,0.00278068453865349,0.00653550367321409
0.00290370994584511,0.000876198082539773,0.00570575661891449,0.00716312593222443,0.00698320042323657,0.00171086487264256,0.00308865851927828,0.0064789437673264,0.00902976447975602,0.00856333984773396,0.00266577859548429,0.00435913354469384,0.00308438260198026,0.00383284410505133,0.00768152534229051,0.00387860285181488,0.00436339946103512,0.00552871542229006,0.00279200152462395,0.0065393721496136
0.00290561906555766,0.000876710902987687,0.00570583931411059,0.00716731902569024,0.00698342202475806,0.00170537232566562,0.00307827742536576,0.00648480755400721,0.00903582506464476,0.00856494145450033,0.00265564435105936,0.00435998566097484,0.00308350399856265,0.00381951281082084,0.00768265010019524,0.00387957060137771,0.00434557648566385,0.0055205936848766,0.0027804951373983,0.00654829667227914
0.00290461380364541,0.000876217071606642,0.0057053735365302,0.00716526743551414,0.0069810177406491,0.0017045375161448,0.00307854154039292,0.00648295542878745,0.00903595743475191,0.00856409084800873,0.00265552971180761,0.00435840811589258,0.00308426556912855,0.00381865657245616,0.00768303050460026,0.00387832250649231,0.00434447710707371,0.00552210609948823,0.00277994663655247,0.00654222856796557
0.00289944960600045,0.000875061722241836,0.0056964021630563,0.00715969453499588,0.00697651041158599,0.0017031164181293,0.00307538170811079,0.00646937423404953,0.00903428166324713,0.00855511499722822,0.00265328475656591,0.00435436225460537,0.0030826593020356,0.00381279360471923,0.00766749207385194,0.0038753059969382,0.00434591453843706,0.00551535502900209,0.00277798800213717,0.00653848469269935
0.00290275231482432,0.00087556175141534,0.00570219508438037,0.0071626034774149,0.00697647067626516,0.00170412969676538,0.00307981747383372,0.00647548863975253,0.00902609809769756,0.00855975696598254,0.00265540772285295,0.00435523889122543,0.00308349230741443,0.00381289605286003,0.00766895655164976,0.00387523877660731,0.00434135569219836,0.00552565197569093,0.00277933861861442,0.00654282685800786
0.00290584606959121,0.000876163594101468,0.00570352867555849,0.00716396070421438,0.00698033263636579,0.00171145477149189,0.00307777305049492,0.00648180040765325,0.0090327368119018,0.00856960298263303,0.00265650620963011,0.00435669590263569,0.00308303998672021,0.00381549421040882,0.00767825908163495,0.00387857268280682,0.00434788594599998,0.00552506741587689,0.00278234231960593,0.00654450435264337
0.00290181730170548,0.000875686123543907,0.00569758188546116,0.00715594100479242,0.00696921809269917,0.00170343039087966,0.00308109066068563,0.00647215133483897,0.00902742695944244,0.00855321179495537,0.00265437670671172,0.00435402683318271,0.00308652325644928,0.00381209354108207,0.0076683177022115,0.00387640745172692,0.00434025731931975,0.00551833746067038,0.00278210784260217,0.0065351068953848
0.00290480988982079,0.000876399775495643,0.00570339564701314,0.00716443102401931,0.00698348733845349,0.00170628342888964,0.00308040235129332,0.00647954308652585,0.00903479728523556,0.00856265854484475,0.00265752662442246,0.00436006420632984,0.00308683166778116,0.00381634232531748,0.00767722062178803,0.00387906209193378,0.00434659797726741,0.00553039076066885,0.002782497489559,0.00654374215596173
0.00290777116892519,0.000875947445914226,0.00570152028757951,0.00716200911328699,0.00697440103912886,0.0017114724842241,0.00307536756312741,0.00646865888858114,0.00903359037185842,0.00855856751682278,0.00265577032511926,0.00435642498713173,0.0030840510243537,0.00381563236612833,0.00766807515842014,0.0038825081892561,0.00434251598363978,0.00551956499205649,0.00277770874411901,0.00654211123953837
0.00290559106783814,0.000875383812287557,0.00569950843541798,0.00716429232764183,0.00697788914595915,0.00170384734938604,0.00307679621498893,0.00647830628678128,0.00902510984294741,0.00856418316051701,0.00265504367922675,0.00435629410017558,0.00308319820921946,0.00382084669164809,0.00767276033396593,0.00388163931472543,0.00434354900960765,0.00552674848306634,0.00277948890844082,0.00654330434579837
0.00290281094786847,0.00087522164469665,0.00569796768263694,0.00716085253793094,0.00697575015646456,0.0017034912818606,0.0030776734156882,0.00647590787314863,0.00902674736437848,0.00857405381374787,0.00265552457108479,0.00435443693692596,0.00308293047012199,0.00381323263960571,0.0076742859322881,0.00387622442024751,0.00434323174722942,0.00551931702025005,0.00277923069464877,0.00653823744862722
0.00290672212163357,0.000876408106043689,0.00570422027321105,0.00716721070676433,0.00698266344198064,0.00170398192071348,0.0030820389589375,0.0064789612641897,0.00903484993270024,0.00857049965033557,0.00265778053176536,0.00436130747223467,0.00308691989419683,0.00382024511513618,0.00768346572241013,0.00388278524486188,0.00434549321852438,0.00552041287662713,0.00278292358236945,0.0065476583132838
0.00290197227244675,0.00087605184174131,0.00570235206843648,0.00716373793711494,0.00697757160630763,0.00170415798993723,0.00307592551439113,0.00647853282437103,0.00902746956138734,0.00856240477584524,0.00265421956028858,0.00435490595918817,0.00308298431612573,0.00381366590068158,0.00767384697697217,0.00387866727282964,0.00434423074490593,0.00552146490312456,0.00277837261392419,0.00653978070970321
0.00290700006709372,0.000875972783719796,0.00570125085992025,0.00716335250917988,0.00697605058288749,0.00170512442800465,0.00307949468651907,0.00647509129766642,0.00903313882467133,0.00856598726694247,0.00265609004559404,0.00435526294528922,0.00308251268190042,0.00381547679518859,0.00767050702165699,0.00387819119188415,0.00434321130707484,0.00552309229661611,0.0027802795511906,0.00654026076730802
0.00290256122804498,0.000875306903850077,0.00569853977741126,0.0071615969876741,0.00697614816655427,0.00170402226373821,0.00307789469810294,0.00647466345690687,0.00902484730784561,0.00855493829101514,0.00265526872838989,0.00435635045102678,0.00308336725619146,0.00381603137722864,0.0076726122166197,0.00387864576142071,0.0043395633966755,0.00552191260002236,0.00278033242738322,0.00654050479173867
0.00290066607588468,0.000875411320918493,0.00569803186878233,0.00715879619901027,0.00697376944461344,0.00170453649376381,0.00307897202343428,0.00647462520856659,0.00902385646161812,0.00855486350925373,0.00265552102932443,0.00435610106453551,0.00308086933267544,0.0038130226185046,0.00766733505424113,0.00387693793404846,0.00434356893685108,0.00552451381229334,0.00277884009821462,0.00653752459226162
0.00290220266185443,0.000875765165880031,0.0057033090554039,0.00716332896387015,0.00698045018798546,0.00170386986626719,0.00307601019688422,0.00647478990849685,0.00902703970763516,0.00856100737153049,0.00265348313514316,0.00435596142227393,0.00308290259951246,0.00381412278357523,0.00767329622431142,0.00387761226389835,0.00434205415065143,0.00551861240720917,0.0027792477346365,0.00653819200083273
0.0029035943961813,0.000875999235652201,0.0057042977166754,0.00716017698238009,0.0069800650827034,0.00170452658970925,0.00307982224840822,0.00648211330557445,0.00902960085815526,0.00855885386448778,0.00265668282835789,0.00435765200024466,0.00308400592455619,0.00381458312506283,0.00767441715883961,0.00387805282800579,0.00434417108547216,0.00552720903160935,0.00277976853668327,0.00654093307240056
0.00290444562613523,0.00087637721533158,0.00570582534066231,0.0071688796495427,0.00697967115430593,0.00170561896102321,0.00308028839705403,0.00648028936007832,0.00903290842616545,0.0085615083564199,0.00265842600173045,0.00435864768015724,0.00308521049054702,0.00381634158773978,0.00767460183467841,0.00388201361555891,0.00434601750603971,0.00553011056158977,0.00277914051796684,0.00654173380867958
0.00290328958273528,0.000875209488533488,0.00570290358263493,0.00716453136868134,0.00697763897287401,0.00170524717698684,0.00308099617001663,0.00647797829086437,0.00902892485790989,0.00855346902890364,0.00265591072680714,0.00435671218520952,0.00308267023494697,0.00381498830384534,0.00767461869361147,0.00387844478160577,0.00434225430153586,0.0055267230599984,0.00277946993334203,0.00654173375832119
0.00290209964143779,0.000876007617681381,0.00570491079214144,0.00716212993309069,0.00698065669096764,0.00170486089619911,0.00308092033628756,0.00647936800046203,0.00902791325112358,0.00855939827356511,0.00265683756382134,0.00435884631115054,0.0030838177081534,0.00381556994065197,0.00767297211830265,0.00387898980944306,0.00435009541419271,0.00552663652579483,0.00277985284161034,0.00654326565925184
0.00290479736623738,0.000875664549060538,0.00570196684516298,0.00716368337395397,0.00697824197791041,0.00170316874225399,0.0030773774943547,0.00648128345145405,0.00902655199493338,0.00855996657784158,0.00265636603901756,0.00435532257128966,0.00308514336198549,0.00381454627546716,0.00767693020190703,0.00387955991619476,0.00434238358422477,0.005521691206591,0.00278015325229374,0.00654031953092073
0.00290371644871908,0.000875956011899453,0.00570514681891592,0.0071663454520787,0.0069822051958455,0.00170544773648173,0.0030794962350442,0.00647864718338314,0.00902909004321448,0.00856117528447245,0.00265598019651643,0.00435676510360788,0.00308338498809504,0.00381523270175327,0.0076725729786202,0.00387812642215757,0.00434384735286463,0.00552939906533312,0.00278038125961873,0.00654030440458218
0.00290202270872717,0.000875001694696121,0.00569958699269999,0.0071616851324013,0.00697666289325491,0.00170322425732501,0.00307676803813058,0.00647385972798028,0.00901776409246976,0.00857297777342695,0.00265368817034933,0.00435409431026052,0.00308012640755995,0.00381340371692663,0.00766889949420848,0.00387787049449425,0.00434015064204563,0.00552126703565819,0.00277773264284829,0.00653530298779295
0.002905792949152,0.000875114611736626,0.00569534509169045,0.00716678246490006,0.00697504974647568,0.00171031358464865,0.00307391139943709,0.00648398850416438,0.00902695474946156,0.00856059982402988,0.00265541170741882,0.00435676042774421,0.00308083470783707,0.00381507173423806,0.00767365011647965,0.00387825378439122,0.00434559725171652,0.00551841523679341,0.00278328620238595,0.00654748969600782
0.00290681323854109,0.000876089248103297,0.00570370443669394,0.00716556457581253,0.00698529605819458,0.00170604533194314,0.00307904690339961,0.00647530147488658,0.00903131317086501,0.00857587617722696,0.00265550323567911,0.00435548939949944,0.00308664315510501,0.00382111205293631,0.00767292689316688,0.00388087119683734,0.00435023659525588,0.00552064249809893,0.00278292999271791,0.00654438766418531
0.00289917193634819,0.000875654675037112,0.00569481503292816,0.00715449349176734,0.0069697803711815,0.00170875247236727,0.00307587670939659,0.00647332993526391,0.00901636288455288,0.00855171839901246,0.00265315602663366,0.00435166806847723,0.00307819381640839,0.00381298338389703,0.00766259670779363,0.00387251322266744,0.00434299787002235,0.0055179178487604,0.00277700119491459,0.00653549174885494
0.00290847060943617,0.00087584258781075,0.00570307501017105,0.00716529813340578,0.00698087829148738,0.0017039000625984,0.0030766893942022,0.00648769679560793,0.00904609923605918,0.00856361768322084,0.00265534775327845,0.00435891444593193,0.00308382702758586,0.00381673823071747,0.00767297274161998,0.00388518475715521,0.00434515083005408,0.00551915453516003,0.00277903547976456,0.00653922141970666
0.00290739934614997,0.000876072083233757,0.00570387271337874,0.00716307223368307,0.00698062351528377,0.00170661989562139,0.0030794194199965,0.00647854829468095,0.00903234808677156,0.00856360149447714,0.00265622620363361,0.00435818593843471,0.0030864462011279,0.00381803362914166,0.00767831698294019,0.00388462115568699,0.00434693008546458,0.0055297210128438,0.00278091155936807,0.00654371731954871
0.00290268989569928,0.000875964107820971,0.00570190847341999,0.00716639975146292,0.0069816053013603,0.00170539679885157,0.00308053852595346,0.00647899731484006,0.00902996371760637,0.00856324420214345,0.00265761831554159,0.00435824153800829,0.00308471848826514,0.00381635012952082,0.00767542154970521,0.00388142542965654,0.00434585517853895,0.0055255188266308,0.00278330989098203,0.00653861772604561
0.00290616393834199,0.000876226765885709,0.00570495461507165,0.00716563233217091,0.00698259373906492,0.00170494869798289,0.00307920859090032,0.00648007496509308,0.0090409128402534,0.00856733966615065,0.00265552196872871,0.0043612192247168,0.00308437082572083,0.0038168471456665,0.00767625305015867,0.00388218050346728,0.00434607155670421,0.00552271179631496,0.00278275330807399,0.00654324439098714
0.00290457050833981,0.000876178597967659,0.00570678054863837,0.00716755061292984,0.00698263192159268,0.00170552634330314,0.00308129932275722,0.00648114046584153,0.00903386397344312,0.00856227291789691,0.00265772437549575,0.00435841088832863,0.00308519323721221,0.00381614141590499,0.00767790016074378,0.00388013006678886,0.00434822068096784,0.00552893318942642,0.00278253910890218,0.00654218403765757
0.00290307201679093,0.000875171946940966,0.00569892420633153,0.00715840912520526,0.0069726366632839,0.00170411609423849,0.00307615696251622,0.00647344871216126,0.00902339726557128,0.0085544665618153,0.0026570532026443,0.00435533382066181,0.00308212835662222,0.00381578877885731,0.00766719669437438,0.00387715149074725,0.00434516014771832,0.00551588129699258,0.00278064307608169,0.00653135739289109
0.00290609701121029,0.000875899265293702,0.0057034757921542,0.00716070032057898,0.00697559343306762,0.00170571729015697,0.00307732140434776,0.00648227573590587,0.00902567885018947,0.00856031585943772,0.00265886134526188,0.00435572463093542,0.00308161327141694,0.00381651154153662,0.00767237624808753,0.00387753564813049,0.00434719125957101,0.00551876277136886,0.00277836596407493,0.0065387994351985
0.00290529178178186,0.000875391799911076,0.00570471664748959,0.00715946233413928,0.00698297133259269,0.00170466949803982,0.00308187152653758,0.00647921108593397,0.00903637864762089,0.00856413597572962,0.00265731457577726,0.00436048224696353,0.00308487345674722,0.00381652394984395,0.00767818497962277,0.00387900297471927,0.00434516332096394,0.00552228131833835,0.00278045667616569,0.00653946403062171
0.00290296605175996,0.000875880177935176,0.00570397491280503,0.00716158957464051,0.00697738417882946,0.00170347612514381,0.00307823763705569,0.00647736528625477,0.00902570364960329,0.0085609852357356,0.00265370677478123,0.00435755820689999,0.00308310020690844,0.00381455583549645,0.00767177021916676,0.00387834628176252,0.00434557746706473,0.00552014471908881,0.00277874542619246,0.0065415676846935
0.00290329272293814,0.000876657630112299,0.00570697102287489,0.00716958257773774,0.00698002624806879,0.0017059909107485,0.00308157826691273,0.00648075702363115,0.0090365323627713,0.0085653548110128,0.00265837304689272,0.00435867583010531,0.00308394416315225,0.00381668381051592,0.00767923403543903,0.00388109698585207,0.00434793909287809,0.00553028789642131,0.00278097564964196,0.00654282547308113
0.00290772383715596,0.000876356213513731,0.00570566809181062,0.00716989449495783,0.00698148154352508,0.00171082592890469,0.00308046578502227,0.00648144717725411,0.00903952746962996,0.00856910167079683,0.00265508701342409,0.00436155168423928,0.0030858985812218,0.00381834613646988,0.00767900522167504,0.00388189258994693,0.00434505584322417,0.00552840567995387,0.00278106631411636,0.00654518814445247
0.00290728806664186,0.000875673436649004,0.00569986113910764,0.00715788502090457,0.00697680538929722,0.00170387905905623,0.00307897007615989,0.00647845973957059,0.00902335132824566,0.00855551767818091,0.0026566479896819,0.0043546992499363,0.00308267928690636,0.00381738100508709,0.0076772265772927,0.00387925312931634,0.00434593943279279,0.0055247541603499,0.00278025054671017,0.00654941868186637
0.00290146571336703,0.000875329253359785,0.00569871178585044,0.00716514813512392,0.00697293527391858,0.0017046715344664,0.00307950486500942,0.0064827812826815,0.00902207558453998,0.00856317202112619,0.0026568770212994,0.00435741053230727,0.00308615442507744,0.00381871798243533,0.00767096915947569,0.00387906071815273,0.00434352934897813,0.00552063393949959,0.00280969385133291,0.00654271130628828
0.00290813522022833,0.000876357315442534,0.00570268004791816,0.0071635571717786,0.00697794720639897,0.00170350144993595,0.0030772514524018,0.00647802945875542,0.00903286173240669,0.00856221630163501,0.00265530016293346,0.00435707326098624,0.00308407538282252,0.00381761200920187,0.00767801436245765,0.00387843201795797,0.00434380350156428,0.0055210546379694,0.00278399075592001,0.00654110424535243
0.0029023566169512,0.000875243414746286,0.00569875456270602,0.00715870070826878,0.00697926322404022,0.00170246341068983,0.00307658822664869,0.00647888052018314,0.00902543803311596,0.00856316962368203,0.00265280090662408,0.00435672860027916,0.00307981041839596,0.00381246031210171,0.00766912989672165,0.00387546255791341,0.00434606254002712,0.00551586986781375,0.00277795735096827,0.00653873443847297
0.00289881057918142,0.000875131905292188,0.00569719670208634,0.0071501627404597,0.00697032237112863,0.00170226401346875,0.00307328146131525,0.00646852732527865,0.00901669751179538,0.00854808611725995,0.00265133616202964,0.00435108742790267,0.00308095934114112,0.00381119923818548,0.00767004206755605,0.00387516144225885,0.00433849264552249,0.00551517994892944,0.00277948077224542,0.00653281670819801
0.00289786469830068,0.000874758813222275,0.00569659210736224,0.00715214533278718,0.00696752526732774,0.00170164067854757,0.00307286696513291,0.00646678942640497,0.0090178055846073,0.00854868618440861,0.00265101598431708,0.00435018834181413,0.00307888005732603,0.0038104327085324,0.0076612187127917,0.00387248763369374,0.00433716488949114,0.00551159877393297,0.00277566237189579,0.00653108097081015
0.00290379279524445,0.000874953707965012,0.00569596787011369,0.00715385098224507,0.00696997874099613,0.00170167551167271,0.00307285802898409,0.00647839828096687,0.00901755954576686,0.00855004222237453,0.00265208738541963,0.00435017249191846,0.0030828689910756,0.0038103869940986,0.00766564366247343,0.00387326640349153,0.00433746075299291,0.0055133820674496,0.0027760641447463,0.0065398928569096
0.00290507211738128,0.000876657756318937,0.00570598698238642,0.00716834063990884,0.00698420262085209,0.0017057994580534,0.00308437342711054,0.0064802236895651,0.00903793193127541,0.00856445229380425,0.00265779833511727,0.0043596729116559,0.00308309575501911,0.00381822018008798,0.00767687861491901,0.00387939708386429,0.00434752039827603,0.00552698764817272,0.00278147918227797,0.0065424493591522
0.00290610721924091,0.000876327421742981,0.00570026968783613,0.00716350080091758,0.00698274926896603,0.00170798465755469,0.00308054141291062,0.00647976593464125,0.00903067437491906,0.00856211569102994,0.00265757291629462,0.00435925037385945,0.00308393157058797,0.00381549917712641,0.00767664712295066,0.00387979353540187,0.00434508140640351,0.00552918633140688,0.00278054667181221,0.00654252550531659
0.00290799463447977,0.00087631746114926,0.00570611121565344,0.00716199807543053,0.00697810521718003,0.00170522956059856,0.00307961233306949,0.00647660529043278,0.00903211530887886,0.00856315003500359,0.00265592749999896,0.00435914870095021,0.00308521266541378,0.00382043863207742,0.00768435767769849,0.00387899561495612,0.00434542536099787,0.00552404613994627,0.00278049164856013,0.00654396926180036
0.00290014029468495,0.000874946185877123,0.00570198082625876,0.00715917942812107,0.00697432958834889,0.00170301188861573,0.00307452295271989,0.00647500534258845,0.00901902053943695,0.00855590822099501,0.00265253206056951,0.00435336347346905,0.00308014776263716,0.00381238043110561,0.00766867295728885,0.00387553800481574,0.00434130139680979,0.00551502026231972,0.00277754761199589,0.00653642027945984
0.00290044171693962,0.00087534356205541,0.0056995148951238,0.007157831132243,0.00697461802517495,0.00170398632343805,0.00307957277132269,0.00647271522925456,0.00902277629231243,0.00855780594352882,0.00265814935853443,0.00435562032650297,0.00308076169685843,0.00381361223026444,0.00767017898200386,0.00387847049357794,0.00434907719589153,0.00552268681089428,0.0027800943706493,0.00653523853372811
0.00290679941172457,0.000875964226164614,0.00570778888151934,0.00716439616225159,0.00698130669265953,0.00170420694736991,0.00307804426978606,0.00647750126209763,0.00903973887403068,0.0085629654028773,0.00265584613275942,0.00435824895910033,0.00308311879918641,0.00381665439167921,0.00767418906130032,0.00387853495463932,0.00434328008998074,0.00551962077015072,0.00278123500053506,0.0065425171762552
0.00290331628629732,0.000875890259616982,0.00570392722147373,0.00716472833252794,0.00697807924382869,0.00170372859675787,0.00307698285937825,0.00647594359056444,0.00902656160826615,0.00856054030727825,0.00265373401012714,0.00435603048302071,0.00308263187467592,0.00381469214800311,0.00767237348371884,0.00387960982608617,0.00434295243293539,0.00551896741085732,0.00277962137188957,0.00654126098523473
0.00289726389077404,0.000873910137481713,0.00569467267196696,0.00715243557750958,0.00696346742082071,0.00170001489557808,0.00307014439332216,0.00646548676474113,0.00900780946716309,0.00854516757931821,0.00264996610281568,0.00435054535949251,0.00307755680429701,0.0038073175645044,0.0076585530401479,0.0038703261564068,0.00433577348164439,0.00550861238040604,0.00277350857515241,0.00652956678088889
0.00290568826220649,0.000875708081888607,0.00570221341825124,0.0071603624842685,0.00697947075381039,0.00170383312505864,0.00307729111762853,0.00648176938472188,0.00903305470378195,0.00856515233278333,0.00265470954769439,0.00435761008708992,0.00308570808326151,0.00381464793596584,0.00767914969737667,0.00387918399563394,0.00434451180804431,0.00552060973677446,0.00277992239077224,0.0065400700660025
0.0029042278916065,0.000876505861318452,0.00570551782390496,0.00716373350355472,0.00698132922527654,0.00170539662799722,0.00308127027651475,0.00648040549248434,0.00903318929247999,0.00856288899725171,0.0026580577414433,0.00435877661428981,0.00308449343420141,0.00381655082250663,0.00767709190559071,0.00388097210582888,0.00434651621271947,0.00552979761093586,0.00278173192327475,0.00654128500904694
0.00290039893811594,0.000875303868989461,0.00569919046721882,0.00715616107997801,0.00697683368231963,0.00170384654446026,0.00307677977199597,0.00647334761407764,0.00902190202756111,0.00855621779898338,0.0026524148499864,0.0043527391442367,0.00308046221852331,0.00380866296538634,0.00766806093631674,0.00387527936310343,0.00434534292802784,0.00552110170268304,0.0027769252398428,0.00653183001355779
0.00290495326829744,0.000875867267495496,0.0057047837215417,0.00716177200589977,0.00698036753289702,0.00170527838051132,0.00308151482768225,0.00647762492821417,0.00902922904200437,0.00855891630150091,0.00265937519575109,0.00436270340825096,0.00308401083568134,0.00381664591792561,0.00767404654063568,0.00388018344661868,0.0043475311398098,0.00552728433588746,0.0027832331221869,0.006542628305121
0.00289927781899384,0.000875157643586435,0.00569838964274428,0.00715654478073081,0.00697000133067696,0.00170201733488729,0.00307534996080222,0.00647108274820469,0.00901943106086402,0.00855061068631276,0.00265164982090286,0.00435281874691629,0.00308023756810017,0.0038098992248622,0.00766426252474028,0.00387477086136986,0.00433864180258175,0.00551463731915284,0.00277744512915187,0.00653322179867545
0.00290574482167883,0.000876331307338106,0.00570196158831789,0.00716343328217822,0.00698091228592775,0.00170800338475881,0.00308037824603965,0.00647463373768577,0.00904135403524332,0.00856721065064089,0.00265528455154233,0.0043599461858473,0.00308833744589483,0.00381734652409623,0.00768071585868465,0.00387963331641038,0.00435040259663259,0.00552415687703585,0.00278401777858655,0.00653943945261804
0.00290850687061688,0.000876288863043671,0.00569992269536201,0.00716707013059205,0.00698248617042579,0.00170600918614831,0.00308262658148815,0.00647861762338045,0.009033498158264,0.0085640373580713,0.0026594068371174,0.00436095406544626,0.00308603596042376,0.00381307034896529,0.00767845146214016,0.00388146214291709,0.00434937943338453,0.00552948813624105,0.00278001951691655,0.00653559630973172
0.00290643361379604,0.000875993335595801,0.0057032747230246,0.00716539566521239,0.00698172480705426,0.00170571705263442,0.00307991407422069,0.00647648774454517,0.00904019513813674,0.00856097047676028,0.00265750739050851,0.00435704487123167,0.00308336074927627,0.00381685376192173,0.00768105566048365,0.0038830147050283,0.00434775184704866,0.00552005616737264,0.00278233305737675,0.00654043924656204
0.00290500286220393,0.000876047134912522,0.0057027369961054,0.00716387599584995,0.00697832897872571,0.0017107460134861,0.00308958847298557,0.00647618320838967,0.00903370092647911,0.00856774381459995,0.0026656845530445,0.00435656589717005,0.00309585560000748,0.00381838675797136,0.00767215519011193,0.0038810005805334,0.00434691051436234,0.00551823194369439,0.00277985493296726,0.00654179949059568
0.00290600659722611,0.000876457421720957,0.005705672517371,0.00716751192980337,0.00698507782500683,0.00170443665955686,0.00307887691911685,0.00647964853909814,0.00903626905482028,0.00857322536670159,0.00265869483808686,0.00436188875680888,0.00308598781613031,0.00381879718852524,0.00768689022520421,0.0038815519140748,0.00434524340311522,0.00552083934483253,0.00278300678076336,0.0065533525481864
0.00290653694068335,0.000875861306007364,0.00570291917122569,0.00716641905942186,0.00697990515451699,0.00170552338917507,0.00308016787685346,0.00647977602328035,0.00903251118353048,0.0085712828182601,0.0026560187630945,0.00435879041588543,0.00308488767257792,0.00381706349783605,0.00767588697346675,0.00387997820497981,0.00434626778758727,0.00552144399177533,0.00278122602498079,0.00654728659870189
0.00290672720941135,0.000875733257141277,0.00570026248294756,0.00717242149495049,0.00698015082899438,0.00170643765672245,0.00308145688353734,0.00647991898628319,0.00903996359490577,0.00856710157684039,0.00265971275193534,0.00435964072771379,0.00308684909544277,0.00381781931715492,0.00768292903425559,0.00388060449083746,0.0043476298075118,0.00552900833978099,0.00278165826294312,0.00654397814632216
0.00290275470379984,0.000875770968983004,0.00570344304736471,0.00716134705209098,0.0069776441448954,0.00170566606041663,0.0030780421348786,0.00647926194933298,0.00902997808920587,0.0085576264828001,0.00265712870500455,0.0043555340709743,0.00308187910187493,0.00381394775325244,0.00767467139601128,0.00387846129112055,0.00435029823776611,0.00552406705496006,0.00278106627552474,0.00653945155257838
0.00290189574935784,0.000876254486761821,0.00570621103145548,0.00716640440447285,0.00698073771412647,0.0017063353696837,0.00308123807367723,0.00648054774945232,0.00902920363307605,0.00856429230033015,0.00265859026704723,0.00435996260200032,0.00308414359537996,0.00381634898993506,0.00767722529944688,0.00387953528362217,0.00434558857302716,0.00553038755788143,0.0027815354643904,0.0065411883850567
0.0029069133662243,0.00087658978210888,0.00570664675559916,0.0071666229687457,0.00698531390104246,0.00170526007786935,0.00307929515685399,0.00648039703406848,0.00903704789973935,0.00857394818070891,0.00265663746598573,0.00435904816019612,0.00308507676004956,0.00382056157945329,0.00767929702279446,0.00388165734655172,0.00435038461718366,0.00553168068091991,0.00278293881007117,0.00655041355512466
0.00290195153639943,0.00087539484661074,0.00569626717699446,0.00716328082416919,0.00697247204885682,0.00170219578317238,0.00307912385185751,0.00647313217997985,0.00901987618423367,0.00855597747088195,0.00265669866484823,0.00435528075376495,0.00308248038598052,0.00381562590050804,0.00767062461606582,0.00388034864116043,0.00434032681028648,0.00551769263696015,0.00277747252224703,0.00653962422116549
0.0029018648977177,0.000875198338154519,0.00569781754270186,0.00715578199893031,0.00697647519188629,0.00170454627765659,0.00307465839071029,0.00647781579915813,0.00902136361489317,0.00855896196118784,0.00265525573769385,0.00435560780312931,0.00308305677604107,0.00381179370406342,0.00766635110698764,0.00387510227341298,0.00434759216579025,0.00552165169088891,0.00277791636690492,0.00653920172817866
0.00290381409114672,0.000876414920207465,0.00570470436363552,0.00716622413222245,0.0069806377722076,0.0017051695860358,0.00308062780945856,0.00647936597837143,0.00903202616809361,0.00856266895059757,0.00265814147507265,0.00435842320716125,0.00308358397295842,0.00381616077030345,0.00767513249754184,0.00387914892276125,0.0043449242860525,0.00553003916391948,0.00278061390655438,0.00654051367390922
0.00290298462640226,0.000875017090384354,0.00569664188956546,0.00715423907328443,0.00697026658087825,0.00170238035048066,0.00307505268439937,0.00647036741651177,0.00901886216018063,0.00855107985496942,0.00265115814742817,0.00435459320182464,0.0030807129483887,0.00381230399280669,0.00766843847122632,0.00387527376401851,0.00434621298079478,0.00551498913347301,0.00278120536530284,0.00653355323061108
0.00290338495510189,0.000875483504390567,0.00569754099115713,0.00715863432116591,0.00697555526514717,0.00170303682338331,0.00307537118058267,0.00647291162998963,0.00903403350752409,0.00855482546205134,0.00265606724860712,0.00435349281515155,0.00308125864486631,0.00381234728356628,0.00767335112841042,0.00387627774037517,0.00434127579065959,0.00551805016879815,0.00277662244736633,0.00653353955916056
0.00290433756779135,0.000875269124422436,0.00570308938632048,0.00716382061215248,0.00697588076155162,0.0017048508795904,0.00307634756855069,0.00652468303259567,0.00902442158487198,0.00856095548018537,0.00265851707751958,0.00435880223455115,0.00308535946143665,0.00381696137419445,0.00767915933258519,0.0038775799195835,0.00434586887558309,0.00552194294491097,0.00278062104226227,0.00653928049230057
0.00290330125831232,0.00087604067049408,0.00570954109201869,0.00716760799466294,0.00697870610384562,0.00170641614097738,0.00308107132130938,0.00648186938663721,0.00903287748370391,0.00856531457726446,0.00265815871480027,0.00436128066375229,0.00308572510055919,0.00381845774778628,0.0076760131620299,0.0038818886654392,0.00434576485554252,0.00552931303508903,0.00278280602536374,0.00654229900773952
0.00290668414960556,0.000875564779143363,0.0057012460623507,0.0071618670874094,0.00697845239215023,0.00170464707027293,0.00307775830533895,0.00647516522011142,0.00902677344734454,0.00857096458381939,0.00265364009854003,0.00435659347925182,0.00308549750291503,0.00381437596074481,0.00766902564239267,0.00387833543588959,0.00434710644268272,0.00552307897321104,0.00278007562485514,0.00653663771552222
0.00290504785321051,0.000876375282801798,0.00570380119254786,0.00716490629583243,0.00698121949533759,0.00171131972437916,0.00308879652713963,0.00647571431903715,0.00903773528740957,0.00856871268171812,0.00265762096275679,0.00435717065168819,0.00308515401735668,0.0038163790105458,0.00768116172165472,0.00387902432393693,0.00434337919137499,0.00552158997455937,0.00277976174541101,0.00654272358477178
0.00289923305094526,0.000875117195515191,0.00569652728245928,0.00715362274192441,0.00697081448072194,0.00170157623551562,0.00307207226401681,0.00646887315046564,0.00901322156655613,0.00854964507810774,0.002650416835237,0.00435248303838789,0.00308034707600224,0.00381021485220087,0.0076604586557082,0.00387253503853799,0.00433860902251842,0.00551471824575185,0.00277562994464268,0.00653300906468323
0.0029019046419027,0.000876271506995573,0.00570300381225831,0.00716747487591509,0.00698072223838345,0.00170425488792322,0.00307791873033567,0.00647815639132068,0.00902852881179501,0.00858883058323847,0.00265519018280785,0.00435918052967188,0.00308440836654978,0.0038167275081304,0.00767530827915841,0.00387689391132963,0.0043456067222026,0.00552573038195629,0.00278071306486614,0.00654297354238974
0.00290502579593894,0.000876510412639593,0.0057022518562024,0.00716753741839009,0.00698162979531797,0.00170455399941745,0.00308083217533775,0.00647717118768461,0.00903285426509326,0.00856425172062697,0.0026569854532281,0.00435697517253007,0.00308444710580154,0.0038147513027415,0.00767610451927123,0.00388016882046127,0.0043456137014822,0.0055299341726254,0.00278093867408166,0.00654104012979987
0.00290076020187569,0.000875335976578071,0.0056991386140171,0.00715419339085602,0.0069745049169952,0.00170330974245854,0.00308106589603141,0.00646959394284472,0.00902128958668647,0.00855230998747969,0.0026572754813178,0.00435454121707907,0.00308242198944013,0.00381165950930004,0.00766866918092792,0.0038738297615711,0.00434040604525891,0.0055249249703791,0.00278055439088268,0.00653065397653452
0.00290591128092947,0.000876869557059534,0.00570553523023648,0.00716644924793296,0.00698275315287025,0.00170650208750311,0.00308114470092143,0.00647823353329389,0.00904279539710757,0.00857102394149313,0.00265640424874524,0.00435818688138754,0.00309789729111066,0.00381779469118212,0.00767697307127836,0.00388356329659137,0.00434508627522555,0.00552317858797535,0.00278037158576559,0.00654414519525493
0.00290476895468307,0.000875794535290217,0.0057007580347641,0.00715882997862821,0.00697316230151384,0.00170493916834353,0.00307594755582869,0.00647288200357166,0.00902268784959874,0.0085573422440312,0.00265714731575333,0.00435330659626931,0.00308528260430886,0.00383523565095075,0.00766815218230216,0.00387474612679731,0.00434103695639438,0.00552233131808016,0.00278070457740442,0.00654243952732782
0.00290238423698628,0.000875875162538667,0.00570263888293123,0.00716581062646047,0.00697905373894219,0.00170415495733169,0.00307668371603969,0.00647596986423663,0.00902693578985817,0.00855866064473889,0.00265382339064826,0.00435716378538694,0.00308339888365441,0.0038150789862389,0.00767206674593796,0.00387757365348083,0.00434460847236078,0.00552003534958525,0.00277951581782986,0.00653892278824483
0.00290362681238017,0.000875270073222661,0.0056984488548756,0.00715915501868212,0.00697363629204439,0.00170514104661431,0.00307403361984487,0.00647016415930399,0.00902939820753152,0.00855395129616673,0.00265333872656701,0.00435956382362925,0.00308064481796404,0.0038131317935616,0.00766864374853373,0.00387599467495833,0.00434125172192731,0.00551983066803448,0.00277839172563149,0.00653481828901119
0.00290376821768155,0.000876334991689314,0.00570173890466573,0.00716634444270398,0.00698156139965265,0.00170552750746664,0.00308214121522879,0.00647759612595091,0.00903653120205079,0.00856114991400127,0.00265833207742219,0.00435824589581799,0.00308380314898928,0.00381554597100478,0.00767618689538613,0.00387888930870958,0.00434500416052148,0.00553018935168623,0.00278169497098001,0.00654197600697249
0.00290184978402692,0.000875358454341708,0.00569937956610408,0.00716011728394416,0.00697418355623094,0.00170409851257945,0.00307902420787383,0.00647307123649903,0.00902776450988962,0.00855728313240744,0.00265368014482165,0.0043547913223975,0.00308304457939283,0.00381705172100331,0.00766982933698644,0.00387507704027122,0.00434057920803124,0.00552152765228081,0.00277924595809595,0.00654177618247094
0.00290348589317873,0.000875361399759426,0.00570074451975977,0.00715936581978513,0.00697892146079947,0.00171247878364795,0.00307596088210199,0.0064835082162808,0.00902570702141274,0.00856031879171076,0.00265796215744837,0.00435518942048108,0.0030873497532905,0.00381973562914348,0.00767264051075007,0.00387882085164726,0.00434213980214691,0.00551596276702667,0.00277949844705059,0.00653926387226368
0.00290062343293046,0.000875200647173904,0.0056990011716857,0.00715745008157107,0.00697380092960251,0.00170359320746191,0.00307605990079941,0.00647127485796392,0.00902106378479577,0.00855461105380334,0.00265531011259572,0.00435159467682777,0.00308130456517827,0.0038121328451154,0.00766711859347548,0.00387424640700526,0.00434155753041968,0.00552023464807143,0.00277624889906821,0.00653211081180898
0.00290105645705242,0.000875080998712324,0.00569828505004384,0.00715523964600232,0.00697180786188448,0.00170218965711173,0.00307427171831113,0.00647381310024089,0.00902252788576505,0.00855247826377307,0.0026547302203552,0.00435426540614136,0.00307989100105212,0.00381669629758663,0.00766505690244985,0.00387730266757471,0.00434037809088262,0.00551662867487875,0.00277587667458262,0.006541789788032
0.00289747719769392,0.000874535302658991,0.00569637530310816,0.00714704251869191,0.00696552270528336,0.00170186483772576,0.00307368451388936,0.0064671002106957,0.00901122257706728,0.00854578012532673,0.00265030316524127,0.00434937563846259,0.00307796784313609,0.00380935382298788,0.00766341078765026,0.00387066621177645,0.00433528492004014,0.00551042376305565,0.00277469310467284,0.00652772434328718
0.00290301359060702,0.000876347325655283,0.00570703388012678,0.00716638709244592,0.00698004980593703,0.00170563733763793,0.00308131725945261,0.00648105154389117,0.00903357754666905,0.00856328796024318,0.00265731783009221,0.00435974060318988,0.00308367439571707,0.00381646532647282,0.00767516821459654,0.00387895707598402,0.00434595815085667,0.00552962962840712,0.00278144345402113,0.00654385929478707
0.00290524519726497,0.000877291612371328,0.0057077733671292,0.00717089575277241,0.00698739502022879,0.00170456524040748,0.00308048293945125,0.00648144866794673,0.00903269183602441,0.00856403765718072,0.00265744198808842,0.00435947264346687,0.00308529862310164,0.00381842815748311,0.0076844934987749,0.00389762632812456,0.00434640286483094,0.00552199215191888,0.0027824167162586,0.00654825968453156
0.00290611789171823,0.000875765293991972,0.00570550938393831,0.00716489233673616,0.00697734134589651,0.00170343810847639,0.00309573614049377,0.00648640286912791,0.00903021811455298,0.00856680878621321,0.00265514898616205,0.00438332067125866,0.00309836778360922,0.00381673268696398,0.00768538143812781,0.00389665970810582,0.00436424719211523,0.00552779433632879,0.00278016198102477,0.00655080210860966
0.00290103356795964,0.000876157153650597,0.00569993170256619,0.00715965823686865,0.00698022447480341,0.0017034953352185,0.00307733926849515,0.00647712735516321,0.00902667564101257,0.00855835880589541,0.00265416978873116,0.00435661899959443,0.00308376390836287,0.00381718572990844,0.00767690684864507,0.00388167981490811,0.00434307320435286,0.00551975903451682,0.00278088026178615,0.00654975668475429
0.00290329409738705,0.00087539835869565,0.00569848605093405,0.00715667986726159,0.00696656402267081,0.0017027210389497,0.00307289468434592,0.00647046128424084,0.00903557327998543,0.00855370743474142,0.0026511375825857,0.00435222159048355,0.00308348571396268,0.00381386061742025,0.00766601198257092,0.0038759035116281,0.004340203173227,0.00551269651081695,0.00277730676433232,0.00653700073569703
0.00289979157486835,0.000875241523642032,0.00569823817191866,0.00715763046367389,0.0069764699837375,0.00170238759848186,0.00307555496367405,0.00647136819971293,0.00904422333819614,0.00855740554609954,0.00265246951776095,0.00435354799198894,0.00308127855283431,0.00381250488755805,0.00766647781074931,0.0038752980410321,0.00433941671420785,0.00551638886584585,0.00277707296389272,0.00653545751500022
0.00290396446256094,0.000876423369493485,0.00570715647818736,0.00716782834213792,0.00698122037998848,0.0017068114218062,0.00308259037477486,0.00648087374785064,0.00903485687406985,0.00856420626641904,0.00265829246103787,0.00435926948514536,0.00308441781791908,0.00381802442373142,0.00767709532677207,0.00388122686039633,0.00434849044909953,0.00553158041071388,0.0027817381294242,0.00654280649087125
0.00290349495877565,0.000876013938319981,0.00570206765881476,0.00716569460203556,0.00698077001028087,0.00170418338514552,0.00307794699763262,0.00647774838993244,0.00902772878867129,0.00856189390780158,0.00265415029594399,0.00435681057364004,0.00308410241254159,0.00381601993639147,0.00767089647161504,0.00387604558213819,0.00434171451839371,0.00552020463200211,0.00278206942085931,0.00654194597705211
0.00290279553555514,0.000875755005198686,0.00570292198060283,0.00716532045463409,0.00697945094434085,0.00170357992914478,0.0030768749350701,0.00647569643232149,0.00903007947088723,0.008561869780643,0.00265398303687671,0.00435609636457505,0.00308314307821218,0.00381356910989152,0.00767201327582849,0.00387794965137346,0.00434358071893879,0.00551621471071263,0.00278013482394423,0.00653871141242511
0.00290146917716755,0.000875479630049775,0.00570320147655086,0.00716421264940475,0.00697677579181861,0.00170432866439117,0.00308089520240158,0.00647407300415368,0.00902887160847165,0.00855904809283955,0.00265643216985489,0.00435995304897881,0.00308704442062556,0.00381827855360805,0.00767098953420705,0.00388152633444827,0.00434544558798891,0.00551775319224402,0.00278142473681895,0.00654064380088711
0.00290244966166064,0.00087572506476913,0.00569950472962452,0.00716152761486995,0.00697671301190638,0.0017039819247992,0.00307819641441532,0.00647449584609028,0.00902691076601159,0.00855794307277827,0.00265651693503437,0.00435620221756212,0.00308157403987883,0.00381526115406915,0.0076697352407165,0.00387655864566168,0.00434150920468234,0.00552125405063161,0.00277868075064454,0.00653853517119895
0.00290801024523445,0.00087590644705593,0.00570688671131309,0.00717110136790418,0.00697703524361614,0.00171452615936931,0.00307907455876516,0.00648146800924095,0.00903300859871706,0.00856666836887614,0.00265512417658745,0.00436112117660352,0.00308758848163218,0.00381599633418668,0.00767918883190243,0.00388129654125605,0.00434708971472739,0.00552247615803939,0.00278139861813792,0.00654551137672995
0.00290797287241375,0.000876086505162899,0.00570680210563215,0.00716601152126618,0.00697437251143243,0.00170527996937135,0.00307665095282781,0.00647535018837723,0.00902855589778304,0.00855971238213265,0.00265592236821702,0.00436654145718243,0.00308465668913262,0.0038139934609316,0.00767516734500437,0.00388446658379072,0.00434464022089764,0.00551851792832872,0.00278085754501193,0.00653943067043032
0.00290662063494112,0.00087653669838822,0.0057090296760744,0.00716655706161499,0.00698133982922071,0.00170730382710299,0.00309363529312378,0.00648714849729456,0.00903123250031296,0.00856520174254333,0.00265612622731574,0.00435746274362009,0.00308901706697895,0.00381752961660691,0.0076837413491782,0.00388331529751619,0.00434440415133113,0.00552077202181961,0.00278696793276733,0.00654222186893854
0.00290163938897577,0.000876227093353306,0.00570387777721862,0.00715638812258993,0.00697123669912756,0.00170459612054604,0.0030812443352638,0.00647771535356019,0.00903346291035639,0.00856076221624168,0.00266003788078152,0.00435825884178697,0.00308501500801936,0.0038155066160745,0.0076727256740865,0.00387731454512102,0.00434661475927181,0.00552947788107644,0.00278024733590439,0.00653809980721397
0.00289898670449579,0.000874937110281681,0.00570018531873039,0.00715684940178123,0.00697261537624832,0.00170278274075418,0.00307442197579266,0.00646889996860526,0.00902685985791673,0.00855697338426898,0.00265133851071564,0.00435209400009362,0.0030813762301979,0.00381306004890966,0.0076632793787518,0.00387306889872535,0.00434223497605697,0.00551346269505236,0.00277700841920588,0.00653356196689221
0.00290192751948304,0.000875860870513101,0.00569947254118518,0.00715814593535824,0.00697210795741434,0.00170305728690111,0.00307914086078792,0.00647244207090398,0.00902594438035769,0.0085569741221071,0.00265302403796691,0.00435365815253803,0.00308321753224778,0.00381210548850697,0.00767038753060549,0.00387647351652988,0.00434206562594431,0.0055194354622136,0.00277900718446763,0.0065369372986912
0.00290679745093243,0.000876246089183618,0.00570464877348261,0.00716532207273078,0.006981422131266,0.00170514812044471,0.0030776986333216,0.00647549390742053,0.0090281647308085,0.00856271889306909,0.00265750762093995,0.00435820104492542,0.00308418489648577,0.00381391502664781,0.00767638758026993,0.00387893334615647,0.00434524563723303,0.00552888657809364,0.00278052682312471,0.00654237836605159
0.00289555385816411,0.000875086862926871,0.00568846326148936,0.00714986041791566,0.00696509256440602,0.00170286823055056,0.00307509251318274,0.00650453079595508,0.00902192553241682,0.00853674179510753,0.00265651551007591,0.00434661488348478,0.00307902107643486,0.0038092720369962,0.00766544509427667,0.00387530626451626,0.00434236712245783,0.00550850977045793,0.00277304496287951,0.00652502372484788
0.00290320538517603,0.000876099057460807,0.00570373725037179,0.00716383321625708,0.00697768720428173,0.00170571757129794,0.00308172280195873,0.00648152906705155,0.00903366872813259,0.00856252178833664,0.00265743658363696,0.00435857749206558,0.00308356601436549,0.00381597177476946,0.00767479006805132,0.00387834622589319,0.00434609739097832,0.00552873382455042,0.00278168987762266,0.00654020434992682
0.0029027720394035,0.000875776654545983,0.0057013625099175,0.00716189072426283,0.00697887756832509,0.00170532049968183,0.00308396855895646,0.00647691658400788,0.00903662979489619,0.00856640522019207,0.00265596117465476,0.00435655758303665,0.00308348187835765,0.00381555581557561,0.00767114020521285,0.00387810606159032,0.00434489258438309,0.00552104039163794,0.00278024739335137,0.00654219471472281
0.00289943696643727,0.000875860223745321,0.00570481102805037,0.00715930939356968,0.00697977167414597,0.00170326096279768,0.00307864216761897,0.00651669185361519,0.00902392178501401,0.00855627262414321,0.00265735086766965,0.00435620660388918,0.00308423586543625,0.00381397731316837,0.00767317732195708,0.00387778387389838,0.00434259134464867,0.00551940110277472,0.00278057933709913,0.00653861204876015
0.00290483342144841,0.000875504091946324,0.0056996818948159,0.00716199785979255,0.00698065619057511,0.00170380533258028,0.00307574825476102,0.0064770288657306,0.00903218089866252,0.00855594510185296,0.0026532560756775,0.00436246113077607,0.00308140690983334,0.00381995073887987,0.00767669948125077,0.00387684787044644,0.00434577505851554,0.00552340093199852,0.00278121022050449,0.00653602113801489
0.00290131407404394,0.000875578095993002,0.00570195797842468,0.00716209610059474,0.00697655938291253,0.00170434494293067,0.00307660487697587,0.00647603138247388,0.00902426721638075,0.00857730105896386,0.00265383981806334,0.00435818358834786,0.00308191890892661,0.00381581172618385,0.00768866489137044,0.00387890619143971,0.004342327535335,0.00551780155361088,0.00277777685194412,0.00653925284887051
0.00290534604777804,0.000876036720961012,0.00570038157748043,0.00716275934442414,0.00698449397212385,0.0017033121836317,0.00308005624165648,0.00647887887548411,0.00903154828511728,0.00856591017744976,0.00266742410646405,0.00435581084205076,0.00309688695967496,0.00381746763111616,0.00767006370008656,0.00388092383632827,0.00434694585119902,0.00552407322494602,0.00278121574841093,0.00654015992828776
0.00290420511836184,0.000876069195997691,0.00570483709114816,0.00716094394838945,0.00697693648538994,0.00170504524559122,0.00308018368568098,0.00647922043864059,0.00903574616100092,0.00856267292477642,0.00265851917701893,0.00435784596226892,0.00308449832589298,0.00381635545786165,0.00767491350584822,0.00387866151890698,0.00434437445971095,0.00553082379965251,0.00278006232358744,0.00654221615816138
0.00290281926792067,0.000876669402750515,0.00570558342035443,0.00716458426829802,0.00698378683196051,0.00171413119565266,0.00308170257438166,0.00648108936962354,0.00903103693085957,0.00856498940715979,0.00267133586168959,0.0043606887189596,0.00308582891760659,0.00381740840133506,0.00767879788746206,0.00387906005547778,0.00434628448978374,0.00552942001557702,0.00278185931261221,0.00654315810898753
0.00290824402631729,0.000876173198812303,0.00570585598797071,0.00716529177853498,0.00698257489572478,0.00170512679810657,0.00307896681234706,0.00648218187677478,0.00903522557866221,0.00856540947203958,0.00265662480172345,0.00436542281227473,0.00308469087669028,0.00382417567885201,0.00768969961308382,0.0038816679786359,0.00434674657547951,0.00552214551889214,0.00278144248690262,0.00654589468984163
0.00290395056706414,0.000876040219491451,0.0057011847845983,0.00715835130929689,0.00697780230062697,0.00170391778969541,0.00307737528846447,0.00647329223509908,0.00903224232652064,0.00856162344868493,0.00265672771886092,0.00435904413152367,0.0030819118814582,0.00381481169088935,0.00767352628383071,0.00387671699781255,0.00434337551098302,0.00551884875785486,0.00277794343343074,0.00654473886742641
0.00290290534489227,0.000875758410745475,0.00570444429285563,0.0071642615075401,0.00697685653239658,0.00170434523261194,0.0030775093746134,0.00647780184572473,0.00902668286222191,0.00855993765244612,0.00265399648920104,0.00435641015305721,0.00308344209593271,0.00381578328462751,0.00767398751935197,0.00387802715473088,0.00434377714347599,0.00551877609020445,0.00277921856192394,0.00653941771357762
0.00290732514192125,0.000876450380300298,0.00570310135882089,0.00716356347254088,0.00698198554213807,0.00170588310294663,0.0030804783725266,0.00648315402169004,0.00903362820948997,0.0085649667963756,0.00265846728611754,0.00435783080302384,0.00308488654154848,0.00381617903741245,0.00767556898858215,0.00387982553177353,0.00434470807076603,0.00553116612114509,0.00278104325582383,0.00654279443313794
0.00290968903837636,0.000876255911661019,0.00570484549224721,0.00716337530008248,0.00698344204969607,0.00171401774574085,0.00307812286019785,0.00648063869644361,0.00904264563315712,0.0085680226480023,0.00265724897505152,0.00436039875113963,0.00308798769250246,0.00381729554917209,0.00767748515744228,0.00388449068295263,0.00434535918525607,0.00552192297731739,0.00278459188958497,0.00655015076369328
0.00290766060966093,0.00087627290138059,0.00570763472509904,0.00716432329670766,0.00698068229881988,0.00170515972782955,0.00308016232030088,0.00648697313990039,0.00903649198842045,0.00857073716319807,0.00265863071461559,0.00436280677930032,0.00308362859319399,0.00381556989101481,0.00768315617362679,0.00388167124953213,0.00434520610731677,0.00552036418063055,0.00278155240752001,0.00654111861022467
0.00290182526205856,0.000876069631146589,0.00570313460522207,0.00716099403189844,0.00697614555061752,0.00170384190933853,0.0030781066593766,0.00647631919352363,0.00902245128875959,0.00855611904305754,0.00265565127102225,0.00435547107266911,0.00308074557541224,0.00381336512564072,0.00766676313164559,0.00387627036305619,0.00434211435572452,0.00552673404673511,0.00277919658620788,0.00653433764633184
0.00289922636905941,0.000875426085830283,0.00569891201530242,0.00715874933201195,0.00696976224972734,0.00170295618297952,0.003075710603181,0.0064708327565669,0.00902013067438726,0.00855426467168094,0.00265361150971187,0.00435334110397191,0.00308047083916692,0.00381135976923023,0.00766599915254809,0.00387720160655824,0.00434128914085221,0.00551394396471179,0.00277906400098467,0.00653480114741679
0.00290528223208076,0.000876103429925375,0.00570347538173925,0.0071642995682662,0.00697695252526216,0.00170586293642988,0.0030765098984807,0.00647548562893049,0.00903715368136526,0.0085589876016073,0.00265703921448358,0.0043567991392171,0.00308841909765129,0.00381501153665858,0.00768246281823623,0.00387764620910378,0.00434513313156989,0.0055205450065209,0.00278128395043476,0.00654714518841089
0.00290205300108089,0.000874880348231483,0.00570083240329013,0.00715491748161002,0.00696758027250267,0.00170300143463472,0.00307884426186639,0.00647599668344464,0.00902346579156352,0.00855544762197196,0.00265622798827479,0.0043548625729916,0.00308232354728097,0.00381314650619447,0.00766794971611694,0.00387578055282042,0.00434105264351063,0.0055220526942949,0.00277970259800913,0.00653584733639126
0.00290637119188928,0.000875923306491147,0.00570951941696155,0.00716604448400182,0.00698078109125458,0.00170591902376826,0.00308094931737313,0.00647816740348231,0.00902877701418354,0.00857013416538872,0.00265861768863878,0.00436056310236713,0.00308428502949919,0.00381665433487471,0.0076759928894103,0.00387789427435226,0.0043438601971303,0.0055211502039958,0.00278007923786855,0.00654081870085158
0.00290213205627634,0.000876674634542094,0.00570481771431307,0.00716469888433435,0.00698060524576866,0.00170571366698604,0.00308259736178384,0.00647885024809003,0.00903601121739627,0.00856382423695186,0.00265798011983252,0.0043576371434481,0.00308554997570723,0.00382052277881976,0.00767658398083028,0.00388374706401297,0.00434570631142212,0.00552969793358058,0.00278114908946772,0.00654311025886761
0.00290545472058218,0.000875059592335954,0.00569773309324912,0.00716209346045417,0.00697540280110021,0.00170380965525612,0.00307532523085014,0.00647095523819508,0.00902775856568583,0.00856725632130498,0.00265441442425939,0.0043567592785356,0.00308269886803705,0.00381562826352658,0.00767110504056468,0.00387676427313657,0.00434546489553338,0.00552014151285464,0.00277938534643859,0.00653315555911737
0.00290176851888217,0.000875785977586456,0.00569971824775135,0.00715897093881725,0.00697372387183868,0.00170326075325835,0.00308014952354646,0.00647213443822246,0.00902477009876376,0.00855635587881769,0.00265516443216052,0.00435391235991468,0.00308100687121076,0.00381193550979171,0.00767039151149155,0.00387531556954326,0.00434059751106005,0.00552097769893675,0.00277826913787995,0.00653803342087195
0.00289748968064003,0.000874895401813004,0.00569762620030715,0.00715207928865468,0.00696724700904249,0.00170374580683423,0.00307367563068416,0.00646857141270942,0.00901897872847211,0.00855454921881352,0.00265321722729702,0.00435392391415329,0.00307905073405438,0.0038107633278047,0.00766395415540078,0.0038740596725488,0.00434003434711414,0.00551342520618278,0.00277697099065651,0.00653487463648737
0.00290460624654146,0.000875939385459207,0.00570232564161792,0.00716504181304521,0.00698041694591795,0.00170387287237312,0.00307683029160965,0.00647906008663978,0.00903496089072307,0.00856315190128392,0.00265606519231218,0.00435935344477548,0.0030845278839468,0.00381818529897031,0.00767544135571145,0.00388036592868646,0.00434582382580189,0.00551750216317638,0.00278066178570801,0.0065445385055423
0.00290159086816883,0.000875939596969373,0.00570117803845753,0.0071602289257281,0.00697521495450765,0.00170376650377963,0.00307992501838139,0.00647392259128569,0.00902731207204059,0.00855927000946572,0.00265685620775823,0.00435551989231958,0.0030810303951432,0.00381208474243037,0.00766917224224823,0.00387561758993646,0.00434157400214854,0.00552337758039416,0.00278166973505338,0.00653817537234393
0.00290539667486938,0.000876300196335222,0.00570360945385608,0.00716750974986136,0.00697824370772111,0.00170428828463087,0.00307806011053881,0.00647927267360119,0.00903587267785616,0.00856147776854339,0.00265612070860613,0.0043587236096469,0.00308468127158952,0.00381862968307814,0.00767358926143299,0.00388079745347097,0.00434796357462929,0.00552359985122811,0.00278170725388089,0.00654291991259562
0.00290549477028719,0.00087606425663008,0.00570239776994236,0.00716372824226567,0.00697972466606544,0.00171167311345556,0.00307680479477248,0.00647510134144925,0.00903024748144525,0.00856834983352798,0.00266679529569835,0.0043754411157555,0.0030939791138335,0.00381539080906832,0.00767317475674109,0.00389125505591682,0.00435950862481974,0.0055195901031446,0.00279265265162296,0.0065405863935513
0.00290462732754166,0.000875723671079581,0.00570119257718661,0.00715867795430621,0.00697526059498695,0.00170748035692475,0.00307997546548192,0.00647848907917847,0.0090332107745181,0.00856604319082164,0.00265456328486216,0.00435393544306855,0.00308488379398212,0.00382238780232206,0.00767301863584162,0.0038859090642936,0.00434493622531933,0.00552775159346777,0.00278435359451285,0.00653661272043461
0.00290412133877988,0.000876407846830923,0.00570366467548361,0.00716660915969027,0.006979515886498,0.00170483381632085,0.00307785415903474,0.00647894180166069,0.00903323669487729,0.00856355765090192,0.00265547656751057,0.00435781699300234,0.00308489082558438,0.00381796160374839,0.00767477623544021,0.00388018431781191,0.00434568587644913,0.00552207805110794,0.00278029857440472,0.00654444811710371
0.00289866633627213,0.000874929313850474,0.00569713097369971,0.00715686588676601,0.00697099855779174,0.00170274746408005,0.00307736525411963,0.00646932934918385,0.00901786084453986,0.00854725989177637,0.00265383407116797,0.00435176898112306,0.00307850411167724,0.00381070285992971,0.00766550183265282,0.00387474883503174,0.00434687768838243,0.00552196170480733,0.0027774420958534,0.00653219224936729
0.00290413537699206,0.000875082572473415,0.00569561221121828,0.00716074574497249,0.0069759842557009,0.00170388024143975,0.00308604594470769,0.00647109213545285,0.00902427238778848,0.00856095091346326,0.00265540425478589,0.00435236712789881,0.00308409212053855,0.00381463447216464,0.00767452051466674,0.00387815174371503,0.00433997549735544,0.00552265682681199,0.00277976509113604,0.00653521508008376
0.00290319654155866,0.000876092491604009,0.00570452891859413,0.00716688546686909,0.00697823887616614,0.00170447392529107,0.0030778724473657,0.00647789079398939,0.00903469377375882,0.00856464375149574,0.00265463749658091,0.0043604571098256,0.00308598603572557,0.00381821930517653,0.00767577858043431,0.00387865846713927,0.00434823101728731,0.00552084508008311,0.0027819374011327,0.00654307370521349
0.00290810510399702,0.000876291539741159,0.00569925007583057,0.00716543996096391,0.00698082809824793,0.0017044389719831,0.00307496904387679,0.00647932785321874,0.00904254953222418,0.00856464590304023,0.00265355902050741,0.00435785826549038,0.00308446590678513,0.00381650830552407,0.00767384466997723,0.00387891564519608,0.00434671140809306,0.00552404873380904,0.00277993229942912,0.00653669823490964
0.00290769890267995,0.000876446165614622,0.00570164673016937,0.0071643614312231,0.00697817524672384,0.00170430263116697,0.00307799560535852,0.00647733143724441,0.00902825824161357,0.00856172891074925,0.00265607275177597,0.00436474490879619,0.00308816157634208,0.00381931018254085,0.00768845919441599,0.00388798005128994,0.00434622865315143,0.00551977350384505,0.00278413554082048,0.0065509186060052
0.00289681837693092,0.000874530058654211,0.00569711282205307,0.00715893494610513,0.0069612047242272,0.00170135613935551,0.00307340876213105,0.00646723829243805,0.00901351899441979,0.00854627469439293,0.00265307523288521,0.00434848164264056,0.00307805422102466,0.00381130835002598,0.00766905305329473,0.0038733651889095,0.00433706906063891,0.00551409780893243,0.00277753653101629,0.00653493140821509
0.00290369156323038,0.000875763147712519,0.00570116669949448,0.00716060862075021,0.00697541850135847,0.00170390920660103,0.00307713702164242,0.00647485084765518,0.0090274018193471,0.0085587323989312,0.00265480526284084,0.00435716039565376,0.00308321985187476,0.00381517759140002,0.00767327215615883,0.00387889029346695,0.00434368619409831,0.00551676909394494,0.00277881803503515,0.00653915566249262
0.00290451007456758,0.000875654601611531,0.00570044480548239,0.00716424426973578,0.00697996064126959,0.00170446757005599,0.00307723155706527,0.00647979512535915,0.00903229373253513,0.00856534232461544,0.00265867754613268,0.00435489425335624,0.00309938009872602,0.00381389976215541,0.00768724392314457,0.00388220959528315,0.00435060053435682,0.00552046861141851,0.0027789072335642,0.00654162377081263
0.00290725989275364,0.000876205668565427,0.00570470972450199,0.00716581838103836,0.00697915519487767,0.0017039768710773,0.0030774994251377,0.0064777509046255,0.00902750857197015,0.00856237452985159,0.00265559280000958,0.00436330762260399,0.00308848091388251,0.00382046216403277,0.0076751195097995,0.00388003642722085,0.00435030916172353,0.00551982430230593,0.00278348714406046,0.00654280376397038
0.00290260678799523,0.000875556821983456,0.00570346270569033,0.00716569457920981,0.00697422957180169,0.00170454618518561,0.00309350099281061,0.00647678655919702,0.00903284518854171,0.00855884480540093,0.00266856646440507,0.00435738499910913,0.00308473064850357,0.00382094543676969,0.00767472042168785,0.00388038530498276,0.0043472303649253,0.00552039907406877,0.00277993631918793,0.00653939895949803
0.00290182063695428,0.000875399396934299,0.00570110153841342,0.00715869571605188,0.00698188949913706,0.00170405541189565,0.00307553907727386,0.00647516197787643,0.00902064636012962,0.00855699593848621,0.00265303266358269,0.00435473624718863,0.00308245751418487,0.00381269402326496,0.00766703422830609,0.00387597745592151,0.00434089734315299,0.0055160669096665,0.00277784043967492,0.00653890218468259
0.0029035705572364,0.000876288416740655,0.00570535707772808,0.00716209436717325,0.00697773022356174,0.00170482862859976,0.00308305557815316,0.00647790906640141,0.00903077304501081,0.00856600774964284,0.00265652005554255,0.00435748583849005,0.00308461028834001,0.0038172046257758,0.00767467130706682,0.00387846440435144,0.00434724963429387,0.00552691907832035,0.0027828167893797,0.00654110559369649
0.00290338260585505,0.000874808271423651,0.00569442908363845,0.00715346947585432,0.0069683532163821,0.00170505418824563,0.00307863416683917,0.00646666400278048,0.00903264415265985,0.00855244267586399,0.00265176515280965,0.00435222882283918,0.00308000205388975,0.00381095760933714,0.00766514961861485,0.00387702935303092,0.00434451888251488,0.00551208131099297,0.00277630526737615,0.00653070152443011
0.00290496064042168,0.000875174077793358,0.00569507522049231,0.00715725616859648,0.00697579196965084,0.00170890805079911,0.00307762911964862,0.00647219216657052,0.00901744292134482,0.00856013207270496,0.00265365871826386,0.00435630413656859,0.00308423713242633,0.0038134035193718,0.00766621603731657,0.00387536086840246,0.0043448946916881,0.00551759721813341,0.00277948657510858,0.00653819209792577
0.00290726535479746,0.000876197325893373,0.00570441252667402,0.00716517050957019,0.0069812855591619,0.00170427296279442,0.0030774739810118,0.00647874831708655,0.0090435567396972,0.00857136625440027,0.00265498080560006,0.00436339260422733,0.00308734746868147,0.00381577120386861,0.00767599350203385,0.0038801509614816,0.00434372901602808,0.00552735116945953,0.00277964250198665,0.00654108092724953
0.00290422822689378,0.000876218571264673,0.00570542527946167,0.00716667588572759,0.00697998892928625,0.00171256488998503,0.00307934802090333,0.00648385254329294,0.00903617567958864,0.0085585787403861,0.00265630018735773,0.00436222246504926,0.00308556017243664,0.00381896567502434,0.00767573157882435,0.00388001849844061,0.00434417047167954,0.00552342788762728,0.00278022112004746,0.00654178811119656
0.00290296421566704,0.000875911687781965,0.00570051237271651,0.00716137946134427,0.00697781528955077,0.0017050765551605,0.00307794037999127,0.0064776278446185,0.00902813606216736,0.00855678277806331,0.00265443744259791,0.00435794418879657,0.00308201721458459,0.00381660156718474,0.00767285461640743,0.00387870288170426,0.00434809386172294,0.00551616675938452,0.00277849029492489,0.00654447090533137
0.00290399872899223,0.000876691486350075,0.00570007464348394,0.00716693273311048,0.00698208573145998,0.00171299535713596,0.00309410076214549,0.00647840501977198,0.00907984100730474,0.0086059065507704,0.00266976218233278,0.00438115166743091,0.00308408982580929,0.00383403191427164,0.00771368234067507,0.00389974459043381,0.00434597111041662,0.00555723553362173,0.0027951937801454,0.00654206103704982
0.00290254624811894,0.000875423495577922,0.00569864909334935,0.00715730086892614,0.006972727200687,0.0017026658826672,0.00307786529545485,0.00647202690258559,0.00902553720538139,0.00855822868453137,0.00265281331789597,0.0043535826356928,0.00308066196561822,0.0038123596938795,0.00766738910720412,0.00387498903670952,0.00434258004620532,0.00551728538898999,0.00278138389399089,0.00653417533870328
0.0029032895813037,0.000875259689617839,0.00570344506650373,0.00715930719244582,0.00697497786179897,0.0017034468364487,0.00307872236512486,0.00651870439499305,0.00902570239326768,0.00855975558714045,0.00265854531525013,0.00435676387351591,0.00308437316616548,0.00381807589704751,0.00767562243505535,0.00388004510571962,0.00434855923059403,0.00552307229928775,0.00278062354881577,0.00654000738874937
0.00290235696659236,0.00087583529438002,0.00570184663283469,0.00716737511717259,0.00698430656875125,0.00170458313560812,0.00308009068260256,0.00647665066973925,0.00902613283213661,0.00856613982796621,0.00265615308986422,0.00435700384530286,0.00308326563369721,0.00381742900878468,0.00767554026711482,0.00388021792922057,0.00435020399827859,0.00552533629113,0.00278083632011469,0.00654110473685069
0.00290432431467447,0.000875948260444435,0.00570149025035422,0.0071672756628804,0.00698274087233298,0.0017057133524218,0.00308199030392281,0.00648079214790753,0.00903555628745947,0.00856266665451233,0.00265953870060901,0.00436024997267082,0.003084436799033,0.0038175881521681,0.00767529158618703,0.00387974625747465,0.00434682205767346,0.0055308045260713,0.00278166285425479,0.00654236488801084
0.00290554955414843,0.000876307706843282,0.00570645412292216,0.00716196865290245,0.00698203537516422,0.00170529744313492,0.00308072476670624,0.00647515888254897,0.0090371881172311,0.0085654942031317,0.00265843093567225,0.00436138992173585,0.00308765936373357,0.00381769813359539,0.00767090318571528,0.00387982354805004,0.00434999471200885,0.00553306851212197,0.00278322454862984,0.00653772430114952
0.00290438586703291,0.000876212358958408,0.00570471075846883,0.00716319676320652,0.00697815739474486,0.0017051787370894,0.00308121773779155,0.00648017390742171,0.00903367967812176,0.00856445410545306,0.00265888622047406,0.00436053946408198,0.00308501480462607,0.00381658608218877,0.00767844546852701,0.00388039350802759,0.00434581255678651,0.00553067952751377,0.00278092208237303,0.00654281668723618
0.00290322793581255,0.000876076478429015,0.00570326949330296,0.00716579566737327,0.00697876010647559,0.00170585954686923,0.00308157965940145,0.00648132109575403,0.0090340945202828,0.00856145239869131,0.0026582907745308,0.00436056596805987,0.00308521550800359,0.00381486754610975,0.00767690553346132,0.00388056420883419,0.00434784028512134,0.00552862643764569,0.00278132711617734,0.00654385292747563
0.0029021859747496,0.000876005494374343,0.00570318338786382,0.007164527149968,0.00697883122741154,0.00170536099627252,0.00307940410247943,0.00647769972715481,0.00903086745656674,0.00855722011318861,0.00265714627588417,0.00435946869732277,0.00308453520777644,0.00381162981277351,0.00767214037557181,0.00388029475347536,0.00434749330828477,0.00552745614354475,0.00277942829212277,0.00654079947923188
0.00290174835279991,0.00087555555415915,0.00569921316119428,0.00715843793312736,0.00697772503591932,0.00170517701057475,0.00308202434996335,0.00647640722721298,0.00902588916567923,0.0085538544775242,0.00265782708351371,0.00435789822696865,0.00308325111573034,0.00381223023548994,0.00767131928655656,0.00387779473177479,0.00434492721409646,0.00552747270655265,0.00277952181673413,0.00653899504098298
0.00290500233344772,0.000875380113930599,0.00570001411264504,0.00716225818374368,0.00697446732249602,0.00171218107824045,0.00307942217544901,0.00650753152457432,0.00906935180711694,0.00860074431005734,0.00266726732315499,0.00437988598797322,0.00308575469946131,0.00383335706251177,0.00767161895752954,0.00389788985160416,0.00434200482790273,0.00555125992791249,0.0027934262233031,0.00657298017626019
0.00290744726741125,0.000876295208750516,0.00570461408160075,0.0071656730546751,0.00698327639274808,0.00170656574306667,0.00307798840540783,0.00648578434083187,0.00903136601808768,0.00856592798067624,0.0026552917379436,0.00436294094713314,0.00308851589743102,0.00381950268544844,0.00768496597892638,0.00387833789747141,0.00435117373618803,0.00552129686100257,0.00278014830963055,0.00654352407388219
0.00290099557847591,0.000875668165017109,0.00570121793553315,0.00716356124464116,0.00697897165028774,0.00170464276212805,0.00308282923157011,0.00647725392642119,0.00903371308235819,0.00855670843258939,0.0026554858456912,0.00435728017850122,0.00308437287550176,0.00381413148511105,0.00767095840044789,0.00387829933466594,0.00434488056863994,0.00552250721712267,0.00278016868474338,0.00653904927354006
0.00290328006693079,0.000875398927305335,0.00570010188459519,0.00715964938477369,0.00697431064124484,0.00170249148844579,0.00307615864024196,0.00646996937463243,0.00902396939843036,0.00855350265770515,0.00265267108840692,0.00435359739011649,0.00308027209060726,0.0038143172807783,0.00766809814068028,0.00387700264069342,0.00434134279052535,0.00551341915378637,0.00278958174457386,0.00653575555588745
0.00290604208555168,0.00087682935163275,0.00570813371603451,0.00716895133434879,0.0069825114848196,0.00170552316855753,0.00308308727337481,0.00648682144310301,0.00903594332828944,0.00856774304449919,0.00266067146784678,0.00436352338288783,0.00308989344043809,0.00381925448310049,0.00767916132283091,0.00388516615651595,0.00434690439654837,0.00552281806864415,0.00279244231333669,0.00654841710399824
0.00290062543637297,0.000875482094344704,0.00569564074881572,0.00716121307268364,0.00697158120145843,0.0017031922031988,0.003075469286244,0.00647411928992515,0.00902398684081595,0.00855379386023667,0.00265489096458197,0.00435331172722557,0.00308052094214341,0.00381087944919292,0.00766586882580505,0.00387704651254755,0.00434132718054053,0.0055180866319831,0.00277831268152557,0.00653706562034752
0.00290689178589274,0.00087636758550212,0.00570150996978695,0.0071645555428979,0.00697612758277948,0.00170370769106631,0.00307808030122753,0.00648302437481323,0.00903515460047262,0.00857129648241429,0.00265569397722135,0.00435755892284847,0.00308425437030986,0.00381883151112551,0.00767609725344714,0.00388278432263279,0.00434632040304367,0.0055219321021289,0.00278036489507414,0.00654185685525717
0.00290249768265569,0.000875188742357163,0.00569843602119902,0.00715691056468634,0.00697279535785164,0.00170307189131502,0.00307554073667914,0.00647556516431289,0.00902274661896552,0.00855604190325442,0.00265333273969263,0.00435252626563932,0.00308002829416658,0.00381201938954053,0.00766631454687828,0.00387466442080836,0.004339360953357,0.00551997662747637,0.00277740683547271,0.00653371342379059
0.00290081569051869,0.000875460042455577,0.00569873778854272,0.00715819442616173,0.00697079745848173,0.00170448193688172,0.00307659211635858,0.00647123359406428,0.00902746369222204,0.0085538529325376,0.00265462089785103,0.00435351790252611,0.00308087351220191,0.00381256700274204,0.00767028837244091,0.00387496437358796,0.00434190173202206,0.00552136703396045,0.00278029031807975,0.00653652871801554
0.0029061981315399,0.00087620275245428,0.00570378283967164,0.00716723116988363,0.00698100857721281,0.00170605880481794,0.00307758741370018,0.0064803369038247,0.00903299154796434,0.00856524414359882,0.0026576523398239,0.00436166977577768,0.00308661473660911,0.00381639279010355,0.00767785765745053,0.00387971701956881,0.00434927461346038,0.00552723407926966,0.00278037840584272,0.00654818199923034
0.00290942412534589,0.000876783418948343,0.00570486769470791,0.00716890727814184,0.00698527996215611,0.00170467975111203,0.00307885411007505,0.00648058721667587,0.00903413732639058,0.00856426303990065,0.0026563014858962,0.00435703467629856,0.00308382912699057,0.00381851985273787,0.00767742797767584,0.00388212916977366,0.00434185253302711,0.00551813742513876,0.0027794634785301,0.00654355945069429
0.00290527947121236,0.000876113562502967,0.00570653745040932,0.00716414343813027,0.00697958767904592,0.00171036378383084,0.00308077343834599,0.00647878152307743,0.00904093649714761,0.00856430939319395,0.00265562324171373,0.00436225728781359,0.0030833320929862,0.00381579750512606,0.00767468242414274,0.00387833294500149,0.00434453978077248,0.00552465946537783,0.00277933291176599,0.00654621381840306
0.0029055461029474,0.000875470745980903,0.00569794528603487,0.0071616646034722,0.00697473213650869,0.00171335808535085,0.00307791575308995,0.00647245558661548,0.0090214931656869,0.00856063297177936,0.00265596537531101,0.00435636324553497,0.00308264065050084,0.00381420052842165,0.00766908761235846,0.00387541655298041,0.00434334754903113,0.00551512535937266,0.00277851233318776,0.00653571452110225
0.00290178926091634,0.000875694503523334,0.00570031963652346,0.00716405140729762,0.0069758014029494,0.00170422776515835,0.00307903654216389,0.00647578026933055,0.00902925829218843,0.00855950841118522,0.00265679145733382,0.00435709244784259,0.00308249110206559,0.00381410681069375,0.00767136312024455,0.00387823448581131,0.00434424212213714,0.00552513227213131,0.00278035868661448,0.00653940903073786
0.00290582396664207,0.000876010096758305,0.00570153867457792,0.0071650029118545,0.0069823147938263,0.00170655302909408,0.00308314438571782,0.0064765729317544,0.0090332979913152,0.00856567236242153,0.00265543595739698,0.0043603031479897,0.00308447727991882,0.00381811034356524,0.00767795892133503,0.00388034588117457,0.00434871876828007,0.00552208605875252,0.00278107974216529,0.00654551009605325
0.00290596714617809,0.000876068192008035,0.00570106672746488,0.00716294372290776,0.00698178370957041,0.00170465202393845,0.0030778348258238,0.00648102590655939,0.00904389979249462,0.00855951487712556,0.00265642337643322,0.0043595345914803,0.00308428081287866,0.00381777374952918,0.00767745497114448,0.00387950704249975,0.00434557140332087,0.00552229894219767,0.00278161185107361,0.00654428241853519
0.00289865292802096,0.000874804705725765,0.00569562663058658,0.00715679044957949,0.00696899312873004,0.00170229544368226,0.00307368874362229,0.00647200554195248,0.00902014829288787,0.00854964279041944,0.00265120133647162,0.00435094431155808,0.00308021494423899,0.00381171779953241,0.0076669636952303,0.00387306237828826,0.00433814918057383,0.00551301601014633,0.00277681142492362,0.00653181265890729
0.00290347592397165,0.000875657022143841,0.00569969360080086,0.00716201925782595,0.0069753126107776,0.0017029354382614,0.00307956906819,0.00647419687514232,0.00903045155261666,0.00855663324846014,0.00265419578130566,0.00435634149667977,0.0030856607129687,0.00381339934056721,0.00766843736790635,0.00387891523760824,0.00434745243389566,0.00552430913178127,0.00277864707388449,0.00653757472814515
0.00290507853148867,0.00087572688356751,0.00569954889932569,0.00716279444099796,0.0069811534416224,0.0017042393099046,0.00308134358109203,0.0064730018485755,0.00903237997830272,0.00855774879985251,0.0026550478811951,0.00435773416021196,0.0030814057864952,0.00381442882687809,0.00767187954194725,0.00387725023222835,0.00434507865480473,0.00552639141817452,0.00277858069226321,0.00654176109919911
0.0029102697672902,0.000875879026523922,0.00570756105606633,0.00716675977434418,0.00697924017285294,0.00170589142108778,0.00307849223284492,0.00647972048566,0.00903046957410716,0.0085648688706878,0.00265626420683089,0.00436614817871515,0.00308981472217024,0.00381885703052219,0.00767728126392883,0.00388678991268761,0.00434741503239102,0.00552364773667369,0.0027854213264619,0.00655053662948382
0.00290713098494837,0.000876426808424196,0.00570940635536978,0.00716776551769649,0.00698296094397145,0.00170637938294988,0.00307851756286197,0.00647986178829262,0.00903476771183303,0.00856438165404115,0.0026584879442907,0.00435857104718226,0.00308772968678581,0.00381693035919895,0.00768416572433914,0.00388358814886949,0.00434964889225052,0.00552793173755111,0.00278367890469434,0.00654752843075053
0.00290068405395139,0.000875500313836615,0.00569710183052441,0.00715617376993022,0.00697433246346127,0.00170335224505515,0.00307980736863204,0.00647140501534484,0.00902505775913929,0.00855502174764532,0.00265566308651023,0.00435482332482787,0.00308215651299443,0.00381144703075855,0.00766854705210859,0.00387347498543505,0.00434020374141468,0.00551979681403992,0.00277710912611132,0.00653572652959137
0.00290431892222056,0.000876033015644745,0.00570432879487706,0.00716604221404958,0.00698587844467318,0.00171126139152376,0.00309239238184942,0.00647475354291822,0.00903587580595481,0.00856586118320982,0.00265443506628079,0.00435698600940763,0.00309811070433236,0.00381748626685025,0.00768201428900982,0.00389723874521408,0.00436610381504378,0.00553093601873621,0.00279350006454863,0.0065399646725416
0.00290622897528023,0.000876280373225897,0.0057021696192472,0.00716382805072867,0.00697852476853385,0.00170351874137721,0.00307969160515889,0.00647807881478999,0.00902802755681298,0.00856872774461236,0.00265521280767268,0.00436218279748609,0.00308407810136589,0.00381589153140033,0.00767434460544198,0.00388738551621783,0.00434470878411482,0.00552112669565443,0.00278012831655609,0.00654139625284164
0.0029050438763805,0.000875782364376556,0.00570380486707103,0.00716185212925178,0.00697917265445018,0.00170377224446493,0.00307720277078422,0.00647530779572948,0.009030605989929,0.0085631684538697,0.00265749630545125,0.00435738391693752,0.00308268257361432,0.00381906606997771,0.00768002177247977,0.00387793637743109,0.00434293419886451,0.00552331190702412,0.0027794869437976,0.0065440364776588
0.00290207992107679,0.000875770949918751,0.00570265931985504,0.00715995645043335,0.00697541888140523,0.00170322231333525,0.00307658061526021,0.00647361487796908,0.00902401026133745,0.00855918713760083,0.00265284505814287,0.00435418977622981,0.00308277041420288,0.00381357364622727,0.00767087743151897,0.00387695989180305,0.00435096885489208,0.00551730094801757,0.00277834367206168,0.00653974735644031
0.00290019134832827,0.000875188806320684,0.00569846813442224,0.00715681844709146,0.00697451835713128,0.00170457371768257,0.00307900105363403,0.00647190963154809,0.00902292820336349,0.00855838960101553,0.00265459963725854,0.00435495875806671,0.00308301284376266,0.0038123181762999,0.00766701279405158,0.00387529427505747,0.00434238745334088,0.00551591206676123,0.00277977397349572,0.00653582774670598
0.00290488053144174,0.000875920118870817,0.0057036939910954,0.00716130499987254,0.00697786849291051,0.00170527175165444,0.00307637688167424,0.00647687708235548,0.00903068385750145,0.00855729092696401,0.00265411236047591,0.00435760533143295,0.00308565351059066,0.00381885187344011,0.00768058702607426,0.00388171446014778,0.00434300288984068,0.00551914716929329,0.00277934196017662,0.00653961364812726
0.00290054574581494,0.000876062009888479,0.00570076451560179,0.00715978112075772,0.00697417634302753,0.00170368190017994,0.0030776565276123,0.0064743974525294,0.00902671693251831,0.00855768877595142,0.00265401777925639,0.00435689950156794,0.00308377863847415,0.00381307096938028,0.00766940638311612,0.0038772646758964,0.00434177843472695,0.00551645796627278,0.00277899491598104,0.00653807052354777
0.00290207462696492,0.000876423208383523,0.00570577100970974,0.00716668927795815,0.00697693116644752,0.00170556063824712,0.00308217827074086,0.00648007003343929,0.00903498666189832,0.00856323800358313,0.00265765968653262,0.0043593170454019,0.00308433944830229,0.00381757593712136,0.00767625953552239,0.00388172754472475,0.00434769700622355,0.00552922616782104,0.00278216898337348,0.00654483169971117
0.00290248007804573,0.000875915193257243,0.0057044848440176,0.00716462138856313,0.00697779349106491,0.00170413833091589,0.00307747766124519,0.00647568011847688,0.00902589115114518,0.00856039285396714,0.00265408342259923,0.00435633143591558,0.003083131783161,0.00381475722653097,0.00767319176135781,0.00387836200663752,0.00434432967364589,0.00551932898811859,0.00277964919010339,0.00653958706104359
0.00290662475799816,0.000876013786683541,0.00570435901483291,0.00716696429248223,0.00698055569004212,0.00170760155079173,0.00307774007100289,0.00648493106385994,0.00902804424925893,0.00856730506590024,0.00265366032064557,0.00435987523349887,0.00308473554579799,0.00382176896153647,0.00768703811003562,0.00387959943960044,0.00435102158994027,0.00552438541377312,0.00278510774870339,0.00654242291744335
0.00290570305605776,0.00087627950070842,0.00570482247141673,0.00716783802950172,0.00698205332604824,0.00170612178561298,0.00307782554593877,0.00648602864397164,0.00903256107379004,0.00856427270917796,0.00265615690807431,0.004366358980277,0.00308716135941609,0.00381845846119283,0.00768461937833095,0.00388272580144166,0.00434375285298601,0.00552176713764168,0.00278138275163566,0.00654884016631208
0.00290563617106483,0.000876110231204106,0.0057038489292656,0.00716754836694023,0.00698108195752435,0.00170456382731459,0.00307915630511908,0.00647748080279491,0.00904652316244462,0.0085636754597585,0.00265571524616417,0.00435764257695215,0.00308665614818068,0.00381785896472063,0.00767644683011075,0.00387916176427177,0.00434521430862487,0.00552222195917249,0.00277975005991808,0.00654390037972704
0.00290502258166704,0.000876262373748584,0.00570566634420304,0.0071660774896662,0.00698296943703315,0.00170582223610967,0.00308108853033646,0.00647817906002512,0.00903234589011128,0.00856298730226199,0.0026608692850937,0.00435788332578015,0.00308389097747088,0.0038159794742405,0.00767375337512197,0.0038780869773613,0.00434213845695035,0.00552913233505874,0.00278044930787386,0.00654370909178383
0.00290726382597883,0.000875988160925366,0.00570269081802044,0.00716473954621187,0.00697630763402628,0.00170443174365905,0.00307804184438307,0.00647876794937559,0.00902739564874572,0.00856158036250162,0.00265496326645824,0.004355329899635,0.00308444145534067,0.00381568878236876,0.00767102572065126,0.00387950740651985,0.00434338457720654,0.00551687205787519,0.00278063120608512,0.00653979943500596
0.00290410687931978,0.000876414296270809,0.00570783658134173,0.00716458159020501,0.00697845001973554,0.00170545739237872,0.0030848985040894,0.00647885520379702,0.00903657464939458,0.00856210101360793,0.00265946754860029,0.0043588256839784,0.00308401214763219,0.00381642472854356,0.00767734248129692,0.00388230992114943,0.00434968557435673,0.00553005124701434,0.00278321893712334,0.00654390831757655
0.00290735153754074,0.000876420948496227,0.00570501252856124,0.00716638004015057,0.00698334484914442,0.00170493121053223,0.00307973964350893,0.00647899410768212,0.00903368815304706,0.00856429524184126,0.00265717237880365,0.00435862758293231,0.00308396715162549,0.00381653736726591,0.00767738524499128,0.00387894442360552,0.00434552335874796,0.0055300747651167,0.00277968756302579,0.00654164867667708
0.00290650418240526,0.000876218294007815,0.00570718912226665,0.00716679784403845,0.00698350918330371,0.00170516745897376,0.00307829559713285,0.00647969973973492,0.00903997153585437,0.00856460656977008,0.00265622943664376,0.00436203076882134,0.00308422794231448,0.00381645857314824,0.00767614245047888,0.00388325423905864,0.00435172792845019,0.00552255447635747,0.00278113268512109,0.00654929442002356
0.00290222794863382,0.000875805075825783,0.00570255369098805,0.0071616585637948,0.00697907120010968,0.00170441873399841,0.00307822548747272,0.00647884400834904,0.00903236996084668,0.00856222868140976,0.00265380744851764,0.00435766399691399,0.00308453508945962,0.00381559254077219,0.00767329509183679,0.00387876925889509,0.00434380510863023,0.00551869296029741,0.00277833001511847,0.00654048590620458
0.00290119728617546,0.000875530267477269,0.00569802229330011,0.00716267872239965,0.00697247226298999,0.00170549534049255,0.00307821825982837,0.00647553600461403,0.00903002981137113,0.00855896223171746,0.00265842331155049,0.00435633045516966,0.00308143030343519,0.00381629712340773,0.00766979980499313,0.00387648883625782,0.00434747723928297,0.00552564390926624,0.00278046488317498,0.00653629023426774
0.00290165418193124,0.000874815056464079,0.00569450630684271,0.00715648338207591,0.00696872321285795,0.00170191249354943,0.00307277868769486,0.00646740473366684,0.00901666433533035,0.00854894809156297,0.00265105003280666,0.00435152485335893,0.00307813350127556,0.00381007102160428,0.00766231278372211,0.00387270997062956,0.00433820727117638,0.00551093410872946,0.00277579767295521,0.00653604196928068
0.00290584088711147,0.000876371892331567,0.00570633299872303,0.00716642509701443,0.00698297518581053,0.00170554896582853,0.00308204531088615,0.00648454815327055,0.00904243387963584,0.00856989831166084,0.00266067610293528,0.00436197410314862,0.00308661194651317,0.00381655717244569,0.00767734409327744,0.00388169636991708,0.00434915606752313,0.00552048248414342,0.00278100559037864,0.00654403092136281
0.00290010120326651,0.00087534381042938,0.00569776466470125,0.00715533333014836,0.00697159437726865,0.00170362898542401,0.00307596798688011,0.00647149768371559,0.0090235967698218,0.00855161803849022,0.00265429763524931,0.00435415236421377,0.00307829210070729,0.00381276869881869,0.00766630935749959,0.00387354680660882,0.00433978100111597,0.00552293558079576,0.00277857169074077,0.00653290410157765
0.00290613060337333,0.000875356032904243,0.00569895166934908,0.00715506405242217,0.00697783950908145,0.00171084403937329,0.0030747725396419,0.00647710112716644,0.00901506952060476,0.00856157624740476,0.00265331875788663,0.00435489792038069,0.00308109478621122,0.00381713180075452,0.00766810052733171,0.0038809068741022,0.00434444641948768,0.00552158103163083,0.00278033204869357,0.00653547829673179
0.00290051101347171,0.00087528428708027,0.00570017730079246,0.00716153486594782,0.00698018791993886,0.00170326980137722,0.00307507835987377,0.00647077982769869,0.00902342173636282,0.00855821043206031,0.00265343917298057,0.00435589642311835,0.00308190802654428,0.00381337861309063,0.00766616450050104,0.00387564300804724,0.00434283134804423,0.00551505169336726,0.00279403219263881,0.00653663393189684
0.00290650832513866,0.000876043032957996,0.00570786229249315,0.00716298692188368,0.00698115351654648,0.00171046068079618,0.00307764906526331,0.00647877519677622,0.00903319473505011,0.00857295338247076,0.00265391073174724,0.00435755689818232,0.00308246998588668,0.00381603995378747,0.00767502444046735,0.00387669453294985,0.00434910019369661,0.00552010216179592,0.00278178699904564,0.00654565015493398
0.00290479887356594,0.000875082002287251,0.00569796801666454,0.00715800149734283,0.00697332852080882,0.00170461393723079,0.00307451322131882,0.00646999912017,0.00902842179874219,0.00855901044048959,0.00265156440538293,0.00435808349741197,0.0030840152918673,0.00381527990233253,0.00767333645352425,0.00387432370520338,0.00433921132432074,0.00552002828498368,0.00277881082600339,0.00654124164173092
0.00289939828718372,0.000875210902715828,0.0056980117943577,0.00715859089870253,0.00697380236754881,0.00170332568523458,0.00307604119872287,0.00647273071989077,0.00903395054817933,0.00855296503580472,0.00265605742726964,0.00435537753228002,0.00308145076735652,0.0038149162671728,0.00767235525450113,0.00387667629399148,0.00434308796549106,0.00551782144856389,0.00277929830085273,0.00653839741281477
0.00290459677126721,0.000876081714914777,0.00570608621991729,0.00716763319873505,0.0069837872295762,0.00170475283556209,0.003080460950277,0.00648588714457647,0.00904321995717203,0.00857020006271993,0.00265676670571294,0.00436062260976408,0.00308649057572184,0.0038204161074861,0.00767287669376585,0.00388357400807298,0.00435117106396942,0.0055199102133384,0.00278251860320251,0.00654144904708841
0.00290809826304879,0.000875599911989892,0.00570551527218581,0.00716420374172941,0.00697296076438292,0.00170638199774466,0.00307787079833166,0.00647074462006194,0.00904220895988073,0.00856030778485095,0.0026532238843155,0.00435347962621897,0.00307984034482628,0.00381626624096079,0.00767180683429051,0.00387813213980893,0.00434451847834414,0.00552171067074478,0.00277881001262931,0.00653641581089261
0.00290465695090827,0.0008757526540822,0.00569969199602609,0.00716246719188793,0.00697632653312073,0.00170359172196764,0.00307738605170893,0.00647411488876788,0.00902339118681707,0.00855540487514292,0.00265327252771231,0.00435512369272934,0.0030815886919623,0.00381575813529704,0.0076699150462045,0.00388073086000725,0.00433903533115869,0.00551863755988442,0.002779646608605,0.00653955991929916
0.00290577668895064,0.000875852402465438,0.00570186090739502,0.00716095354449217,0.00697642165253208,0.0017033941109424,0.00308142482499148,0.00647535929738654,0.0090232364284774,0.00855599231403158,0.00265337078077818,0.00436015030884831,0.00308213813285828,0.00381468460084846,0.00768119121562457,0.00388180587467344,0.00434227419888007,0.00552440896419947,0.00277918362427597,0.00653982081335508
0.00290647143657169,0.000876119851147672,0.00570001237632655,0.00716099637324133,0.00697860687222108,0.00170655858383695,0.00307569286408693,0.00647658874214794,0.0090401966490943,0.00856895510147933,0.0026552437016845,0.00435659027870636,0.00308724685221466,0.00381411359957961,0.00767109616848755,0.00388406147157907,0.00434142154659044,0.00551815535210743,0.0027798387002414,0.00653841038359594
0.00290226093647911,0.000875457298881749,0.0056996389560929,0.00715871431141551,0.00697823956148209,0.0017037603915323,0.00308211019358775,0.00647722324315091,0.00902513059866454,0.0085637302475348,0.00265605971250194,0.00435666602682257,0.00308145256268276,0.00381243098359451,0.00767489058638886,0.00387692734247711,0.00434225126591719,0.00552278807119635,0.00277845537242682,0.00653875020819637
0.00290481352823628,0.000875914671593246,0.00570065087825614,0.00716734647490757,0.00698444086622066,0.00170251639503727,0.00307513519618168,0.00647849351532098,0.00902768518074944,0.00857941533700429,0.00265550575961853,0.00435679020383434,0.0030821280346296,0.00381568354475227,0.00767650952248965,0.00388082430656758,0.00434567435284026,0.00552338350897723,0.00278077359422772,0.00654492136368806
0.00290755051131655,0.000875862590724645,0.00570415965049882,0.00716487082873168,0.00698147823226902,0.0017065347488875,0.00307749388092728,0.00648437551316172,0.00903112544498998,0.00856355405317949,0.002654574862921,0.0043576271139139,0.00308516638072282,0.00381581990523787,0.00767819925418131,0.00388300036621179,0.00434880095631292,0.00552064247676763,0.00278114358825225,0.00654863774734013
0.00290710628761018,0.000875752501352656,0.00570149619990335,0.00715968645260717,0.00697729343080783,0.00170351405664881,0.00307631625387529,0.00647720752132594,0.00902632063512302,0.00856028880436124,0.00265356452645018,0.00435586033324728,0.00308472227152953,0.00381556072431133,0.00767040353553458,0.00387977863973376,0.00434369137378014,0.00552388427844103,0.00278418504342383,0.00654167658239882
0.00290163932859966,0.000875784107446794,0.0057018328700023,0.00716220362657917,0.00698259409540827,0.00170583740042574,0.00308003876512156,0.00648161894076831,0.00903450004831752,0.00856249637643689,0.00265828415988076,0.00436032085058804,0.00308444080587686,0.0038170159220905,0.00767709846790262,0.00388036342842826,0.00434662672255611,0.00553058647656793,0.00278137436181095,0.00654260146838649
0.00290267383664662,0.000876415825242771,0.00570612046542384,0.00716505371406733,0.00697914933411871,0.00170426485197075,0.00307745008248102,0.00648316716377274,0.00903124130858187,0.00856347089517377,0.00265509475065378,0.00435804547940871,0.00308360055893276,0.00381669730922896,0.00767300410388531,0.00387773204601003,0.00434736119019582,0.00552116273378181,0.00278021191885779,0.00654248960317959
0.0029048637338398,0.000875992488588786,0.0057050177284211,0.00716304109535001,0.0069795894539708,0.00170552822068491,0.0030806026970413,0.00647833858535025,0.00903367598391952,0.00856572963410671,0.00265722032131557,0.00435865516422208,0.00308387566794069,0.00381536091233584,0.00768052153157386,0.00387961299049369,0.00434550909930554,0.00552194750404522,0.0027810071988025,0.00654631878218956
0.00290516279255518,0.000875527559858508,0.00570166972832834,0.00716330490439632,0.0069774246773891,0.00170382412718324,0.00307732696216761,0.00647349654856924,0.00902586070150726,0.00855895618615515,0.00265505203373064,0.00435581634291802,0.00308232299099996,0.00381316286087953,0.00767185694457424,0.00387703612386409,0.00434435969928421,0.00552455918610868,0.00277907371144241,0.00653694336540222
0.0029016129023033,0.000875638640764608,0.00569917498441031,0.00715550300475916,0.00697388124367672,0.00170372752173061,0.00308295974465308,0.00647700758948359,0.00902775306309722,0.00855728069142025,0.00265637107469428,0.00435705222037031,0.00308656538944404,0.00381377472213975,0.00767011984210511,0.00387771297901791,0.00434359987690683,0.00552300943553789,0.00277878804851577,0.00654051931895568
0.00290511155985294,0.00087670520476833,0.00570639541888389,0.0071682721227743,0.0069853786653853,0.00170684581224876,0.00308320583076702,0.0064806160007506,0.00903686979250189,0.00856456814114906,0.00266059237359959,0.00436013304299072,0.00308649289973251,0.0038182291659608,0.00767874547137401,0.00388066462822021,0.00434875338488719,0.00553004181219163,0.00278211745445497,0.00654315257150447
0.00290346971152531,0.000876498682930481,0.0057039090446689,0.00716150510510928,0.00698205752259846,0.00170550112655176,0.00308104319849857,0.00647750112010808,0.00903201076101925,0.00856301769479556,0.00265829471433722,0.00435945907326284,0.00308346120650764,0.00381618259213431,0.00767399931802636,0.00387980398130905,0.00434566553199145,0.00552940668465921,0.00278168515204218,0.0065423428470463
0.0029003338514335,0.000875554447508952,0.00570019158997323,0.00716096648773853,0.00697568977833924,0.00170486936191429,0.00307549747114208,0.00647154438227517,0.00902222926880473,0.00855495239315606,0.00265425248610604,0.00435367674988046,0.00308047679178499,0.00381246127933171,0.0076681231244417,0.0038744225832714,0.00434147804514925,0.00551583880488154,0.00278418622914495,0.00653902702365144
0.00290536449932106,0.000875256602523922,0.00569723328485143,0.00715524657221989,0.00697182387400489,0.00170213618400519,0.00307359630041743,0.00646990710134139,0.00901858504501239,0.00855152753501931,0.00265117257753841,0.00435007248827716,0.00307984377432278,0.00381032014249486,0.00766204541944433,0.00387350317112615,0.00433838610292691,0.00551048036762667,0.00277750041225675,0.00653306494392397
0.00290163389942457,0.00087500755115155,0.00569954432980778,0.0071571659533172,0.00697418711631807,0.00170409012651469,0.00307477709315131,0.00647448982187553,0.00902252633617355,0.00855406577274878,0.00265463513550751,0.00435313896651436,0.00307948277132088,0.00381118739205286,0.00766586637073836,0.00387664174316749,0.00433937708873112,0.00551553385445145,0.00277832288381858,0.00653590566816513
0.00290439276782082,0.000876881720163105,0.00570762061686466,0.00716792681931668,0.00698144010673849,0.00170643388042598,0.00308358036027481,0.00648439417307124,0.00903571566729175,0.00857102921564607,0.00265805840810762,0.00436029305425017,0.00308749544683205,0.00381926658506756,0.00768318141683739,0.0038813028706845,0.00434663696961427,0.00553053515488953,0.00278310344669062,0.00654921918511187
0.00290465013075413,0.000876053510693026,0.00570731642793036,0.00716473041470806,0.00698073560551502,0.0017048120143523,0.00308123486110213,0.00647669756089329,0.00903203876611432,0.00856031654648215,0.00265920481188255,0.00435607046163079,0.00308418923323315,0.00381735775788204,0.0076754881925337,0.00387959365095003,0.00434487016305139,0.00553093971508433,0.00277990398000355,0.00654239438727397
0.00290474153846228,0.000876254069546907,0.00570468831842786,0.00716867345999795,0.00698232609589785,0.00170590957757258,0.00308085193971029,0.00648096929638734,0.00903584142864196,0.00856330065113959,0.00265784682134815,0.00436046264877635,0.00308411851070122,0.003817711211331,0.00767493062047145,0.00388027305561773,0.00434812715907786,0.0055280776283452,0.00278117475220903,0.00654563707892852
0.00290419971480452,0.000875795912633952,0.00570187123777415,0.00716295402178353,0.00697691892103028,0.00170523272292127,0.0030771727318493,0.0064817622636947,0.00902446961091298,0.00856604953199892,0.00265660789673516,0.00435974884948622,0.00308289455689746,0.00381606486723178,0.00767567653299422,0.00387921817769869,0.00434658429948582,0.00552341737868974,0.00278056803550424,0.00653991413441487
0.00290998431129773,0.000876199642080885,0.0057055401884512,0.00716600357977618,0.00698339197883163,0.0017048809753109,0.00307828369359889,0.00648265241932144,0.00903563695776201,0.00857840364923725,0.00265626357953602,0.00436550001762981,0.00308616510887889,0.0038197968053607,0.0076739279752177,0.00387879590784971,0.00434718928703848,0.00552015688250712,0.00278245170142224,0.00654652870913318
0.00290066395407906,0.000875833973532758,0.0057012489768931,0.00715831436980836,0.00697474841805446,0.0017046272364394,0.00307786720844448,0.0064728193221369,0.00902525505626289,0.00855502085365019,0.00265677101602507,0.00435374205515736,0.00308226024056263,0.00381401986260572,0.00766786321786962,0.00387528825283801,0.00434207125919694,0.00552387899814832,0.00278105999460417,0.00653699679759053
0.0029026492406967,0.000876073136573694,0.00569877906605201,0.00716476358857893,0.00697697983925447,0.0017051834256722,0.00307771694597315,0.00647443881510981,0.00902965249306108,0.00855756340446436,0.00265623064688107,0.00435566891251267,0.00308099740393279,0.00381342202393586,0.00767123720007752,0.0038781820107315,0.00434801459030796,0.00552537345707521,0.00277872693378967,0.00653906558397178
0.00289938972215117,0.000875257590434183,0.00569507940288129,0.00715946259544807,0.00697528647878212,0.00170237208683824,0.00307774781161337,0.0064722111456413,0.00902440597276202,0.00855154235222182,0.00265550558792876,0.00435558574552012,0.00308150087079023,0.00381228692888413,0.00766275021423565,0.00387292192555682,0.00434509755237289,0.00552198138523994,0.00277765500474666,0.00653188652385505
0.00290281069681749,0.000876102793272482,0.00570513494155652,0.00716483231933361,0.00697961500077574,0.00170547688058956,0.00308245934093485,0.00647890057671187,0.00903327715972087,0.00856545669414062,0.00265850799116663,0.00435820499237837,0.00308445259439562,0.00381542076053999,0.00767317979535671,0.00387884920025891,0.0043457040435202,0.00552873701197433,0.0027799503976915,0.00654190028181083
0.00290210075913158,0.000874855525125695,0.00570084011903448,0.00716144474631473,0.00697782596223164,0.00170243898852277,0.00307732854849091,0.00647015792160419,0.00902299423408064,0.00855493768785414,0.00265586749639666,0.00435268275601272,0.0030833933477143,0.00381655754324747,0.00766595075330162,0.00387830570868729,0.00434468920896697,0.00552425388554738,0.00277750457046464,0.00653598912696956
0.00290692045164086,0.000874670113310544,0.00569870372839206,0.00715394999136491,0.00697838158211304,0.00171111711790866,0.00307437402813679,0.00646921029072411,0.00902142743625716,0.00856133546731631,0.00265290046301269,0.00435897739995508,0.00308112309717075,0.00381729394116078,0.00766533430111968,0.0038783524312308,0.00434645324051997,0.00551402605589449,0.0027781216236882,0.00653551533825854
0.00290226837862047,0.000876009364316375,0.00570171768897708,0.00716517905546204,0.00698182652352005,0.00170434986293908,0.00307803032132801,0.00652574524463149,0.00902133493667872,0.00855789324022913,0.00265752042732311,0.00435777746447243,0.00308298568800839,0.00381452387350256,0.0076801336063645,0.0038756072060683,0.00434345829088589,0.00552152691176532,0.00278025092221463,0.00653974483653606
0.00290548323985011,0.000876409535852591,0.00570226491750449,0.00716305407524074,0.00698171090461902,0.00170401612394789,0.00307746494927256,0.00647606292335759,0.00902813281573549,0.00856061804495679,0.00265522715396784,0.00436670671888052,0.00308343358524828,0.00382025634477743,0.00767550857511638,0.00387790024713378,0.00434384231491643,0.0055181994399228,0.00278139626701504,0.00654024892655471
0.00290037069807817,0.000874833330004107,0.00569835717893397,0.00716027105512891,0.00697363719554308,0.00170244610380887,0.00307430832492643,0.00647099809549234,0.00901918086960782,0.00855518079422182,0.00265238329516719,0.00435282342504542,0.00308242877243122,0.00381266993708899,0.00766743952894404,0.00387606618174141,0.00434364229867465,0.00551504441905919,0.00277773417806263,0.00653696878635857
0.00290293298787987,0.000875036206024734,0.00569659429546033,0.00716023864110058,0.00697170372781902,0.0017015272214489,0.003077248133918,0.00647750084720613,0.0090176621995803,0.00855172849657428,0.0026510903071597,0.00435720940751181,0.00307937419922565,0.00381098065546849,0.00766461190469048,0.00387777567131787,0.00433824550578122,0.00551367930937029,0.00277656707412244,0.00654359972356074
0.00290565021625848,0.000876412150308075,0.00570572467050133,0.00716629931346394,0.0069811198899305,0.00170484984974543,0.0030786301110401,0.00648001915046252,0.00903391080892801,0.00856255115447246,0.00265577047806487,0.0043580097153125,0.00308416878772502,0.00381724193815476,0.00767617078187427,0.00387904325955302,0.00434660176583915,0.00552277436585753,0.00278096463970048,0.0065427286034698
0.00291040463456727,0.000877013610321877,0.00570342441079099,0.00716795452684196,0.00698081646988153,0.00172006624492675,0.00307856135517557,0.00647928824409401,0.00902867443181707,0.0085621325898139,0.00265945415997369,0.00436380657509374,0.00308870183984943,0.00382045917655343,0.00767900442747475,0.00388251798645775,0.00435014453024203,0.00552525664286902,0.00278452004209006,0.00654007792154483
0.00290413935576455,0.000876628993122586,0.00570360786779838,0.00716686388778741,0.00698095743412934,0.0017049529435044,0.00307850126267279,0.00647775388258393,0.00903679903412676,0.00856987509514393,0.00265964342989703,0.00436025763795198,0.00308541206698835,0.00381749916436527,0.00767836996837532,0.00387811572571763,0.00434194503724461,0.00552541196861922,0.0027816192750939,0.00654205640367414
0.00290348545384623,0.000876598103311812,0.00570615420247707,0.00716689764131679,0.00697425393331681,0.00170444522337239,0.00307953090896227,0.00649355009440936,0.00902999407179973,0.00856266104029228,0.00265627685687712,0.00435978094588978,0.00308451149959753,0.00381607131274036,0.0076784753048681,0.00388014284466527,0.0043455583595789,0.0055259846767994,0.00278207654562353,0.00654277641697013
0.00290491647133499,0.000875650023417153,0.00570235672973589,0.00716533566762282,0.00698300798099929,0.00170507459347354,0.00308313969858513,0.00647894800008042,0.00903953318425658,0.0085694926784744,0.00265838377438498,0.00435874636002319,0.00308372341621102,0.00381606924767779,0.00767474809442618,0.00387805688858521,0.00434588145802091,0.00552684350782443,0.00278505272265134,0.0065468027218769
0.00290462902122642,0.000876232949726562,0.00570606849674552,0.00716010841508015,0.00698028337525073,0.00170741931426235,0.0030837131642121,0.00647479928213801,0.00903267315453376,0.00856197963418238,0.00265573964599496,0.0043593851557605,0.00308328385512704,0.00381417429777378,0.00767352134293695,0.00387932831379123,0.00434472600236508,0.00552511622037881,0.00278066107874314,0.00654416276280019
0.00290315164805147,0.000875976308466671,0.00570259236134644,0.00716258567222418,0.00697831973237495,0.00170583207120293,0.00307991854089395,0.00647786241121539,0.00903114326662153,0.0085580069300265,0.0026594463480216,0.00435766664253074,0.00308466585145166,0.00381760062872436,0.00767285969214262,0.00387740999135316,0.00434640032254198,0.00552727664378864,0.00277950666798347,0.00653955637872443
0.00290242596578268,0.000875607285475009,0.0056984509614178,0.00716020587766168,0.00697705780900958,0.0017036531301625,0.00307580287287273,0.0064752229350939,0.00902576625443234,0.00855747330719936,0.00265264354190603,0.00435499813948909,0.00308075300478785,0.00381309997600208,0.00766926537057495,0.00387565056660204,0.00434491401742071,0.00551909279044938,0.0027778192161159,0.00653782277148271
0.00290395299904401,0.000876560505970343,0.00570370315486389,0.00716742120330625,0.00698475392402757,0.00170569491022187,0.00308072700117711,0.00648022246092119,0.00903562965672757,0.008562959766538,0.00266010622048242,0.00435984191249008,0.00308591408701024,0.00381679186127921,0.00767608359358301,0.00388027030182974,0.00434688967308313,0.00553212476346614,0.00278200623030333,0.00654374396699605
0.00289867242463576,0.000875108771401674,0.00570025739284165,0.00715315760576887,0.0069657853018013,0.00170307828568641,0.00307472924022104,0.00647085666372172,0.0090185572978045,0.00855354966778612,0.0026515302401267,0.00435317069828718,0.00308100342351203,0.0038128828381872,0.00766498276889374,0.00387403764619561,0.00433826538038449,0.00551735132863806,0.00277638160993946,0.00653335026556855
0.00290313173301831,0.000875567823836101,0.00570176043154398,0.00716190211878122,0.00697910931827794,0.00170371495358576,0.00307596591525995,0.00647684277543694,0.00902425488415337,0.00855922064032196,0.0026540751660563,0.00435639717760128,0.00308239543595079,0.0038136339785743,0.0076701710523144,0.00387735873008952,0.00434307384763318,0.0055199376678613,0.00278026819945466,0.00654024922801903
0.00290229833141625,0.000875623251436566,0.00570007478227419,0.00716037329277382,0.00697786510181206,0.0017066727503421,0.00307454001855767,0.00647326913387039,0.00903950204118367,0.00855654409244896,0.0026524501043031,0.00435402929456059,0.0030819153183788,0.00381246104575466,0.00767178436843858,0.00388618547949138,0.00435174559412776,0.00551699455220419,0.00278421721492145,0.00653676940676367
0.00290429610240415,0.000875779618686564,0.00570194744856952,0.00716249237870077,0.0069765967164991,0.00170958809070602,0.00308745500599802,0.00647500700245467,0.00902793941496437,0.00855752337694444,0.00266083912412289,0.00437262752608329,0.00308587940315212,0.0038253663889868,0.00767185791655875,0.0038881242286205,0.00434638317617139,0.00551930095280505,0.00278646155012426,0.00653891447800534
0.00290253039048483,0.000875487610607514,0.00570002771503167,0.00715932996157267,0.00697522367296273,0.00170418627612339,0.00308051208988582,0.00647167504958315,0.00903012220901014,0.00855447570639112,0.00265765365929927,0.00435530034413418,0.00308078900677782,0.00381170541466722,0.00767124494600112,0.00387955057892031,0.00434675903182095,0.00552594962504236,0.00277934689033107,0.00653604678403319
0.00290314670073309,0.000876433080809087,0.00570536499907305,0.00716736499671686,0.00698322538872564,0.00170537175198792,0.00308001875700587,0.00648114581739998,0.00903605830479741,0.00856167600734364,0.0026585784353831,0.00436033370686675,0.0030843665797997,0.00381535071720668,0.00767719239341166,0.00388048378234902,0.00434672006850577,0.00552753918987388,0.00278217214497222,0.00654352546587757
0.0029042370744824,0.000875969183728311,0.00570460513946377,0.00716483647203308,0.0069801530670628,0.00170374516788335,0.0030799773946901,0.00647871965405522,0.00903145233162006,0.0085682706105171,0.00266035482734045,0.00435812598738688,0.00308626299161853,0.0038163256885944,0.00767373941012705,0.00387805687687495,0.00434381476024503,0.00552513929126674,0.00277959135124371,0.00654606385512004
0.00290345785847342,0.000875622805367803,0.00569982646396019,0.00716595410140321,0.00697983201299345,0.00170579981645811,0.00308127444852427,0.0064762193715907,0.00902542414820874,0.00856057590481586,0.00265809691768456,0.00435851927557026,0.00308410446950233,0.00381556136087238,0.00766806000302737,0.00387594289489041,0.0043459319212274,0.00552844514022666,0.0027805450660055,0.00653650084934836
0.00290186872918013,0.000876012479422209,0.00570403823263222,0.0071650475904346,0.0069797959165672,0.00170476437398957,0.00307812870281161,0.00647874287217138,0.00903126896650765,0.00856133062022049,0.00265449605157373,0.00435641481700017,0.00308503477083904,0.00381472125924898,0.00767693229875669,0.00387861529119337,0.00434499992813805,0.00552936594903075,0.00278145928174017,0.00654070137438308
0.00290756218348767,0.000876215042729772,0.00570409475096723,0.00716509301404474,0.00697712128230692,0.00170410409830455,0.00307866766560717,0.00647783681937204,0.00903963375841795,0.00855868704277151,0.00265528350853861,0.00435608592248943,0.00308367759301192,0.00381562776995157,0.00767482123027019,0.00387843199112307,0.00434450947141302,0.00552185095177408,0.0027796020776145,0.00654119799960117
0.00290549748237055,0.000876952102997838,0.00570434936701459,0.00716765036493462,0.00698529026648648,0.00170679489514327,0.00308188850919864,0.00648374653380512,0.0090347726001701,0.00856383980660902,0.00265773869857465,0.00436068322103361,0.00308450288429864,0.00381785179129375,0.00767996298625355,0.00388108661870613,0.00434788751548845,0.00553031675318987,0.00278341492447377,0.00654409695621823
0.00290091666747642,0.00087552025987149,0.00570058461714704,0.00715994279405893,0.00697597998606224,0.00170317128783633,0.0030742917528211,0.00647391954446606,0.00902303370078544,0.00855238132149505,0.0026594519324107,0.0043543101449288,0.00308186130886928,0.00381178492087993,0.00766785452600867,0.00387572933146236,0.00434090501444955,0.00551704489358222,0.00277733322807956,0.00653809956282957
0.00290440976006292,0.000875442583458777,0.0056992780735899,0.00715979288025179,0.0069734720062928,0.00170284483636432,0.00307485673085568,0.00647389749000304,0.00903262103845633,0.00855517317575157,0.00265234505975692,0.00435309292017039,0.00308199002689713,0.00381469764243508,0.00767830684958386,0.00387656760436391,0.00434046811693332,0.00551692399005925,0.00277813220254616,0.00653797063589572
0.00290433481372895,0.000875815684678905,0.0057028650090294,0.00716627802513696,0.00697953025647584,0.00171084498412444,0.00307846081893658,0.00647781195229892,0.0090275388052559,0.00856333413174881,0.00266595992918594,0.00435943134875623,0.00308312661772845,0.00381543544829328,0.00767148338158051,0.00387854656168572,0.00434593577800776,0.00552223543846136,0.00278007671216961,0.00653936085167072
0.00290444736148129,0.000875703024674543,0.00570229368565537,0.00716363473749019,0.00697850990843254,0.00170376257740232,0.0030807976501538,0.00648062539047745,0.00902878254731354,0.00856605373334202,0.00266368847733355,0.00436045928734826,0.00308552174131757,0.00381820889873219,0.00767110205213359,0.00387744902134176,0.00434383864285736,0.00551877446244328,0.00277938425206124,0.00653904125615069
0.00290471656307483,0.000875238823984925,0.00570103438808394,0.00715711029246004,0.00697441186991215,0.00170310638393244,0.00307368194360206,0.00648268548688218,0.00901909338920812,0.00855527692281864,0.00265198847381977,0.00435198575355441,0.00308632372530866,0.00381409697601347,0.00768209439383087,0.00387770650624556,0.00433990052405516,0.00552277375127494,0.00278181384719926,0.00653375617311587
0.00290692008478953,0.000876343916137584,0.0057033813309581,0.00716618370293674,0.00698440833716705,0.00170457760929242,0.00308043528447614,0.00647765270381499,0.00902979478076775,0.00856311928658572,0.00265557408087468,0.00435964607576717,0.00308706197867473,0.00381827391049085,0.00767697881805991,0.00388014787170315,0.00434551441862335,0.00552652222596488,0.00278142213811004,0.00655148720102601
0.00290419762775246,0.000875803806108441,0.00570036178785231,0.00716199846769584,0.00697788295878773,0.0017041930801762,0.00307745148865065,0.00647497968645416,0.00903037415478331,0.00856089782117692,0.0026549845471981,0.0043570453963323,0.0030835091357402,0.00381753970476554,0.00767281734560079,0.00387895351274946,0.00434637813456363,0.00551835848152958,0.00278246115266919,0.00654133780313653
0.00290555625867967,0.000875913360896366,0.00570147951491487,0.00716443411865105,0.00697747764801897,0.001705000492912,0.00307582989945,0.00647678730737213,0.00902390824650293,0.00855847565827637,0.00265394052003855,0.0043605569458562,0.00308204938752109,0.00381422910018063,0.00767915326634867,0.00387879438841844,0.00434755017833713,0.00552325791030232,0.00278006554918553,0.0065375523611563
0.00290806240727824,0.000875650107530076,0.00570063401748776,0.00716359398275377,0.0069787601936953,0.00170497532638148,0.00307990249498958,0.0064810135687221,0.009032483534416,0.00856147301223269,0.00265754652324362,0.00435740810017906,0.00308362322248792,0.00381618936607149,0.00767549373501261,0.00387897342326618,0.0043463627846883,0.00552834452336399,0.0027803089729564,0.00654050215594237
0.0029032427597387,0.00087658982998505,0.00570706154683424,0.00717048312787458,0.0069813541235253,0.00170538516341371,0.00307898897060522,0.00648032673743415,0.00903342163839259,0.0085676320978413,0.00266769825423764,0.00435876034395456,0.00308540406965389,0.00381726348694108,0.00767776364160198,0.00388171301779617,0.00436581516154024,0.00553340947069608,0.00278138416743183,0.00654468800432048
0.00290327044277581,0.000876779350616714,0.00570549492759966,0.00716486438714324,0.00697968318862903,0.00170506371902991,0.00307955114381769,0.00648218215210194,0.00903554568848721,0.00856402222725555,0.00265981171488582,0.00435940656449808,0.00308553777495643,0.00381978957247144,0.00767793662834846,0.00388063340537531,0.00434563526380173,0.0055308325006256,0.00278496832346533,0.00654656099553901
0.00290243623963659,0.000875951160574737,0.00569850540886783,0.00715945416095064,0.00697639501346455,0.00170331111801703,0.00307811314074494,0.00647444002877761,0.00902380259807015,0.00856027430964054,0.0026546951510072,0.00435803360032122,0.00308425420467373,0.00381544532139205,0.00766605542947903,0.00387699593548017,0.00434398171105634,0.00551787209465364,0.00277900743533213,0.00653851084175977
0.00290619993139597,0.000875490317575813,0.00570314259758846,0.00716499714319096,0.00697886586704605,0.00170426318572851,0.00307605796540973,0.00647562017128345,0.00902592234557489,0.00856788721089643,0.00265712657370625,0.00435504425386553,0.00308297701373961,0.00381651851654404,0.00767938447766489,0.00388239930378977,0.00434347457031946,0.00551751730416476,0.00278077541494984,0.0065450821375738
0.00290290667304459,0.00087605447926403,0.00570151400999352,0.00716316009641459,0.00697727177061583,0.00170659848522961,0.00308333965496342,0.00647644385886809,0.00903556454725258,0.00855875800455563,0.00265838512582079,0.00436376966980373,0.00308658763578765,0.00381858972598542,0.00767637752178892,0.00388205247598058,0.00434808906205666,0.00553077117412645,0.00278242440952466,0.00654286606143289
0.00290116140542782,0.000875354818184041,0.00569832562674844,0.00716494479005999,0.00697405307945974,0.0017054020815111,0.0030795154460736,0.0064727361395834,0.00902121148296648,0.00855875336564011,0.00265524500749874,0.00435777187627348,0.00308149818592127,0.0038154848185056,0.00766944027078614,0.00387570448089488,0.00434555131557836,0.00551567120447929,0.00278040592516219,0.00653419579045254
0.00290811658589643,0.00087647424260152,0.00570354592246503,0.00716497533140532,0.00698000693214145,0.00170428968932906,0.00307767611320472,0.00648811878485714,0.00904576117757866,0.00856173099742044,0.0026542665686956,0.00436514107747575,0.00308387888868064,0.00381708322138308,0.00768514801115591,0.0038781499097291,0.00435223331122469,0.0055231312281481,0.00278060291748451,0.00654193668135309
0.00290712886802765,0.000876231189518454,0.00570368292712592,0.00716453134350646,0.00697844660752712,0.00170494656416243,0.00307712064336869,0.0064772464693056,0.00902647319339097,0.00857137673451325,0.00265601432896998,0.00435719116647199,0.00308330684361211,0.00381627893428952,0.00767418301943425,0.0038786961528499,0.00434333872288946,0.00552158358817409,0.00278295723778221,0.00654089302207638
0.00290329540375525,0.000875383654388614,0.00569652650074173,0.00715960326648213,0.00697259464465405,0.00170422621283494,0.00307551978751142,0.00647321187133225,0.0090252934752204,0.00856062543366078,0.00265310593337735,0.00435523759831582,0.00309143802410628,0.0038127363396695,0.00767358990807003,0.00387622353737437,0.00434394041050861,0.00551767898290794,0.00277819513762219,0.00653937279751413
0.00290090316406218,0.000875595903829923,0.00570073120658676,0.00716372227237518,0.00697703951564279,0.00170398509943239,0.00307688900033062,0.00647761282733736,0.00903037067120191,0.00855760488667381,0.0026536354103867,0.00435753039073205,0.00308316547170263,0.00381592344440316,0.00767189005101217,0.00387906961255517,0.00434515516658333,0.00551791590425256,0.00278027462998729,0.00654157511015597
0.00290112314352014,0.000875285457449898,0.00569922621009161,0.00715625697573359,0.0069774477503636,0.00170310795619867,0.00307743999532609,0.00647317962111386,0.00902165595084814,0.00855274334610076,0.00265266734705632,0.00435687477001232,0.00308366836694845,0.00381247464978356,0.00766839606614242,0.00387744616022745,0.00434142754514375,0.00551664927894738,0.00277681677495727,0.0065390697177949
0.00290582982572836,0.000875695015776089,0.00570628619662476,0.00715972964673239,0.00698063480870659,0.00170426695742849,0.00307841067095169,0.00647600175257804,0.00902842476886253,0.00856229261431111,0.00265535720330243,0.00435676043542492,0.00308335092004824,0.0038241052901401,0.00767714050762933,0.00387786189354365,0.00434517688487463,0.00552557003717546,0.00278101574673289,0.00654195323609352
0.00290395254089945,0.000876360938999067,0.00570749489919434,0.00717230823624423,0.00698160090867774,0.00170819198802638,0.00308197130760598,0.00648494983876232,0.00904004494040046,0.00856698481520118,0.0026614778658472,0.00436462750073172,0.00308874155783444,0.00381952743028248,0.00767897028184517,0.00388213062871751,0.00435036117951374,0.00553139977742883,0.00278390478692411,0.00654517890263827
0.00290711074728211,0.000875645459214718,0.00570242046701605,0.00716052894487939,0.00697900107945785,0.00170455531952898,0.00308186736911452,0.00647728607435773,0.00904212300485776,0.00856027241919844,0.00265512622861467,0.00435713473293534,0.00308810895899444,0.00382070842732855,0.00767248707568905,0.00387705729664406,0.00434249605383628,0.00552803682917527,0.00277981204100839,0.00653988594930443
0.00290392197697654,0.000875769803081644,0.00570594696048255,0.00716806899310065,0.00698077267254616,0.00170561672297787,0.00308128356691284,0.00647857720033829,0.00903575620113303,0.00856363318180691,0.00265741583762094,0.00435729781420719,0.00308350675941153,0.00381745658212464,0.00767558511804998,0.00388131123881312,0.00434417805639293,0.00552886398295396,0.0027805928547493,0.00654342564623712
0.00290554575835747,0.000875961186374068,0.00570322735673324,0.00716357543940147,0.00697901883619283,0.00170386711494714,0.00307875925702318,0.00648162375214097,0.00902975940670751,0.00856377143647104,0.00265415011951714,0.0043605963563184,0.00308378778155595,0.00381487483380639,0.00767217553044646,0.00387738016632652,0.00434327491196676,0.00551992555833915,0.00278013305060417,0.00653964244661461
0.00290447742938787,0.000875899987672664,0.00570449910744454,0.00716249916212726,0.00697818171128569,0.0017042859911273,0.00307731193411221,0.00648057251177107,0.00903900895297786,0.0085593977425949,0.00266494571541732,0.00435736557631835,0.00309447855631467,0.00381866891569081,0.00768081911866969,0.00387718001188785,0.00434469727090372,0.00551980481033007,0.00278008211085918,0.00654178911655131
0.00290499354562256,0.000876202854629893,0.00570563157078944,0.00716790474935175,0.00698271249496021,0.0017044727352356,0.003081393947948,0.00647682805605636,0.00903503220722532,0.00856374178998084,0.00265574271117848,0.00435814578612416,0.00308404634667183,0.00381559685013955,0.00767942430294929,0.00387868192704748,0.00434621420388288,0.00552244940206729,0.00278316201323843,0.00654162859419204
0.00290309578166894,0.000875902296659238,0.00570527042573178,0.0071663151112896,0.00698212840477022,0.00170490448027545,0.00307976677142581,0.00647896857236444,0.0090333315138755,0.00856325582313447,0.00265754764513999,0.00435795077638699,0.00308557831172643,0.00381545870000033,0.00767672685453824,0.00388039890069074,0.00434518894607021,0.00552923976688353,0.0027802882451922,0.00654146183036749
0.00290453386062067,0.00088002319051238,0.00570038646750023,0.00716156051587487,0.00697841352625685,0.00170606023089412,0.00307661224728767,0.006513576032559,0.00907154160123914,0.00855631215652809,0.00265722233841239,0.00435541628230087,0.00308332876335284,0.0038139788461493,0.00767160357932204,0.00387543293549534,0.00436848392249828,0.0055176162863493,0.00278067055309765,0.00654397529676337
0.00290346367499381,0.000875766713693647,0.00570407002049601,0.00716647663609044,0.00697877803979209,0.00170488418840964,0.00307719799145523,0.00647761117691286,0.0090839745762056,0.00856332997883035,0.00265525353742138,0.00436091610550203,0.00308796241094988,0.00381910705986492,0.00767604793702028,0.00388237018166351,0.00434509007507508,0.00552085181272344,0.0027821168449024,0.00654154746834178
0.00290462459352758,0.000876314610266636,0.00570233491527187,0.00716668553552854,0.00698080044430756,0.00170918957721889,0.00308053555962803,0.00647626196661862,0.00903305398843637,0.00856497602944877,0.00265417869572458,0.00435897841660072,0.00308444116285275,0.00381434166830613,0.00767242460433854,0.00387771357702177,0.00434808781941488,0.00552145599966662,0.00277928094086385,0.00654240419083881
0.00290769004921405,0.000875964810836287,0.0057046140932618,0.0071664825358221,0.00697799931243442,0.00170428855502832,0.00308161267998629,0.00647681129690383,0.00904166998516198,0.00856435502591446,0.00265954422383772,0.00435754173217144,0.00308905825592069,0.00381483305838319,0.00767241729560666,0.0038837531643576,0.00434598988975794,0.00551904174909609,0.00277995392783322,0.00654136388078551
0.00290387764511351,0.000875836444714232,0.00570247717136681,0.00716043781048389,0.00697946187457731,0.00170982602323587,0.00307688289283333,0.00647485958779794,0.00903647945138761,0.00855971609917985,0.00265490967111591,0.00435890595488595,0.00309382034860511,0.0038147168105988,0.00767265522679448,0.00388046742153802,0.00434251512329292,0.00552001779685207,0.00278197076070643,0.00653908372633109
0.00290430590185757,0.000876195251146225,0.00570563508799596,0.00716570261188889,0.00698135684323847,0.0017058600826132,0.00308254163953833,0.00648006249629468,0.00903254541882949,0.00856161979019863,0.00265980082104704,0.00436171995294069,0.00308354143929234,0.00381846729303652,0.00767421509516255,0.00387954925099549,0.00434833005413668,0.0055303076794346,0.0027826692541224,0.0065418399128876
0.00290465711331329,0.000875645307857486,0.00570129784511002,0.00716189782198405,0.0069772778530207,0.00170471559544359,0.0030794875665057,0.00647276749729782,0.00903301884669044,0.00855765818490724,0.00265382539716905,0.00435383324338124,0.00308571826478719,0.00381414038784905,0.00767436610702557,0.00387686142411871,0.00434125881027189,0.00551720302464098,0.00277854389861948,0.00653817744348674
0.00290665141950412,0.000875882174735286,0.00569976213427489,0.0071630638689988,0.00697462662868306,0.00170400185621531,0.00307727857473292,0.0064864216927933,0.00902513485595339,0.00855952337772057,0.00265455630514287,0.00435845641213108,0.0030854182361384,0.00382181304898545,0.00768297751534239,0.00388023617659634,0.0043512545673846,0.00552233980520699,0.002781450871682,0.00653431090719118
0.00290440536036935,0.00087647238430159,0.00570267954010216,0.00716374298913432,0.0069848222680809,0.00170810575973514,0.00308062709334252,0.00648159305031872,0.00903348421017102,0.00856260482577653,0.00265754663609413,0.00435838680706792,0.00308466783273494,0.00381625991608559,0.00767635880493833,0.00388013672037129,0.00434610786977359,0.00552956609604272,0.00278113114395858,0.00654279838860075
0.00290613179755983,0.000875916977289476,0.00569885802697423,0.00715920098689349,0.00697341550135213,0.00170461575261917,0.00307514362953388,0.00647921471614518,0.00903241272359375,0.00854873051075577,0.00265746026808326,0.00435867555495218,0.00308115104257629,0.00381157599335703,0.00767199021417531,0.00387886718224216,0.00434666426884643,0.0055256035160233,0.00278042243131443,0.00654515315293218
0.00290686281936121,0.000876143085687109,0.00570476814169394,0.00716675827202005,0.00698672210641864,0.00171131356559569,0.00308001763272604,0.00648480143136559,0.00903159869364625,0.00856181700056621,0.00265605591307238,0.00435716348902795,0.00308409095897968,0.00382028362286021,0.00767405060110185,0.00387903431162878,0.00434834842118433,0.00552659979609305,0.00278048294393568,0.00654733195429881
0.00290238334685633,0.000875744679403989,0.00570340133774836,0.00716023658425647,0.00697587182224629,0.00170505662878651,0.00307989211544572,0.00647589904140796,0.00902823793744118,0.00855683894281638,0.00265730661080213,0.00435680679004886,0.00308340888336893,0.00381500227944167,0.00767182695971465,0.00387842426669025,0.00434598318995424,0.00552598932446098,0.0027821872994514,0.00653857257278392
0.00290137683272625,0.000875897723190287,0.00570036647907378,0.0071612453195285,0.00698064264169548,0.00170522582442481,0.00307850032166884,0.00647462489825362,0.00902865198469919,0.00856035730446501,0.0026572190367154,0.00435583445085126,0.00308309974798372,0.0038171061318235,0.00766942973541475,0.00387805361801857,0.00435005918625039,0.0055230966060398,0.00277869862625288,0.00653964575893429
0.00290672432858121,0.000876289568856196,0.00570316665846137,0.00717030242636332,0.0069808710728564,0.00170526249640819,0.00307780384443234,0.00648146815679356,0.00902960430850796,0.00856282939725997,0.00265499833466727,0.00436439601153171,0.00308394275364843,0.00381583605547587,0.00767659356256341,0.00388186588592734,0.00434459545704196,0.00551924324279042,0.0027806623690738,0.00654249673752254
0.00290492624378688,0.00087590757796392,0.00569977037479052,0.00716389488677002,0.00697956552368486,0.00170392226504085,0.00307609394559569,0.00647338443499058,0.00902471470048134,0.00855809956623056,0.00265280850507677,0.00435405586889831,0.00308200266615446,0.00381494699789686,0.00768029752864291,0.00388109177469603,0.00434276500278187,0.00552125642700024,0.00277942691814098,0.00653834482841715
0.00290335928676018,0.000876033983955683,0.00570311159108256,0.00716227182256153,0.00697790121445793,0.00170467774673139,0.00308120335215306,0.00647860794719239,0.00903062514302937,0.00856096616867656,0.00265734748729098,0.00435987631280283,0.00308316149582271,0.00381588432324081,0.00767493980502677,0.00387766933201211,0.00434697313866883,0.00552618220820994,0.0027802154161884,0.00654242771060765
0.00290130219005529,0.000875325555067441,0.00569958103694333,0.00715873130249143,0.00697342683485146,0.00170259206612627,0.00307548910662553,0.00647442254906869,0.00902065278540007,0.00855327390852515,0.00265400872406066,0.00435218654605572,0.00308206146893024,0.00381290797789879,0.00766878907227503,0.00387599365367952,0.00434225106220107,0.00551625824716604,0.00277878424994641,0.0065354221905832
0.00290945182166872,0.000876118824406774,0.00570512586880168,0.00716869730728566,0.0069840316567397,0.00170683041547783,0.00307766494898115,0.00647690951686575,0.00903460613916394,0.00856078346894313,0.00265595940789984,0.00435866233110638,0.00308463511693435,0.0038225368776675,0.00769077760565768,0.00388327939331788,0.0043450525361813,0.00552094949489591,0.00278215423064397,0.00654040130369515
0.00290239258991801,0.000875104947989224,0.00569750024180346,0.007157826114987,0.00697254637926129,0.00170240193691587,0.00307504160166808,0.00647279236181123,0.00903082071738784,0.00855749072059629,0.00265581669308634,0.00435244322114615,0.00308308863038035,0.00381368311064966,0.00766790781208601,0.00387844601620006,0.00434001432122081,0.00551491007931314,0.0027764395477401,0.00653349320426587
0.00290544556095688,0.000876367008933323,0.00570481473072386,0.0071665816361429,0.00698286834304843,0.00170573706460262,0.00307977979460232,0.00647766764110039,0.00903699998399671,0.00856070951527068,0.00265725073276865,0.0043581492291271,0.0030839370869902,0.00381790472287327,0.0076759411305644,0.00387900130223169,0.00434869059804697,0.00553040435377454,0.00278256081583865,0.00654270126081557
0.00290568525339482,0.000876159878548252,0.00570527209639131,0.00716821917925644,0.00698096678261049,0.00170521735571597,0.00308427722621512,0.00647898835191683,0.0090329802250058,0.00857075541595071,0.00265835853148551,0.00436018213316423,0.00308486536059708,0.0038180671210043,0.00767626014259216,0.0038802020946712,0.0043471757464078,0.00552563912775144,0.00278356166194574,0.00654557274410141
0.00290573748579041,0.000875764322088367,0.00570207431643199,0.00716690442023517,0.00697995388772549,0.00171021957375555,0.00308028372486457,0.00647737372468608,0.00904410320150448,0.00856100828873464,0.00266394981748806,0.00436084247896846,0.00308163212503459,0.00382986386073989,0.00766975875813956,0.00389775760075041,0.00434166109665617,0.00551981119784576,0.00279212449929762,0.00653326924869574
0.00290635495246369,0.000875868916410168,0.00570060329760668,0.00716073270310904,0.00697726537637407,0.00170507929069274,0.00307987100307412,0.00647344120554458,0.00902730426003072,0.00856086253102193,0.00265737577198463,0.00436181650858788,0.00308237793494537,0.00381628993580683,0.00767274348576786,0.00387672505096382,0.00434224787427812,0.00551964147643786,0.00278164027836183,0.00654706081579805
0.00290341348834519,0.000875432420380877,0.00569628297841669,0.00716198699090079,0.00696929619446049,0.00170329435678287,0.00308041143004382,0.006475352644164,0.00902069352679115,0.00855657876494392,0.00265690986831982,0.0043559865665785,0.0030829169758777,0.00381431959981224,0.00767158493273211,0.00388135358588516,0.00434199566394432,0.00552006646968868,0.00278018065776892,0.00654576829997248
0.00290649688197984,0.000876388278925458,0.0057061044343109,0.0071690456459967,0.00698198718725667,0.00170675422748706,0.00308041325144,0.00648104185454755,0.00904825914123916,0.00856986334610425,0.00266936272415889,0.00436469957675113,0.00308791152700178,0.00381792596050083,0.00768563637819991,0.00387984024831759,0.00435201650930167,0.00552457351332114,0.00278428890579212,0.00654468627481365
0.00290983551199406,0.00087655240167123,0.00570734189315257,0.00716831406591442,0.00698526157404314,0.00170757139253165,0.0030785711310536,0.00648205822516368,0.00904622407122229,0.00856637080517807,0.00265661412598557,0.00435981554635462,0.00308561621027027,0.00381852467406677,0.0076922877470769,0.00388067905772161,0.00435318056680156,0.00552239560430239,0.00278170986889347,0.00654561474951982
0.00290289145539606,0.000875334132619468,0.00569737158311056,0.00715912884135311,0.00697137733404003,0.00170404246791477,0.00307925928274607,0.00646993715286891,0.00904294848284514,0.00856505265936556,0.00265384465816044,0.00435796324153605,0.00308348256705572,0.00381634776035802,0.00767364780762543,0.00387564607830731,0.00434056078033731,0.00551695002773367,0.00278038342696816,0.00654409465583183
0.00290685388350496,0.000876454388451672,0.00570449565798617,0.00716789158635779,0.00698209329854915,0.00170390283478357,0.00308041667551908,0.0064804506214472,0.00904021837387277,0.00856623654622173,0.002656609040218,0.00435904491282219,0.00308664528207716,0.00381850818824595,0.00768426751717416,0.00388056881981742,0.00434671960581352,0.00552397718058943,0.00278123998487074,0.00654370370653756
0.00290334503234132,0.000876019407457567,0.00570292513322295,0.00716434217622056,0.00697736596162948,0.00170472266571092,0.0030800763997299,0.00647913201321031,0.00903096218320235,0.00855960420684729,0.00265707595318484,0.0043565928363237,0.00308352419403568,0.00381514982748456,0.00767498108671181,0.00387705368910279,0.00434401812849206,0.00552716109995029,0.00278132462285047,0.0065424021659892
0.00290108809199287,0.000875954913390852,0.00569898246637792,0.00715707360957126,0.00697312371965297,0.00170339253681784,0.00307740313739406,0.00647176722259312,0.0090178268841565,0.0085525581993046,0.00265497915660971,0.00435672146069542,0.00307977449129906,0.00381475527224832,0.00766687655906551,0.00387656782689801,0.00434523082669463,0.00552267747619017,0.00277763539501664,0.00653526432268286
0.00290009519802252,0.000875289539023752,0.00570064399477456,0.00716088416837161,0.00697725244535312,0.00170290805227827,0.00307689109956725,0.00647207725120811,0.00902382296749187,0.00855188951602052,0.00265172430946844,0.00435367114675274,0.00308082326698239,0.00381273694815332,0.00766613720517529,0.00387426368360697,0.00433961799758013,0.00551582837240546,0.00277813561432106,0.00653617801783963
0.00290498545229787,0.000875910687350012,0.00570286995700525,0.00716814188095192,0.00698216850329369,0.00170445284545291,0.00307767591016717,0.00648308427504006,0.00903365506819718,0.0085610846580233,0.00265559904785694,0.00435651875053486,0.00309366687718911,0.00381870843950229,0.00767333550329235,0.00387784382989121,0.00434416317690544,0.00551813026495677,0.0027787338789205,0.00654635592896548
